objval : 0.411055181902462
exactobjval : 
intviol : 0
consviol : 9.999999999999999e-12
objviol : 3.860069029046499e-17
date : 2019-12-09
submitter : "Hans Mittelmann"
description : |
   
