objval : 4.82363678923133
exactobjval : 0.4823636789231326e1
intviol : 0
consviol : 0
objviol : 4e-15
date : 2018-10-12
submitter : "-"
description : |
  Solution found during MIPLIB2017 problem selection.
