objval : 11689
exactobjval : 0.11689e5
intviol : 0
consviol : 3.12638803734444e-13
objviol : 0
date : 2018-10-13
submitter : "-"
description : |
  Solution imported from MIPLIB2010.
