objval : 634081.4112039516
exactobjval : 634081.41120395175266821752302349
intviol : 0
consviol : 9.646119536746809e-14
objviol : 4.8996e-11
date : 2020-03-08
submitter : " Hans Mittelmann"
description : |
  
