objval : 19123543.18905693
exactobjval : 0.191235431890569e8
intviol : 3.710246924507934e-11
consviol : 9.804608934999275e-10
objviol : 5.060265832048502e-09
date : 2018-10-12
submitter : "-"
description : |
  Solution found during MIPLIB2017 problem selection.
