objval : 24.16319444
exactobjval : 0.241631944445e2
intviol : 0
consviol : 0
objviol : 4.5e-09
date : 2018-10-11
submitter : "-"
description : |
  Solution found during MIPLIB2017 problem selection.
