objval : -2508.404144
exactobjval : -0.2508404143999999991662e4
intviol : 0
consviol : 0
objviol : 8.337999999999999e-15
date : 2018-10-12
submitter : "-"
description : |
  Solution found during MIPLIB2017 problem selection.
