objval : -39280521.22816569
exactobjval : -0.392805212281657129926e8
intviol : 0
consviol : 0
objviol : 1.29926e-08
date : 2018-10-12
submitter : "-"
description : |
  Solution imported from MIPLIB2010.
