objval : 24544.25
exactobjval : 0.2454425e5
intviol : 1.13686837721616e-13
consviol : 4.092726157978306e-12
objviol : 3.591002763633659e-12
date : 2018-10-11
submitter : "-"
description : |
  Solution found during MIPLIB2017 problem selection.
