objval : 665.571428571428
exactobjval : 0.66557142857142857142857142857143e3
intviol : 0
consviol : 2.38e-11
objviol : 0
date : 2020-04-16
submitter : " Yuji Shinano"
description : |
   Generated by ParaSCIP in 2014
