objval : 159462.572721458
exactobjval : 0.15946257272145712580700762098221e6
intviol : 0
consviol : 2e-10
objviol : 0
date : 2018-10-12
submitter : "-"
description : |
  Solution imported from MIPLIB2010.
