objval : 4025.023580799999
exactobjval : 0.40250235808e4
intviol : 0
consviol : 6.999999999999999e-13
objviol : 0
date : 2018-10-12
submitter : "-"
description : |
  Solution imported from MIPLIB2010.
