objval : 72.30862035707088
exactobjval : 
intviol : 0
consviol : 2.963352017627438e-07
objviol : 7.8045346196e-15
date : 2020-01-09
submitter : "Hans Mittelmann"
description : |
   
