objval : 162.801000588
exactobjval : 0.162801000588e3
intviol : 0
consviol : 0
objviol : 0
date : 2018-10-11
submitter : "-"
description : |
  Solution found during MIPLIB2017 problem selection.
