objval : 22.73999999999999
exactobjval : 0.2274e2
intviol : 0
consviol : 3e-15
objviol : 1.56319402e-15
date : 2018-10-11
submitter : "-"
description : |
  Solution found during MIPLIB2017 problem selection.
