objval : 4.792499599999999
exactobjval : 0.47924996e1
intviol : 0
consviol : 0
objviol : 0
date : 2018-10-15
submitter : "-"
description : |
  Solution found during MIPLIB2017 problem selection.
