objval : -517792519.4177459
exactobjval : -0.517792519417745498622e9
intviol : 0
consviol : 0
objviol : 5.013779999999999e-07
date : 2018-10-15
submitter : "-"
description : |
  Solution imported from MIPLIB2010.
