objval : 2008.199999999999
exactobjval : 0.20082e4
intviol : 5e-13
consviol : 1.2e-12
objviol : 1e-12
date : 2018-10-15
submitter : "-"
description : |
  Solution found during MIPLIB2017 problem selection.
