objval : 61910283.68794999
exactobjval : 0.6191028368795e8
intviol : 0
consviol : 0
objviol : 0
date : 2018-10-16
submitter : "-"
description : |
  Solution found during MIPLIB2017 problem selection.
