objval : 4491.447584
exactobjval : 0.4491447584e4
intviol : 0
consviol : 0
objviol : 0
date : 2018-10-11
submitter : "-"
description : |
  Solution imported from MIPLIB2010.
