objval : -11170211.7336378
exactobjval : -0.11170211733637776e8
intviol : 0
consviol : 2.389696919517446e-08
objviol : 0
date : 2018-10-12
submitter : "-"
description : |
  Solution imported from MIPLIB2010.
