objval : 57.99999999999999
exactobjval : 0.58e2
intviol : 4e-15
consviol : 3.799999999999999e-15
objviol : 4.999999999999999e-16
date : 2018-10-12
submitter : "-"
description : |
  Solution found during MIPLIB2017 problem selection.
