objval : -566395707.9
exactobjval : -0.56639570787083005252e9
intviol : 0
consviol : 0
objviol : 0.02916994748
date : 2018-10-11
submitter : "-"
description : |
  Solution found during MIPLIB2017 problem selection.
