objval : 161330
exactobjval : 0.16133e6
intviol : 2e-14
consviol : 2e-14
objviol : 1.75768e-10
date : 2020-04-16
submitter : " Yuji Shinano"
description : |
   Generated by ParaSCIP in 2014
