objval : 556
exactobjval : 0.556e3
intviol : 0
consviol : 3.599999999999999e-15
objviol : 3.599999999999999e-15
date : 2018-10-15
submitter : "-"
description : |
  Solution found during MIPLIB2017 problem selection.
