objval : 19635558.2440198
exactobjval : 0.196355582440195e8
intviol : 0
consviol : 1.71e-11
objviol : 2.99981927039203e-07
date : 2018-10-13
submitter : "-"
description : |
  Solution imported from MIPLIB2010.
