objval : 185179.043049708
exactobjval : 0.18517904304970842936090234620885e6
intviol : 0
consviol : 6e-10
objviol : 0
date : 2018-10-12
submitter : "-"
description : |
  Solution imported from MIPLIB2010.
