objval : -4606.679609999999
exactobjval : -0.46066796098376e4
intviol : 0
consviol : 0
objviol : 1.624e-07
date : 2018-10-10
submitter : "-"
description : |
  Solution found during MIPLIB2017 problem selection.
