objval : 185509.733224132
exactobjval : 0.18550973323308517868925228092173e6
intviol : 0
consviol : 4.32085154664885e-07
objviol : 2.68426313647e-10
date : 2020-04-16
submitter : " Yuji Shinano"
description : |
   Generated by ParaSCIP in 2014
