objval : -4783.733391999999
exactobjval : -0.47837333916e4
intviol : 0
consviol : 0
objviol : 4e-07
date : 2018-10-10
submitter : "-"
description : |
  Solution found during MIPLIB2017 problem selection.
