objval : 21165.99999999978
exactobjval : 0.21166e5
intviol : 3.273980936830398e-12
consviol : 3.273980936830398e-12
objviol : 2.98e-13
date : 2018-10-11
submitter : "-"
description : |
  Solution found during MIPLIB2017 problem selection.
