objval : -566395707.8708301
exactobjval : -0.56639570787083005252e9
intviol : 0
consviol : 0
objviol : 4.748e-08
date : 2018-10-11
submitter : "-"
description : |
  Solution imported from MIPLIB2010.
