objval : 160.1671357657
exactobjval : 0.1601671357657264424e3
intviol : 0
consviol : 0
objviol : 2.64424e-11
date : 2018-10-11
submitter : "-"
description : |
  Solution found during MIPLIB2017 problem selection.
