objval : 14409
exactobjval : 0.14409e5
intviol : 0
consviol : 2.00017780116468e-12
objviol : 3.031077676127014e-12
date : 2018-10-13
submitter : "-"
description : |
  Solution imported from MIPLIB2010.
