objval : 3311.17998412251
exactobjval : 0.331117998412251428e4
intviol : 0
consviol : 0
objviol : 4.28e-12
date : 2018-10-10
submitter : "-"
description : |
  Solution imported from MIPLIB2010.
