objval : 0.02680000000000009
exactobjval : 0.268000000000001811e-1
intviol : 0
consviol : 1.76e-16
objviol : 2.2e-18
date : 2018-10-12
submitter : "-"
description : |
  Solution found during MIPLIB2017 problem selection.
