objval : 190
exactobjval : 0.19e3
intviol : 4.440892098500629e-16
consviol : 4.440892098500629e-16
objviol : 0
date : 2018-10-13
submitter : "-"
description : |
  Solution imported from MIPLIB2010.
