objval : 821
exactobjval : 0.821e3
intviol : 2.220446049250313e-16
consviol : 2.220446049250313e-14
objviol : 0
date : 2018-10-15
submitter : "-"
description : |
  Solution found during MIPLIB2017 problem selection.
