objval : 934.0079159999999
exactobjval : 0.81127899612280701754385964912281e3
intviol : 0
consviol : 0
objviol : 0
date : 2018-10-13
submitter : "-"
description : |
  Solution imported from MIPLIB2010.
