objval : 37871728.59000005
exactobjval : 0.3787172859e8
intviol : 1.7361111138e-06
consviol : 1.16064667e-08
objviol : 4.686623286630799e-10
date : 2018-10-11
submitter : "-"
description : |
  Solution found during MIPLIB2017 problem selection.
