objval : -284248.2307000001
exactobjval : -0.2842482307e6
intviol : 0
consviol : 0
objviol : 9.999999999999999e-11
date : 2018-10-10
submitter : "-"
description : |
  Solution found during MIPLIB2017 problem selection.
