objval : 565031773676.896
exactobjval : 0.5650317736768961e12
intviol : 0
consviol : 9.999999999999999e-10
objviol : 0.0001029300261392419
date : 2018-10-12
submitter : "-"
description : |
  Solution imported from MIPLIB2010.
