objval : 499258899.0000008
exactobjval : 0.499253949e9
intviol : 0
consviol : 1.048149e-09
objviol : 2.07589724e-08
date : 2020-04-22
submitter : " Edward Rothberg"
description : |
   Obtained with the Gurobi solution improvement heuristic
