objval : 0.0382197630000001
exactobjval : 0.38219763e-1
intviol : 0
consviol : 1.22e-16
objviol : 9.609178499999999e-19
date : 2018-10-15
submitter : "-"
description : |
  Solution found during MIPLIB2017 problem selection.
