objval : 2361.45419519
exactobjval : 0.23614541951916e4
intviol : 0
consviol : 0
objviol : 1.6e-09
date : 2018-10-10
submitter : "-"
description : |
  Solution found during MIPLIB2017 problem selection.
