objval : -10615.319815
exactobjval : -0.106153198149999999432742e5
intviol : 0
consviol : 0
objviol : 2.9432742e-12
date : 2020-03-03
submitter : "Edward Rothberg"
description : |
   Obtained with the Gurobi 9.0 solution improvement heuristic
