objval : 880.9201079999999
exactobjval : 0.80337388832975940051245291571264e3
intviol : 0
consviol : 0
objviol : 0
date : 2018-10-12
submitter : "-"
description : |
  Solution imported from MIPLIB2010.
