objval : 6996841097.99778
exactobjval : 0.69968410979978e10
intviol : 0
consviol : 0
objviol : 2e-05
date : 2018-10-11
submitter : "-"
description : |
  Solution found during MIPLIB2017 problem selection.
