objval : -10617.615402
exactobjval : -0.106176154019999999498462e5
intviol : 0
consviol : 0
objviol : 3.949846199999999e-12
date : 2020-05-15
submitter : "Edward Rothberg"
description : |
   Obtained with the Gurobi solution improvement heuristic
