objval : 7396.261800004036
exactobjval : 0.73962618e4
intviol : 1.49125156667651e-10
consviol : 2.000888343900442e-09
objviol : 1.418886356702542e-12
date : 2018-10-12
submitter : "-"
description : |
  Solution found during MIPLIB2017 problem selection.
