objval : 544045.0657848
exactobjval : 0.5440450657848e6
intviol : 0
consviol : 0
objviol : 0
date : 2018-10-11
submitter : "-"
description : |
  Solution found during MIPLIB2017 problem selection.
