objval : -5018.006238
exactobjval : -0.5018006238000000006879e4
intviol : 0
consviol : 0
objviol : 6.879e-15
date : 2018-10-13
submitter : "-"
description : |
  Solution found during MIPLIB2017 problem selection.
