objval : -0.1697235270583
exactobjval : -0.16972352705830059e0
intviol : 0
consviol : 0
objviol : 5.899999999999999e-16
date : 2018-10-13
submitter : "-"
description : |
  Solution found during MIPLIB2017 problem selection.
