objval : -16.00000000000012
exactobjval : -0.16e2
intviol : 9.999999999999999e-16
consviol : 1.218e-13
objviol : 0
date : 2018-10-11
submitter : "-"
description : |
  Solution found during MIPLIB2017 problem selection.
