objval : 764771.99999978
exactobjval : 0.76477199999977998105219999990526e6
intviol : 0
consviol : 5e-14
objviol : 3.589233333339999e-11
date : 2018-10-13
submitter : "-"
description : |
  Solution imported from MIPLIB2010.
