objval : 628920
exactobjval : 0.62892e6
intviol : 0
consviol : 5.402999999999999e-13
objviol : 0
date : 2018-10-11
submitter : "-"
description : |
  Solution found during MIPLIB2017 problem selection.
