objval : 1109.554
exactobjval : 0.1109554000000000004946e4
intviol : 0
consviol : 1.102548369716955e-11
objviol : 0
date : 2020-06-11
submitter : "Edward Rothberg"
description : |
   Obtained with the Gurobi 9.0 solution improvement heuristic
