objval : 19839497.0058743
exactobjval : 0.1983949700587430255e8
intviol : 0
consviol : 1.00000008274037e-09
objviol : 2.55e-09
date : 2018-10-12
submitter : "-"
description : |
  Solution imported from MIPLIB2010.
