cols;rows;colsPerRow;equalities;nzEqualities;percEqualities;percNzEqualities;inequalities;nzInequalities;nz;density;bin;genInt;integer;continuous;percInteger;percBin;nUnbounded1;percUnbounded1;nUnbounded2;percUnbounded2;rPartitioning;rPercPartitioning;rPacking;rPercPacking;rPartPacking;rPercRowsPartPacking;rCovering;rPercCovering;rCardinality;rPercCardinality;rKnapsack;rPercKnapsack;rIntegerKnapsack;rPercIntegerKnapsack;rInvKnapsack;rPercInvKnapsack;rSingleton;rPercSingleton;rAggre;rPercAggre;rPrec;rPercPrec;rVarBnd;rPercVarBnd;rBinPacking;rPercBinPacking;rMixedBin;rPercMixedBin;rGenInt;rPercGenInt;rFlowBin;rPercFlowBin;rFlowMx;rPercFlowMx;rNzRowsPartitioning;rNzPercRowsPartitioning;rNzRowsPacking;rNzPercRowsPacking;rNzrowsPartPacking;rNzpercRowsPartPacking;rNzRowsCovering;rNzPercRowsCovering;rNzRowsCardinality;rNzPercRowsCardinality;rNzRowsKnapsack;rNzPercRowsKnapsack;rNzRowsIntegerKnapsack;rNzPercRowsIntegerKnapsack;rNzRowsInvKnapsack;rNzPercRowsInvKnapsack;rNzRowsSingleton;rNzPercRowsSingleton;rNzRowsAggr;rNzPercRowsAggr;rNzRowsPrec;rNzPercRowsPrec;rNzRowsVarBnd;rNzPercRowsVarBnd;rNzRowsBinPacking;rNzPercRowsBinPacking;rNzRowsMixedBin;rNzPercRowsMixedBin;rNzRowsGenInt;rNzPercRowsGenInt;rNzRowsFlowBin;rNzPercRowsFlowBin;rNzRowsFlowMx;rNzPercRowsFlowMx;aMin;aMax;aAvg;aStdDev;aRatioLSA;aAllInt;aPercInt;aDiffVal;anShortInts;apercShortInts;objMin;objMax;objAvg;objStdDev;objRatioLSA;objAllInt;objPercInt;objDiffVal;objnShortInts;objpercShortInts;rhsMin;rhsMax;rhsAvg;rhsStdDev;rhsRatioLSA;rhsAllInt;rhsPercInt;rhsDiffVal;rhsnShortInts;rhspercShortInts;rowNzMin;rowNzMax;rowNzAvg;rowNzStdDev;colNzMin;colNzMax;colNzAvg;colNzStdDev;rowsLess4Nz;rowsLess8Nz;rowsLess16Nz;rowsLess32Nz;rowsLess64Nz;rowsLess128Nz;rowsLess256Nz;rowsLess512Nz;rowsLess1024Nz;percRowsLess4Nz;percRowsLess8Nz;percRowsLess16Nz;percRowsLess32Nz;percRowsLess64Nz;percRowsLess128Nz;percRowsLess256Nz;percRowsLess512Nz;percRowsLess1024Nz;rowsLeast4Nz;rowsLeast8Nz;rowsLeast16Nz;rowsLeast32Nz;rowsLeast64Nz;rowsLeast128Nz;rowsLeast256Nz;rowsLeast512Nz;rowsLeast1024Nz;rowsLeast2048Nz;rowsLeast4096Nz;percRowsLeast4Nz;percRowsLeast8Nz;percRowsLeast16Nz;percRowsLeast32Nz;percRowsLeast64Nz;percRowsLeast128Nz;percRowsLeast256Nz;percRowsLeast512Nz;percRowsLeast1024Nz;percRowsLeast2048Nz;percRowsLeast4096Nz;colsLess4Nz;colsLess8Nz;colsLess16Nz;colsLess32Nz;colsLess64Nz;colsLess128Nz;colsLess256Nz;colsLess512Nz;colsLess1024Nz;percColsLess4Nz;percColsLess8Nz;percColsLess16Nz;percColsLess32Nz;percColsLess64Nz;percColsLess128Nz;percColsLess256Nz;percColsLess512Nz;percColsLess1024Nz;colsLeast4Nz;colsLeast8Nz;colsLeast16Nz;colsLeast32Nz;colsLeast64Nz;colsLeast128Nz;colsLeast256Nz;colsLeast512Nz;colsLeast1024Nz;colsLeast2048Nz;colsLeast4096Nz;percColsLeast4Nz;percColsLeast8Nz;perccolsLeast16Nz;perccolsLeast32Nz;perccolsLeast64Nz;perccolsLeast128Nz;perccolsLeast256Nz;perccolsLeast512Nz;perccolsLeast1024Nz;perccolsLeast2048Nz;perccolsLeast4096Nz;instance;relax_iteration;nonzeros;pct_nonzeros;unsatisfied_var;pct_unsatisfied_var;cut_type;n_variables_coef_nonzero;abs_minor_absolute_coef;minor_absolute_coef;abs_major_absolute_coef;major_absolute_coef;abs_ratio_minor_major_coef;abs_rhs;rhs;sense;diff;label
31762.0;12047.0;2.636507014194405;0.0;0.0;0.0;0.0;12047.0;180618.0;180618.0;0.04720350823326686;27982.0;0.0;27982.0;3780.0;88.0989862099364;88.0989862099364;3780.0;11.9010137900636;0.0;0.0;0.0;0.0;5075.0;42.1266705403835;0.0;0.0;0.0;0.0;0.0;0.0;0.0;0.0;0.0;0.0;55.0;0.4565451979745995;0.0;0.0;0.0;0.0;0.0;0.0;0.0;0.0;0.0;0.0;3243.0;26.919565036938657;0.0;0.0;0.0;0.0;0.0;0.0;0.0;0.0;137527.0;76.14246642084399;137527.0;76.14246642084399;0.0;0.0;0.0;0.0;0.0;0.0;0.0;0.0;760.0;0.4207775526248768;0.0;0.0;0.0;0.0;0.0;0.0;0.0;0.0;0.0;0.0;34983.0;19.368501478257983;0.0;0.0;0.0;0.0;0.0;0.0;-1.0;1.0;0.9249022799499497;0.38020490862610556;1.0;0.0;3.7548860025025195;2.0;6782.0;3.7548860025025195;-1.0;1000.0;20.69951514388263;139.31092283530572;1000.0;0.0;5.783640828663182;3.0;1837.0;5.783640828663182;0.0;14.0;1.2471154644309788;1.1923547047933125;14.0;0.0;0.0;13.0;0.0;0.0;2.0;120.0;14.99277828505022;19.602610459409274;0.0;11.0;0.0;6.046042095752652;4385.0;5334.0;8414.0;11035.0;11627.0;12047.0;12047.0;12047.0;12047.0;36.39910351124762;44.27658338175479;69.84311446833237;91.59956835726737;96.51365485183034;100.0;100.0;100.0;100.0;7690.0;6805.0;3633.0;1012.0;420.0;0.0;0.0;0.0;0.0;0.0;0.0;63.83331949863037;56.48709222212999;30.156885531667637;8.40043164273263;3.4863451481696686;0.0;0.0;0.0;0.0;0.0;0.0;3780.0;31034.0;31762.0;31762.0;31762.0;31762.0;31762.0;31762.0;31762.0;11.9010137900636;97.70795289969145;100.0;100.0;100.0;100.0;100.0;100.0;100.0;27982.0;3531.0;0.0;0.0;0.0;0.0;0.0;0.0;0.0;0.0;0.0;88.0989862099364;11.117058119765758;0.0;0.0;0.0;0.0;0.0;0.0;0.0;0.0;0.0;neos-933966;2;1631;0.051351;1601;0.057215;RED_SPLIT;14626;-10.641543720260898;10.641543720260898;19.31548613272699;19.31548613272699;0.5509332587923071;-541.5954175637469;541.5954175637469;<;-258.82495199643245;1
31762.0;12047.0;2.636507014194405;0.0;0.0;0.0;0.0;12047.0;180618.0;180618.0;0.04720350823326686;27982.0;0.0;27982.0;3780.0;88.0989862099364;88.0989862099364;3780.0;11.9010137900636;0.0;0.0;0.0;0.0;5075.0;42.1266705403835;0.0;0.0;0.0;0.0;0.0;0.0;0.0;0.0;0.0;0.0;55.0;0.4565451979745995;0.0;0.0;0.0;0.0;0.0;0.0;0.0;0.0;0.0;0.0;3243.0;26.919565036938657;0.0;0.0;0.0;0.0;0.0;0.0;0.0;0.0;137527.0;76.14246642084399;137527.0;76.14246642084399;0.0;0.0;0.0;0.0;0.0;0.0;0.0;0.0;760.0;0.4207775526248768;0.0;0.0;0.0;0.0;0.0;0.0;0.0;0.0;0.0;0.0;34983.0;19.368501478257983;0.0;0.0;0.0;0.0;0.0;0.0;-1.0;1.0;0.9249022799499497;0.38020490862610556;1.0;0.0;3.7548860025025195;2.0;6782.0;3.7548860025025195;-1.0;1000.0;20.69951514388263;139.31092283530572;1000.0;0.0;5.783640828663182;3.0;1837.0;5.783640828663182;0.0;14.0;1.2471154644309788;1.1923547047933125;14.0;0.0;0.0;13.0;0.0;0.0;2.0;120.0;14.99277828505022;19.602610459409274;0.0;11.0;0.0;6.046042095752652;4385.0;5334.0;8414.0;11035.0;11627.0;12047.0;12047.0;12047.0;12047.0;36.39910351124762;44.27658338175479;69.84311446833237;91.59956835726737;96.51365485183034;100.0;100.0;100.0;100.0;7690.0;6805.0;3633.0;1012.0;420.0;0.0;0.0;0.0;0.0;0.0;0.0;63.83331949863037;56.48709222212999;30.156885531667637;8.40043164273263;3.4863451481696686;0.0;0.0;0.0;0.0;0.0;0.0;3780.0;31034.0;31762.0;31762.0;31762.0;31762.0;31762.0;31762.0;31762.0;11.9010137900636;97.70795289969145;100.0;100.0;100.0;100.0;100.0;100.0;100.0;27982.0;3531.0;0.0;0.0;0.0;0.0;0.0;0.0;0.0;0.0;0.0;88.0989862099364;11.117058119765758;0.0;0.0;0.0;0.0;0.0;0.0;0.0;0.0;0.0;neos-933966;2;1631;0.051351;1601;0.057215;RED_SPLIT;16054;-9.487439461805577;9.487439461805577;16.53595628328045;16.53595628328045;0.5737460416122625;-552.5854074930211;552.5854074930211;<;-181.76272461507267;1
31762.0;12047.0;2.636507014194405;0.0;0.0;0.0;0.0;12047.0;180618.0;180618.0;0.04720350823326686;27982.0;0.0;27982.0;3780.0;88.0989862099364;88.0989862099364;3780.0;11.9010137900636;0.0;0.0;0.0;0.0;5075.0;42.1266705403835;0.0;0.0;0.0;0.0;0.0;0.0;0.0;0.0;0.0;0.0;55.0;0.4565451979745995;0.0;0.0;0.0;0.0;0.0;0.0;0.0;0.0;0.0;0.0;3243.0;26.919565036938657;0.0;0.0;0.0;0.0;0.0;0.0;0.0;0.0;137527.0;76.14246642084399;137527.0;76.14246642084399;0.0;0.0;0.0;0.0;0.0;0.0;0.0;0.0;760.0;0.4207775526248768;0.0;0.0;0.0;0.0;0.0;0.0;0.0;0.0;0.0;0.0;34983.0;19.368501478257983;0.0;0.0;0.0;0.0;0.0;0.0;-1.0;1.0;0.9249022799499497;0.38020490862610556;1.0;0.0;3.7548860025025195;2.0;6782.0;3.7548860025025195;-1.0;1000.0;20.69951514388263;139.31092283530572;1000.0;0.0;5.783640828663182;3.0;1837.0;5.783640828663182;0.0;14.0;1.2471154644309788;1.1923547047933125;14.0;0.0;0.0;13.0;0.0;0.0;2.0;120.0;14.99277828505022;19.602610459409274;0.0;11.0;0.0;6.046042095752652;4385.0;5334.0;8414.0;11035.0;11627.0;12047.0;12047.0;12047.0;12047.0;36.39910351124762;44.27658338175479;69.84311446833237;91.59956835726737;96.51365485183034;100.0;100.0;100.0;100.0;7690.0;6805.0;3633.0;1012.0;420.0;0.0;0.0;0.0;0.0;0.0;0.0;63.83331949863037;56.48709222212999;30.156885531667637;8.40043164273263;3.4863451481696686;0.0;0.0;0.0;0.0;0.0;0.0;3780.0;31034.0;31762.0;31762.0;31762.0;31762.0;31762.0;31762.0;31762.0;11.9010137900636;97.70795289969145;100.0;100.0;100.0;100.0;100.0;100.0;100.0;27982.0;3531.0;0.0;0.0;0.0;0.0;0.0;0.0;0.0;0.0;0.0;88.0989862099364;11.117058119765758;0.0;0.0;0.0;0.0;0.0;0.0;0.0;0.0;0.0;neos-933966;2;1631;0.051351;1601;0.057215;RED_SPLIT;17830;-7.590933372164251;7.590933372164251;11.011021267293666;11.011021267293666;0.6893941250219728;-442.79510384721414;442.79510384721414;<;-151.40170460753546;1
31762.0;12047.0;2.636507014194405;0.0;0.0;0.0;0.0;12047.0;180618.0;180618.0;0.04720350823326686;27982.0;0.0;27982.0;3780.0;88.0989862099364;88.0989862099364;3780.0;11.9010137900636;0.0;0.0;0.0;0.0;5075.0;42.1266705403835;0.0;0.0;0.0;0.0;0.0;0.0;0.0;0.0;0.0;0.0;55.0;0.4565451979745995;0.0;0.0;0.0;0.0;0.0;0.0;0.0;0.0;0.0;0.0;3243.0;26.919565036938657;0.0;0.0;0.0;0.0;0.0;0.0;0.0;0.0;137527.0;76.14246642084399;137527.0;76.14246642084399;0.0;0.0;0.0;0.0;0.0;0.0;0.0;0.0;760.0;0.4207775526248768;0.0;0.0;0.0;0.0;0.0;0.0;0.0;0.0;0.0;0.0;34983.0;19.368501478257983;0.0;0.0;0.0;0.0;0.0;0.0;-1.0;1.0;0.9249022799499497;0.38020490862610556;1.0;0.0;3.7548860025025195;2.0;6782.0;3.7548860025025195;-1.0;1000.0;20.69951514388263;139.31092283530572;1000.0;0.0;5.783640828663182;3.0;1837.0;5.783640828663182;0.0;14.0;1.2471154644309788;1.1923547047933125;14.0;0.0;0.0;13.0;0.0;0.0;2.0;120.0;14.99277828505022;19.602610459409274;0.0;11.0;0.0;6.046042095752652;4385.0;5334.0;8414.0;11035.0;11627.0;12047.0;12047.0;12047.0;12047.0;36.39910351124762;44.27658338175479;69.84311446833237;91.59956835726737;96.51365485183034;100.0;100.0;100.0;100.0;7690.0;6805.0;3633.0;1012.0;420.0;0.0;0.0;0.0;0.0;0.0;0.0;63.83331949863037;56.48709222212999;30.156885531667637;8.40043164273263;3.4863451481696686;0.0;0.0;0.0;0.0;0.0;0.0;3780.0;31034.0;31762.0;31762.0;31762.0;31762.0;31762.0;31762.0;31762.0;11.9010137900636;97.70795289969145;100.0;100.0;100.0;100.0;100.0;100.0;100.0;27982.0;3531.0;0.0;0.0;0.0;0.0;0.0;0.0;0.0;0.0;0.0;88.0989862099364;11.117058119765758;0.0;0.0;0.0;0.0;0.0;0.0;0.0;0.0;0.0;neos-933966;2;1631;0.051351;1601;0.057215;RED_SPLIT;20901;-25.95417299788676;25.95417299788676;37.63324819755624;37.63324819755624;0.6896607186719568;-1441.9548706025437;1441.9548706025437;<;-345.45201867794776;1
31762.0;12047.0;2.636507014194405;0.0;0.0;0.0;0.0;12047.0;180618.0;180618.0;0.04720350823326686;27982.0;0.0;27982.0;3780.0;88.0989862099364;88.0989862099364;3780.0;11.9010137900636;0.0;0.0;0.0;0.0;5075.0;42.1266705403835;0.0;0.0;0.0;0.0;0.0;0.0;0.0;0.0;0.0;0.0;55.0;0.4565451979745995;0.0;0.0;0.0;0.0;0.0;0.0;0.0;0.0;0.0;0.0;3243.0;26.919565036938657;0.0;0.0;0.0;0.0;0.0;0.0;0.0;0.0;137527.0;76.14246642084399;137527.0;76.14246642084399;0.0;0.0;0.0;0.0;0.0;0.0;0.0;0.0;760.0;0.4207775526248768;0.0;0.0;0.0;0.0;0.0;0.0;0.0;0.0;0.0;0.0;34983.0;19.368501478257983;0.0;0.0;0.0;0.0;0.0;0.0;-1.0;1.0;0.9249022799499497;0.38020490862610556;1.0;0.0;3.7548860025025195;2.0;6782.0;3.7548860025025195;-1.0;1000.0;20.69951514388263;139.31092283530572;1000.0;0.0;5.783640828663182;3.0;1837.0;5.783640828663182;0.0;14.0;1.2471154644309788;1.1923547047933125;14.0;0.0;0.0;13.0;0.0;0.0;2.0;120.0;14.99277828505022;19.602610459409274;0.0;11.0;0.0;6.046042095752652;4385.0;5334.0;8414.0;11035.0;11627.0;12047.0;12047.0;12047.0;12047.0;36.39910351124762;44.27658338175479;69.84311446833237;91.59956835726737;96.51365485183034;100.0;100.0;100.0;100.0;7690.0;6805.0;3633.0;1012.0;420.0;0.0;0.0;0.0;0.0;0.0;0.0;63.83331949863037;56.48709222212999;30.156885531667637;8.40043164273263;3.4863451481696686;0.0;0.0;0.0;0.0;0.0;0.0;3780.0;31034.0;31762.0;31762.0;31762.0;31762.0;31762.0;31762.0;31762.0;11.9010137900636;97.70795289969145;100.0;100.0;100.0;100.0;100.0;100.0;100.0;27982.0;3531.0;0.0;0.0;0.0;0.0;0.0;0.0;0.0;0.0;0.0;88.0989862099364;11.117058119765758;0.0;0.0;0.0;0.0;0.0;0.0;0.0;0.0;0.0;neos-933966;2;1631;0.051351;1601;0.057215;RED_SPLIT;17221;-8.09656304560058;8.09656304560058;13.127757570003183;13.127757570003183;0.6167514141258337;-589.6807039608237;589.6807039608237;<;-174.62423518867064;1
31762.0;12047.0;2.636507014194405;0.0;0.0;0.0;0.0;12047.0;180618.0;180618.0;0.04720350823326686;27982.0;0.0;27982.0;3780.0;88.0989862099364;88.0989862099364;3780.0;11.9010137900636;0.0;0.0;0.0;0.0;5075.0;42.1266705403835;0.0;0.0;0.0;0.0;0.0;0.0;0.0;0.0;0.0;0.0;55.0;0.4565451979745995;0.0;0.0;0.0;0.0;0.0;0.0;0.0;0.0;0.0;0.0;3243.0;26.919565036938657;0.0;0.0;0.0;0.0;0.0;0.0;0.0;0.0;137527.0;76.14246642084399;137527.0;76.14246642084399;0.0;0.0;0.0;0.0;0.0;0.0;0.0;0.0;760.0;0.4207775526248768;0.0;0.0;0.0;0.0;0.0;0.0;0.0;0.0;0.0;0.0;34983.0;19.368501478257983;0.0;0.0;0.0;0.0;0.0;0.0;-1.0;1.0;0.9249022799499497;0.38020490862610556;1.0;0.0;3.7548860025025195;2.0;6782.0;3.7548860025025195;-1.0;1000.0;20.69951514388263;139.31092283530572;1000.0;0.0;5.783640828663182;3.0;1837.0;5.783640828663182;0.0;14.0;1.2471154644309788;1.1923547047933125;14.0;0.0;0.0;13.0;0.0;0.0;2.0;120.0;14.99277828505022;19.602610459409274;0.0;11.0;0.0;6.046042095752652;4385.0;5334.0;8414.0;11035.0;11627.0;12047.0;12047.0;12047.0;12047.0;36.39910351124762;44.27658338175479;69.84311446833237;91.59956835726737;96.51365485183034;100.0;100.0;100.0;100.0;7690.0;6805.0;3633.0;1012.0;420.0;0.0;0.0;0.0;0.0;0.0;0.0;63.83331949863037;56.48709222212999;30.156885531667637;8.40043164273263;3.4863451481696686;0.0;0.0;0.0;0.0;0.0;0.0;3780.0;31034.0;31762.0;31762.0;31762.0;31762.0;31762.0;31762.0;31762.0;11.9010137900636;97.70795289969145;100.0;100.0;100.0;100.0;100.0;100.0;100.0;27982.0;3531.0;0.0;0.0;0.0;0.0;0.0;0.0;0.0;0.0;0.0;88.0989862099364;11.117058119765758;0.0;0.0;0.0;0.0;0.0;0.0;0.0;0.0;0.0;neos-933966;2;1631;0.051351;1601;0.057215;RED_SPLIT;19691;-8.949342473113862;8.949342473113862;14.009060937225094;14.009060937225094;0.6388252940875951;-608.5260261307941;608.5260261307941;<;-200.3061208886853;1
31762.0;12047.0;2.636507014194405;0.0;0.0;0.0;0.0;12047.0;180618.0;180618.0;0.04720350823326686;27982.0;0.0;27982.0;3780.0;88.0989862099364;88.0989862099364;3780.0;11.9010137900636;0.0;0.0;0.0;0.0;5075.0;42.1266705403835;0.0;0.0;0.0;0.0;0.0;0.0;0.0;0.0;0.0;0.0;55.0;0.4565451979745995;0.0;0.0;0.0;0.0;0.0;0.0;0.0;0.0;0.0;0.0;3243.0;26.919565036938657;0.0;0.0;0.0;0.0;0.0;0.0;0.0;0.0;137527.0;76.14246642084399;137527.0;76.14246642084399;0.0;0.0;0.0;0.0;0.0;0.0;0.0;0.0;760.0;0.4207775526248768;0.0;0.0;0.0;0.0;0.0;0.0;0.0;0.0;0.0;0.0;34983.0;19.368501478257983;0.0;0.0;0.0;0.0;0.0;0.0;-1.0;1.0;0.9249022799499497;0.38020490862610556;1.0;0.0;3.7548860025025195;2.0;6782.0;3.7548860025025195;-1.0;1000.0;20.69951514388263;139.31092283530572;1000.0;0.0;5.783640828663182;3.0;1837.0;5.783640828663182;0.0;14.0;1.2471154644309788;1.1923547047933125;14.0;0.0;0.0;13.0;0.0;0.0;2.0;120.0;14.99277828505022;19.602610459409274;0.0;11.0;0.0;6.046042095752652;4385.0;5334.0;8414.0;11035.0;11627.0;12047.0;12047.0;12047.0;12047.0;36.39910351124762;44.27658338175479;69.84311446833237;91.59956835726737;96.51365485183034;100.0;100.0;100.0;100.0;7690.0;6805.0;3633.0;1012.0;420.0;0.0;0.0;0.0;0.0;0.0;0.0;63.83331949863037;56.48709222212999;30.156885531667637;8.40043164273263;3.4863451481696686;0.0;0.0;0.0;0.0;0.0;0.0;3780.0;31034.0;31762.0;31762.0;31762.0;31762.0;31762.0;31762.0;31762.0;11.9010137900636;97.70795289969145;100.0;100.0;100.0;100.0;100.0;100.0;100.0;27982.0;3531.0;0.0;0.0;0.0;0.0;0.0;0.0;0.0;0.0;0.0;88.0989862099364;11.117058119765758;0.0;0.0;0.0;0.0;0.0;0.0;0.0;0.0;0.0;neos-933966;2;1631;0.051351;1601;0.057215;RED_SPLIT;17950;-7.829133660220219;7.829133660220219;11.968531687330392;11.968531687330392;0.6541432035901243;-570.1055307600838;570.1055307600838;<;-164.09285902986198;1
31762.0;12047.0;2.636507014194405;0.0;0.0;0.0;0.0;12047.0;180618.0;180618.0;0.04720350823326686;27982.0;0.0;27982.0;3780.0;88.0989862099364;88.0989862099364;3780.0;11.9010137900636;0.0;0.0;0.0;0.0;5075.0;42.1266705403835;0.0;0.0;0.0;0.0;0.0;0.0;0.0;0.0;0.0;0.0;55.0;0.4565451979745995;0.0;0.0;0.0;0.0;0.0;0.0;0.0;0.0;0.0;0.0;3243.0;26.919565036938657;0.0;0.0;0.0;0.0;0.0;0.0;0.0;0.0;137527.0;76.14246642084399;137527.0;76.14246642084399;0.0;0.0;0.0;0.0;0.0;0.0;0.0;0.0;760.0;0.4207775526248768;0.0;0.0;0.0;0.0;0.0;0.0;0.0;0.0;0.0;0.0;34983.0;19.368501478257983;0.0;0.0;0.0;0.0;0.0;0.0;-1.0;1.0;0.9249022799499497;0.38020490862610556;1.0;0.0;3.7548860025025195;2.0;6782.0;3.7548860025025195;-1.0;1000.0;20.69951514388263;139.31092283530572;1000.0;0.0;5.783640828663182;3.0;1837.0;5.783640828663182;0.0;14.0;1.2471154644309788;1.1923547047933125;14.0;0.0;0.0;13.0;0.0;0.0;2.0;120.0;14.99277828505022;19.602610459409274;0.0;11.0;0.0;6.046042095752652;4385.0;5334.0;8414.0;11035.0;11627.0;12047.0;12047.0;12047.0;12047.0;36.39910351124762;44.27658338175479;69.84311446833237;91.59956835726737;96.51365485183034;100.0;100.0;100.0;100.0;7690.0;6805.0;3633.0;1012.0;420.0;0.0;0.0;0.0;0.0;0.0;0.0;63.83331949863037;56.48709222212999;30.156885531667637;8.40043164273263;3.4863451481696686;0.0;0.0;0.0;0.0;0.0;0.0;3780.0;31034.0;31762.0;31762.0;31762.0;31762.0;31762.0;31762.0;31762.0;11.9010137900636;97.70795289969145;100.0;100.0;100.0;100.0;100.0;100.0;100.0;27982.0;3531.0;0.0;0.0;0.0;0.0;0.0;0.0;0.0;0.0;0.0;88.0989862099364;11.117058119765758;0.0;0.0;0.0;0.0;0.0;0.0;0.0;0.0;0.0;neos-933966;2;1631;0.051351;1601;0.057215;RED_SPLIT;16399;-7.82103233421084;7.82103233421084;13.332785876414006;13.332785876414006;0.5866015104949986;-525.8879923022262;525.8879923022262;<;-225.2825493558197;1
31762.0;12047.0;2.636507014194405;0.0;0.0;0.0;0.0;12047.0;180618.0;180618.0;0.04720350823326686;27982.0;0.0;27982.0;3780.0;88.0989862099364;88.0989862099364;3780.0;11.9010137900636;0.0;0.0;0.0;0.0;5075.0;42.1266705403835;0.0;0.0;0.0;0.0;0.0;0.0;0.0;0.0;0.0;0.0;55.0;0.4565451979745995;0.0;0.0;0.0;0.0;0.0;0.0;0.0;0.0;0.0;0.0;3243.0;26.919565036938657;0.0;0.0;0.0;0.0;0.0;0.0;0.0;0.0;137527.0;76.14246642084399;137527.0;76.14246642084399;0.0;0.0;0.0;0.0;0.0;0.0;0.0;0.0;760.0;0.4207775526248768;0.0;0.0;0.0;0.0;0.0;0.0;0.0;0.0;0.0;0.0;34983.0;19.368501478257983;0.0;0.0;0.0;0.0;0.0;0.0;-1.0;1.0;0.9249022799499497;0.38020490862610556;1.0;0.0;3.7548860025025195;2.0;6782.0;3.7548860025025195;-1.0;1000.0;20.69951514388263;139.31092283530572;1000.0;0.0;5.783640828663182;3.0;1837.0;5.783640828663182;0.0;14.0;1.2471154644309788;1.1923547047933125;14.0;0.0;0.0;13.0;0.0;0.0;2.0;120.0;14.99277828505022;19.602610459409274;0.0;11.0;0.0;6.046042095752652;4385.0;5334.0;8414.0;11035.0;11627.0;12047.0;12047.0;12047.0;12047.0;36.39910351124762;44.27658338175479;69.84311446833237;91.59956835726737;96.51365485183034;100.0;100.0;100.0;100.0;7690.0;6805.0;3633.0;1012.0;420.0;0.0;0.0;0.0;0.0;0.0;0.0;63.83331949863037;56.48709222212999;30.156885531667637;8.40043164273263;3.4863451481696686;0.0;0.0;0.0;0.0;0.0;0.0;3780.0;31034.0;31762.0;31762.0;31762.0;31762.0;31762.0;31762.0;31762.0;11.9010137900636;97.70795289969145;100.0;100.0;100.0;100.0;100.0;100.0;100.0;27982.0;3531.0;0.0;0.0;0.0;0.0;0.0;0.0;0.0;0.0;0.0;88.0989862099364;11.117058119765758;0.0;0.0;0.0;0.0;0.0;0.0;0.0;0.0;0.0;neos-933966;2;1631;0.051351;1601;0.057215;RED_SPLIT;18926;-15.900151416525997;15.900151416525997;26.83899741339227;26.83899741339227;0.5924271749656361;-1448.103927975471;1448.103927975471;<;-328.0716947319138;1
31762.0;12047.0;2.636507014194405;0.0;0.0;0.0;0.0;12047.0;180618.0;180618.0;0.04720350823326686;27982.0;0.0;27982.0;3780.0;88.0989862099364;88.0989862099364;3780.0;11.9010137900636;0.0;0.0;0.0;0.0;5075.0;42.1266705403835;0.0;0.0;0.0;0.0;0.0;0.0;0.0;0.0;0.0;0.0;55.0;0.4565451979745995;0.0;0.0;0.0;0.0;0.0;0.0;0.0;0.0;0.0;0.0;3243.0;26.919565036938657;0.0;0.0;0.0;0.0;0.0;0.0;0.0;0.0;137527.0;76.14246642084399;137527.0;76.14246642084399;0.0;0.0;0.0;0.0;0.0;0.0;0.0;0.0;760.0;0.4207775526248768;0.0;0.0;0.0;0.0;0.0;0.0;0.0;0.0;0.0;0.0;34983.0;19.368501478257983;0.0;0.0;0.0;0.0;0.0;0.0;-1.0;1.0;0.9249022799499497;0.38020490862610556;1.0;0.0;3.7548860025025195;2.0;6782.0;3.7548860025025195;-1.0;1000.0;20.69951514388263;139.31092283530572;1000.0;0.0;5.783640828663182;3.0;1837.0;5.783640828663182;0.0;14.0;1.2471154644309788;1.1923547047933125;14.0;0.0;0.0;13.0;0.0;0.0;2.0;120.0;14.99277828505022;19.602610459409274;0.0;11.0;0.0;6.046042095752652;4385.0;5334.0;8414.0;11035.0;11627.0;12047.0;12047.0;12047.0;12047.0;36.39910351124762;44.27658338175479;69.84311446833237;91.59956835726737;96.51365485183034;100.0;100.0;100.0;100.0;7690.0;6805.0;3633.0;1012.0;420.0;0.0;0.0;0.0;0.0;0.0;0.0;63.83331949863037;56.48709222212999;30.156885531667637;8.40043164273263;3.4863451481696686;0.0;0.0;0.0;0.0;0.0;0.0;3780.0;31034.0;31762.0;31762.0;31762.0;31762.0;31762.0;31762.0;31762.0;11.9010137900636;97.70795289969145;100.0;100.0;100.0;100.0;100.0;100.0;100.0;27982.0;3531.0;0.0;0.0;0.0;0.0;0.0;0.0;0.0;0.0;0.0;88.0989862099364;11.117058119765758;0.0;0.0;0.0;0.0;0.0;0.0;0.0;0.0;0.0;neos-933966;2;1631;0.051351;1601;0.057215;RED_SPLIT;18482;-3.0;3.0;6.69161478873003;6.69161478873003;0.4483222801546465;-338.25193821728783;338.25193821728783;<;-116.56305022727622;1
31762.0;12047.0;2.636507014194405;0.0;0.0;0.0;0.0;12047.0;180618.0;180618.0;0.04720350823326686;27982.0;0.0;27982.0;3780.0;88.0989862099364;88.0989862099364;3780.0;11.9010137900636;0.0;0.0;0.0;0.0;5075.0;42.1266705403835;0.0;0.0;0.0;0.0;0.0;0.0;0.0;0.0;0.0;0.0;55.0;0.4565451979745995;0.0;0.0;0.0;0.0;0.0;0.0;0.0;0.0;0.0;0.0;3243.0;26.919565036938657;0.0;0.0;0.0;0.0;0.0;0.0;0.0;0.0;137527.0;76.14246642084399;137527.0;76.14246642084399;0.0;0.0;0.0;0.0;0.0;0.0;0.0;0.0;760.0;0.4207775526248768;0.0;0.0;0.0;0.0;0.0;0.0;0.0;0.0;0.0;0.0;34983.0;19.368501478257983;0.0;0.0;0.0;0.0;0.0;0.0;-1.0;1.0;0.9249022799499497;0.38020490862610556;1.0;0.0;3.7548860025025195;2.0;6782.0;3.7548860025025195;-1.0;1000.0;20.69951514388263;139.31092283530572;1000.0;0.0;5.783640828663182;3.0;1837.0;5.783640828663182;0.0;14.0;1.2471154644309788;1.1923547047933125;14.0;0.0;0.0;13.0;0.0;0.0;2.0;120.0;14.99277828505022;19.602610459409274;0.0;11.0;0.0;6.046042095752652;4385.0;5334.0;8414.0;11035.0;11627.0;12047.0;12047.0;12047.0;12047.0;36.39910351124762;44.27658338175479;69.84311446833237;91.59956835726737;96.51365485183034;100.0;100.0;100.0;100.0;7690.0;6805.0;3633.0;1012.0;420.0;0.0;0.0;0.0;0.0;0.0;0.0;63.83331949863037;56.48709222212999;30.156885531667637;8.40043164273263;3.4863451481696686;0.0;0.0;0.0;0.0;0.0;0.0;3780.0;31034.0;31762.0;31762.0;31762.0;31762.0;31762.0;31762.0;31762.0;11.9010137900636;97.70795289969145;100.0;100.0;100.0;100.0;100.0;100.0;100.0;27982.0;3531.0;0.0;0.0;0.0;0.0;0.0;0.0;0.0;0.0;0.0;88.0989862099364;11.117058119765758;0.0;0.0;0.0;0.0;0.0;0.0;0.0;0.0;0.0;neos-933966;2;1631;0.051351;1601;0.057215;RED_SPLIT;18051;-2.846148017908098;2.846148017908098;4.485390003611003;4.485390003611003;0.6345374684513011;-245.70654401826695;245.70654401826695;<;-90.08067228283926;1
31762.0;12047.0;2.636507014194405;0.0;0.0;0.0;0.0;12047.0;180618.0;180618.0;0.04720350823326686;27982.0;0.0;27982.0;3780.0;88.0989862099364;88.0989862099364;3780.0;11.9010137900636;0.0;0.0;0.0;0.0;5075.0;42.1266705403835;0.0;0.0;0.0;0.0;0.0;0.0;0.0;0.0;0.0;0.0;55.0;0.4565451979745995;0.0;0.0;0.0;0.0;0.0;0.0;0.0;0.0;0.0;0.0;3243.0;26.919565036938657;0.0;0.0;0.0;0.0;0.0;0.0;0.0;0.0;137527.0;76.14246642084399;137527.0;76.14246642084399;0.0;0.0;0.0;0.0;0.0;0.0;0.0;0.0;760.0;0.4207775526248768;0.0;0.0;0.0;0.0;0.0;0.0;0.0;0.0;0.0;0.0;34983.0;19.368501478257983;0.0;0.0;0.0;0.0;0.0;0.0;-1.0;1.0;0.9249022799499497;0.38020490862610556;1.0;0.0;3.7548860025025195;2.0;6782.0;3.7548860025025195;-1.0;1000.0;20.69951514388263;139.31092283530572;1000.0;0.0;5.783640828663182;3.0;1837.0;5.783640828663182;0.0;14.0;1.2471154644309788;1.1923547047933125;14.0;0.0;0.0;13.0;0.0;0.0;2.0;120.0;14.99277828505022;19.602610459409274;0.0;11.0;0.0;6.046042095752652;4385.0;5334.0;8414.0;11035.0;11627.0;12047.0;12047.0;12047.0;12047.0;36.39910351124762;44.27658338175479;69.84311446833237;91.59956835726737;96.51365485183034;100.0;100.0;100.0;100.0;7690.0;6805.0;3633.0;1012.0;420.0;0.0;0.0;0.0;0.0;0.0;0.0;63.83331949863037;56.48709222212999;30.156885531667637;8.40043164273263;3.4863451481696686;0.0;0.0;0.0;0.0;0.0;0.0;3780.0;31034.0;31762.0;31762.0;31762.0;31762.0;31762.0;31762.0;31762.0;11.9010137900636;97.70795289969145;100.0;100.0;100.0;100.0;100.0;100.0;100.0;27982.0;3531.0;0.0;0.0;0.0;0.0;0.0;0.0;0.0;0.0;0.0;88.0989862099364;11.117058119765758;0.0;0.0;0.0;0.0;0.0;0.0;0.0;0.0;0.0;neos-933966;2;1631;0.051351;1601;0.057215;RED_SPLIT;18308;-12.965423686841511;12.965423686841511;18.14514424727798;18.14514424727798;0.7145395765474006;-751.1497068746934;751.1497068746934;<;-224.620417015548;1
31762.0;12047.0;2.636507014194405;0.0;0.0;0.0;0.0;12047.0;180618.0;180618.0;0.04720350823326686;27982.0;0.0;27982.0;3780.0;88.0989862099364;88.0989862099364;3780.0;11.9010137900636;0.0;0.0;0.0;0.0;5075.0;42.1266705403835;0.0;0.0;0.0;0.0;0.0;0.0;0.0;0.0;0.0;0.0;55.0;0.4565451979745995;0.0;0.0;0.0;0.0;0.0;0.0;0.0;0.0;0.0;0.0;3243.0;26.919565036938657;0.0;0.0;0.0;0.0;0.0;0.0;0.0;0.0;137527.0;76.14246642084399;137527.0;76.14246642084399;0.0;0.0;0.0;0.0;0.0;0.0;0.0;0.0;760.0;0.4207775526248768;0.0;0.0;0.0;0.0;0.0;0.0;0.0;0.0;0.0;0.0;34983.0;19.368501478257983;0.0;0.0;0.0;0.0;0.0;0.0;-1.0;1.0;0.9249022799499497;0.38020490862610556;1.0;0.0;3.7548860025025195;2.0;6782.0;3.7548860025025195;-1.0;1000.0;20.69951514388263;139.31092283530572;1000.0;0.0;5.783640828663182;3.0;1837.0;5.783640828663182;0.0;14.0;1.2471154644309788;1.1923547047933125;14.0;0.0;0.0;13.0;0.0;0.0;2.0;120.0;14.99277828505022;19.602610459409274;0.0;11.0;0.0;6.046042095752652;4385.0;5334.0;8414.0;11035.0;11627.0;12047.0;12047.0;12047.0;12047.0;36.39910351124762;44.27658338175479;69.84311446833237;91.59956835726737;96.51365485183034;100.0;100.0;100.0;100.0;7690.0;6805.0;3633.0;1012.0;420.0;0.0;0.0;0.0;0.0;0.0;0.0;63.83331949863037;56.48709222212999;30.156885531667637;8.40043164273263;3.4863451481696686;0.0;0.0;0.0;0.0;0.0;0.0;3780.0;31034.0;31762.0;31762.0;31762.0;31762.0;31762.0;31762.0;31762.0;11.9010137900636;97.70795289969145;100.0;100.0;100.0;100.0;100.0;100.0;100.0;27982.0;3531.0;0.0;0.0;0.0;0.0;0.0;0.0;0.0;0.0;0.0;88.0989862099364;11.117058119765758;0.0;0.0;0.0;0.0;0.0;0.0;0.0;0.0;0.0;neos-933966;2;1631;0.051351;1601;0.057215;RED_SPLIT;22212;-2.2338833324429017;2.2338833324429017;3.7238693957543747;3.7238693957543747;0.5998822985010638;-154.5198723077976;154.5198723077976;<;-25.03519482835955;1
31762.0;12047.0;2.636507014194405;0.0;0.0;0.0;0.0;12047.0;180618.0;180618.0;0.04720350823326686;27982.0;0.0;27982.0;3780.0;88.0989862099364;88.0989862099364;3780.0;11.9010137900636;0.0;0.0;0.0;0.0;5075.0;42.1266705403835;0.0;0.0;0.0;0.0;0.0;0.0;0.0;0.0;0.0;0.0;55.0;0.4565451979745995;0.0;0.0;0.0;0.0;0.0;0.0;0.0;0.0;0.0;0.0;3243.0;26.919565036938657;0.0;0.0;0.0;0.0;0.0;0.0;0.0;0.0;137527.0;76.14246642084399;137527.0;76.14246642084399;0.0;0.0;0.0;0.0;0.0;0.0;0.0;0.0;760.0;0.4207775526248768;0.0;0.0;0.0;0.0;0.0;0.0;0.0;0.0;0.0;0.0;34983.0;19.368501478257983;0.0;0.0;0.0;0.0;0.0;0.0;-1.0;1.0;0.9249022799499497;0.38020490862610556;1.0;0.0;3.7548860025025195;2.0;6782.0;3.7548860025025195;-1.0;1000.0;20.69951514388263;139.31092283530572;1000.0;0.0;5.783640828663182;3.0;1837.0;5.783640828663182;0.0;14.0;1.2471154644309788;1.1923547047933125;14.0;0.0;0.0;13.0;0.0;0.0;2.0;120.0;14.99277828505022;19.602610459409274;0.0;11.0;0.0;6.046042095752652;4385.0;5334.0;8414.0;11035.0;11627.0;12047.0;12047.0;12047.0;12047.0;36.39910351124762;44.27658338175479;69.84311446833237;91.59956835726737;96.51365485183034;100.0;100.0;100.0;100.0;7690.0;6805.0;3633.0;1012.0;420.0;0.0;0.0;0.0;0.0;0.0;0.0;63.83331949863037;56.48709222212999;30.156885531667637;8.40043164273263;3.4863451481696686;0.0;0.0;0.0;0.0;0.0;0.0;3780.0;31034.0;31762.0;31762.0;31762.0;31762.0;31762.0;31762.0;31762.0;11.9010137900636;97.70795289969145;100.0;100.0;100.0;100.0;100.0;100.0;100.0;27982.0;3531.0;0.0;0.0;0.0;0.0;0.0;0.0;0.0;0.0;0.0;88.0989862099364;11.117058119765758;0.0;0.0;0.0;0.0;0.0;0.0;0.0;0.0;0.0;neos-933966;2;1631;0.051351;1601;0.057215;RED_SPLIT;15434;-4.725444927746865;4.725444927746865;8.83855748222528;8.83855748222528;0.53463983656269;-430.06196601469924;430.06196601469924;<;-148.9464308347445;1
31762.0;12047.0;2.636507014194405;0.0;0.0;0.0;0.0;12047.0;180618.0;180618.0;0.04720350823326686;27982.0;0.0;27982.0;3780.0;88.0989862099364;88.0989862099364;3780.0;11.9010137900636;0.0;0.0;0.0;0.0;5075.0;42.1266705403835;0.0;0.0;0.0;0.0;0.0;0.0;0.0;0.0;0.0;0.0;55.0;0.4565451979745995;0.0;0.0;0.0;0.0;0.0;0.0;0.0;0.0;0.0;0.0;3243.0;26.919565036938657;0.0;0.0;0.0;0.0;0.0;0.0;0.0;0.0;137527.0;76.14246642084399;137527.0;76.14246642084399;0.0;0.0;0.0;0.0;0.0;0.0;0.0;0.0;760.0;0.4207775526248768;0.0;0.0;0.0;0.0;0.0;0.0;0.0;0.0;0.0;0.0;34983.0;19.368501478257983;0.0;0.0;0.0;0.0;0.0;0.0;-1.0;1.0;0.9249022799499497;0.38020490862610556;1.0;0.0;3.7548860025025195;2.0;6782.0;3.7548860025025195;-1.0;1000.0;20.69951514388263;139.31092283530572;1000.0;0.0;5.783640828663182;3.0;1837.0;5.783640828663182;0.0;14.0;1.2471154644309788;1.1923547047933125;14.0;0.0;0.0;13.0;0.0;0.0;2.0;120.0;14.99277828505022;19.602610459409274;0.0;11.0;0.0;6.046042095752652;4385.0;5334.0;8414.0;11035.0;11627.0;12047.0;12047.0;12047.0;12047.0;36.39910351124762;44.27658338175479;69.84311446833237;91.59956835726737;96.51365485183034;100.0;100.0;100.0;100.0;7690.0;6805.0;3633.0;1012.0;420.0;0.0;0.0;0.0;0.0;0.0;0.0;63.83331949863037;56.48709222212999;30.156885531667637;8.40043164273263;3.4863451481696686;0.0;0.0;0.0;0.0;0.0;0.0;3780.0;31034.0;31762.0;31762.0;31762.0;31762.0;31762.0;31762.0;31762.0;11.9010137900636;97.70795289969145;100.0;100.0;100.0;100.0;100.0;100.0;100.0;27982.0;3531.0;0.0;0.0;0.0;0.0;0.0;0.0;0.0;0.0;0.0;88.0989862099364;11.117058119765758;0.0;0.0;0.0;0.0;0.0;0.0;0.0;0.0;0.0;neos-933966;2;1631;0.051351;1601;0.057215;RED_SPLIT;17767;-10.377924030097466;10.377924030097466;12.523203827635296;12.523203827635296;0.828695609600813;-482.65760455106846;482.65760455106846;<;-162.5307377828367;1
31762.0;12047.0;2.636507014194405;0.0;0.0;0.0;0.0;12047.0;180618.0;180618.0;0.04720350823326686;27982.0;0.0;27982.0;3780.0;88.0989862099364;88.0989862099364;3780.0;11.9010137900636;0.0;0.0;0.0;0.0;5075.0;42.1266705403835;0.0;0.0;0.0;0.0;0.0;0.0;0.0;0.0;0.0;0.0;55.0;0.4565451979745995;0.0;0.0;0.0;0.0;0.0;0.0;0.0;0.0;0.0;0.0;3243.0;26.919565036938657;0.0;0.0;0.0;0.0;0.0;0.0;0.0;0.0;137527.0;76.14246642084399;137527.0;76.14246642084399;0.0;0.0;0.0;0.0;0.0;0.0;0.0;0.0;760.0;0.4207775526248768;0.0;0.0;0.0;0.0;0.0;0.0;0.0;0.0;0.0;0.0;34983.0;19.368501478257983;0.0;0.0;0.0;0.0;0.0;0.0;-1.0;1.0;0.9249022799499497;0.38020490862610556;1.0;0.0;3.7548860025025195;2.0;6782.0;3.7548860025025195;-1.0;1000.0;20.69951514388263;139.31092283530572;1000.0;0.0;5.783640828663182;3.0;1837.0;5.783640828663182;0.0;14.0;1.2471154644309788;1.1923547047933125;14.0;0.0;0.0;13.0;0.0;0.0;2.0;120.0;14.99277828505022;19.602610459409274;0.0;11.0;0.0;6.046042095752652;4385.0;5334.0;8414.0;11035.0;11627.0;12047.0;12047.0;12047.0;12047.0;36.39910351124762;44.27658338175479;69.84311446833237;91.59956835726737;96.51365485183034;100.0;100.0;100.0;100.0;7690.0;6805.0;3633.0;1012.0;420.0;0.0;0.0;0.0;0.0;0.0;0.0;63.83331949863037;56.48709222212999;30.156885531667637;8.40043164273263;3.4863451481696686;0.0;0.0;0.0;0.0;0.0;0.0;3780.0;31034.0;31762.0;31762.0;31762.0;31762.0;31762.0;31762.0;31762.0;11.9010137900636;97.70795289969145;100.0;100.0;100.0;100.0;100.0;100.0;100.0;27982.0;3531.0;0.0;0.0;0.0;0.0;0.0;0.0;0.0;0.0;0.0;88.0989862099364;11.117058119765758;0.0;0.0;0.0;0.0;0.0;0.0;0.0;0.0;0.0;neos-933966;2;1631;0.051351;1601;0.057215;RED_SPLIT;18614;-11.052654483100305;11.052654483100305;16.15042641982496;16.15042641982496;0.6843568210392859;-738.7418261430396;738.7418261430396;<;-214.67059838583987;1
31762.0;12047.0;2.636507014194405;0.0;0.0;0.0;0.0;12047.0;180618.0;180618.0;0.04720350823326686;27982.0;0.0;27982.0;3780.0;88.0989862099364;88.0989862099364;3780.0;11.9010137900636;0.0;0.0;0.0;0.0;5075.0;42.1266705403835;0.0;0.0;0.0;0.0;0.0;0.0;0.0;0.0;0.0;0.0;55.0;0.4565451979745995;0.0;0.0;0.0;0.0;0.0;0.0;0.0;0.0;0.0;0.0;3243.0;26.919565036938657;0.0;0.0;0.0;0.0;0.0;0.0;0.0;0.0;137527.0;76.14246642084399;137527.0;76.14246642084399;0.0;0.0;0.0;0.0;0.0;0.0;0.0;0.0;760.0;0.4207775526248768;0.0;0.0;0.0;0.0;0.0;0.0;0.0;0.0;0.0;0.0;34983.0;19.368501478257983;0.0;0.0;0.0;0.0;0.0;0.0;-1.0;1.0;0.9249022799499497;0.38020490862610556;1.0;0.0;3.7548860025025195;2.0;6782.0;3.7548860025025195;-1.0;1000.0;20.69951514388263;139.31092283530572;1000.0;0.0;5.783640828663182;3.0;1837.0;5.783640828663182;0.0;14.0;1.2471154644309788;1.1923547047933125;14.0;0.0;0.0;13.0;0.0;0.0;2.0;120.0;14.99277828505022;19.602610459409274;0.0;11.0;0.0;6.046042095752652;4385.0;5334.0;8414.0;11035.0;11627.0;12047.0;12047.0;12047.0;12047.0;36.39910351124762;44.27658338175479;69.84311446833237;91.59956835726737;96.51365485183034;100.0;100.0;100.0;100.0;7690.0;6805.0;3633.0;1012.0;420.0;0.0;0.0;0.0;0.0;0.0;0.0;63.83331949863037;56.48709222212999;30.156885531667637;8.40043164273263;3.4863451481696686;0.0;0.0;0.0;0.0;0.0;0.0;3780.0;31034.0;31762.0;31762.0;31762.0;31762.0;31762.0;31762.0;31762.0;11.9010137900636;97.70795289969145;100.0;100.0;100.0;100.0;100.0;100.0;100.0;27982.0;3531.0;0.0;0.0;0.0;0.0;0.0;0.0;0.0;0.0;0.0;88.0989862099364;11.117058119765758;0.0;0.0;0.0;0.0;0.0;0.0;0.0;0.0;0.0;neos-933966;2;1631;0.051351;1601;0.057215;RED_SPLIT;18908;-3.0;3.0;6.032440631123481;6.032440631123481;0.49731115206040255;-268.4295730567931;268.4295730567931;<;-94.27244235681007;1
31762.0;12047.0;2.636507014194405;0.0;0.0;0.0;0.0;12047.0;180618.0;180618.0;0.04720350823326686;27982.0;0.0;27982.0;3780.0;88.0989862099364;88.0989862099364;3780.0;11.9010137900636;0.0;0.0;0.0;0.0;5075.0;42.1266705403835;0.0;0.0;0.0;0.0;0.0;0.0;0.0;0.0;0.0;0.0;55.0;0.4565451979745995;0.0;0.0;0.0;0.0;0.0;0.0;0.0;0.0;0.0;0.0;3243.0;26.919565036938657;0.0;0.0;0.0;0.0;0.0;0.0;0.0;0.0;137527.0;76.14246642084399;137527.0;76.14246642084399;0.0;0.0;0.0;0.0;0.0;0.0;0.0;0.0;760.0;0.4207775526248768;0.0;0.0;0.0;0.0;0.0;0.0;0.0;0.0;0.0;0.0;34983.0;19.368501478257983;0.0;0.0;0.0;0.0;0.0;0.0;-1.0;1.0;0.9249022799499497;0.38020490862610556;1.0;0.0;3.7548860025025195;2.0;6782.0;3.7548860025025195;-1.0;1000.0;20.69951514388263;139.31092283530572;1000.0;0.0;5.783640828663182;3.0;1837.0;5.783640828663182;0.0;14.0;1.2471154644309788;1.1923547047933125;14.0;0.0;0.0;13.0;0.0;0.0;2.0;120.0;14.99277828505022;19.602610459409274;0.0;11.0;0.0;6.046042095752652;4385.0;5334.0;8414.0;11035.0;11627.0;12047.0;12047.0;12047.0;12047.0;36.39910351124762;44.27658338175479;69.84311446833237;91.59956835726737;96.51365485183034;100.0;100.0;100.0;100.0;7690.0;6805.0;3633.0;1012.0;420.0;0.0;0.0;0.0;0.0;0.0;0.0;63.83331949863037;56.48709222212999;30.156885531667637;8.40043164273263;3.4863451481696686;0.0;0.0;0.0;0.0;0.0;0.0;3780.0;31034.0;31762.0;31762.0;31762.0;31762.0;31762.0;31762.0;31762.0;11.9010137900636;97.70795289969145;100.0;100.0;100.0;100.0;100.0;100.0;100.0;27982.0;3531.0;0.0;0.0;0.0;0.0;0.0;0.0;0.0;0.0;0.0;88.0989862099364;11.117058119765758;0.0;0.0;0.0;0.0;0.0;0.0;0.0;0.0;0.0;neos-933966;2;1631;0.051351;1601;0.057215;RED_SPLIT;19849;-3.7722717086855355;3.7722717086855355;9.331720259100344;9.331720259100344;0.4042418336540678;-416.8886997457597;416.8886997457597;<;-118.98684560166322;1
31762.0;12047.0;2.636507014194405;0.0;0.0;0.0;0.0;12047.0;180618.0;180618.0;0.04720350823326686;27982.0;0.0;27982.0;3780.0;88.0989862099364;88.0989862099364;3780.0;11.9010137900636;0.0;0.0;0.0;0.0;5075.0;42.1266705403835;0.0;0.0;0.0;0.0;0.0;0.0;0.0;0.0;0.0;0.0;55.0;0.4565451979745995;0.0;0.0;0.0;0.0;0.0;0.0;0.0;0.0;0.0;0.0;3243.0;26.919565036938657;0.0;0.0;0.0;0.0;0.0;0.0;0.0;0.0;137527.0;76.14246642084399;137527.0;76.14246642084399;0.0;0.0;0.0;0.0;0.0;0.0;0.0;0.0;760.0;0.4207775526248768;0.0;0.0;0.0;0.0;0.0;0.0;0.0;0.0;0.0;0.0;34983.0;19.368501478257983;0.0;0.0;0.0;0.0;0.0;0.0;-1.0;1.0;0.9249022799499497;0.38020490862610556;1.0;0.0;3.7548860025025195;2.0;6782.0;3.7548860025025195;-1.0;1000.0;20.69951514388263;139.31092283530572;1000.0;0.0;5.783640828663182;3.0;1837.0;5.783640828663182;0.0;14.0;1.2471154644309788;1.1923547047933125;14.0;0.0;0.0;13.0;0.0;0.0;2.0;120.0;14.99277828505022;19.602610459409274;0.0;11.0;0.0;6.046042095752652;4385.0;5334.0;8414.0;11035.0;11627.0;12047.0;12047.0;12047.0;12047.0;36.39910351124762;44.27658338175479;69.84311446833237;91.59956835726737;96.51365485183034;100.0;100.0;100.0;100.0;7690.0;6805.0;3633.0;1012.0;420.0;0.0;0.0;0.0;0.0;0.0;0.0;63.83331949863037;56.48709222212999;30.156885531667637;8.40043164273263;3.4863451481696686;0.0;0.0;0.0;0.0;0.0;0.0;3780.0;31034.0;31762.0;31762.0;31762.0;31762.0;31762.0;31762.0;31762.0;11.9010137900636;97.70795289969145;100.0;100.0;100.0;100.0;100.0;100.0;100.0;27982.0;3531.0;0.0;0.0;0.0;0.0;0.0;0.0;0.0;0.0;0.0;88.0989862099364;11.117058119765758;0.0;0.0;0.0;0.0;0.0;0.0;0.0;0.0;0.0;neos-933966;2;1631;0.051351;1601;0.057215;RED_SPLIT;15485;-3.876459324106569;3.876459324106569;8.66490578942464;8.66490578942464;0.4473746649199252;-348.68297052719515;348.68297052719515;<;-119.9362384004861;1
31762.0;12047.0;2.636507014194405;0.0;0.0;0.0;0.0;12047.0;180618.0;180618.0;0.04720350823326686;27982.0;0.0;27982.0;3780.0;88.0989862099364;88.0989862099364;3780.0;11.9010137900636;0.0;0.0;0.0;0.0;5075.0;42.1266705403835;0.0;0.0;0.0;0.0;0.0;0.0;0.0;0.0;0.0;0.0;55.0;0.4565451979745995;0.0;0.0;0.0;0.0;0.0;0.0;0.0;0.0;0.0;0.0;3243.0;26.919565036938657;0.0;0.0;0.0;0.0;0.0;0.0;0.0;0.0;137527.0;76.14246642084399;137527.0;76.14246642084399;0.0;0.0;0.0;0.0;0.0;0.0;0.0;0.0;760.0;0.4207775526248768;0.0;0.0;0.0;0.0;0.0;0.0;0.0;0.0;0.0;0.0;34983.0;19.368501478257983;0.0;0.0;0.0;0.0;0.0;0.0;-1.0;1.0;0.9249022799499497;0.38020490862610556;1.0;0.0;3.7548860025025195;2.0;6782.0;3.7548860025025195;-1.0;1000.0;20.69951514388263;139.31092283530572;1000.0;0.0;5.783640828663182;3.0;1837.0;5.783640828663182;0.0;14.0;1.2471154644309788;1.1923547047933125;14.0;0.0;0.0;13.0;0.0;0.0;2.0;120.0;14.99277828505022;19.602610459409274;0.0;11.0;0.0;6.046042095752652;4385.0;5334.0;8414.0;11035.0;11627.0;12047.0;12047.0;12047.0;12047.0;36.39910351124762;44.27658338175479;69.84311446833237;91.59956835726737;96.51365485183034;100.0;100.0;100.0;100.0;7690.0;6805.0;3633.0;1012.0;420.0;0.0;0.0;0.0;0.0;0.0;0.0;63.83331949863037;56.48709222212999;30.156885531667637;8.40043164273263;3.4863451481696686;0.0;0.0;0.0;0.0;0.0;0.0;3780.0;31034.0;31762.0;31762.0;31762.0;31762.0;31762.0;31762.0;31762.0;11.9010137900636;97.70795289969145;100.0;100.0;100.0;100.0;100.0;100.0;100.0;27982.0;3531.0;0.0;0.0;0.0;0.0;0.0;0.0;0.0;0.0;0.0;88.0989862099364;11.117058119765758;0.0;0.0;0.0;0.0;0.0;0.0;0.0;0.0;0.0;neos-933966;2;1631;0.051351;1601;0.057215;RED_SPLIT;18336;-7.275559159863747;7.275559159863747;16.28912407829978;16.28912407829978;0.44665134385931654;-582.7942320435992;582.7942320435992;<;-101.9938034373896;1
31762.0;12047.0;2.636507014194405;0.0;0.0;0.0;0.0;12047.0;180618.0;180618.0;0.04720350823326686;27982.0;0.0;27982.0;3780.0;88.0989862099364;88.0989862099364;3780.0;11.9010137900636;0.0;0.0;0.0;0.0;5075.0;42.1266705403835;0.0;0.0;0.0;0.0;0.0;0.0;0.0;0.0;0.0;0.0;55.0;0.4565451979745995;0.0;0.0;0.0;0.0;0.0;0.0;0.0;0.0;0.0;0.0;3243.0;26.919565036938657;0.0;0.0;0.0;0.0;0.0;0.0;0.0;0.0;137527.0;76.14246642084399;137527.0;76.14246642084399;0.0;0.0;0.0;0.0;0.0;0.0;0.0;0.0;760.0;0.4207775526248768;0.0;0.0;0.0;0.0;0.0;0.0;0.0;0.0;0.0;0.0;34983.0;19.368501478257983;0.0;0.0;0.0;0.0;0.0;0.0;-1.0;1.0;0.9249022799499497;0.38020490862610556;1.0;0.0;3.7548860025025195;2.0;6782.0;3.7548860025025195;-1.0;1000.0;20.69951514388263;139.31092283530572;1000.0;0.0;5.783640828663182;3.0;1837.0;5.783640828663182;0.0;14.0;1.2471154644309788;1.1923547047933125;14.0;0.0;0.0;13.0;0.0;0.0;2.0;120.0;14.99277828505022;19.602610459409274;0.0;11.0;0.0;6.046042095752652;4385.0;5334.0;8414.0;11035.0;11627.0;12047.0;12047.0;12047.0;12047.0;36.39910351124762;44.27658338175479;69.84311446833237;91.59956835726737;96.51365485183034;100.0;100.0;100.0;100.0;7690.0;6805.0;3633.0;1012.0;420.0;0.0;0.0;0.0;0.0;0.0;0.0;63.83331949863037;56.48709222212999;30.156885531667637;8.40043164273263;3.4863451481696686;0.0;0.0;0.0;0.0;0.0;0.0;3780.0;31034.0;31762.0;31762.0;31762.0;31762.0;31762.0;31762.0;31762.0;11.9010137900636;97.70795289969145;100.0;100.0;100.0;100.0;100.0;100.0;100.0;27982.0;3531.0;0.0;0.0;0.0;0.0;0.0;0.0;0.0;0.0;0.0;88.0989862099364;11.117058119765758;0.0;0.0;0.0;0.0;0.0;0.0;0.0;0.0;0.0;neos-933966;2;1631;0.051351;1601;0.057215;RED_SPLIT;19272;-3.0;3.0;7.45997743062372;7.45997743062372;0.40214598876463004;-318.84984694322145;318.84984694322145;<;-101.80105537025179;1
31762.0;12047.0;2.636507014194405;0.0;0.0;0.0;0.0;12047.0;180618.0;180618.0;0.04720350823326686;27982.0;0.0;27982.0;3780.0;88.0989862099364;88.0989862099364;3780.0;11.9010137900636;0.0;0.0;0.0;0.0;5075.0;42.1266705403835;0.0;0.0;0.0;0.0;0.0;0.0;0.0;0.0;0.0;0.0;55.0;0.4565451979745995;0.0;0.0;0.0;0.0;0.0;0.0;0.0;0.0;0.0;0.0;3243.0;26.919565036938657;0.0;0.0;0.0;0.0;0.0;0.0;0.0;0.0;137527.0;76.14246642084399;137527.0;76.14246642084399;0.0;0.0;0.0;0.0;0.0;0.0;0.0;0.0;760.0;0.4207775526248768;0.0;0.0;0.0;0.0;0.0;0.0;0.0;0.0;0.0;0.0;34983.0;19.368501478257983;0.0;0.0;0.0;0.0;0.0;0.0;-1.0;1.0;0.9249022799499497;0.38020490862610556;1.0;0.0;3.7548860025025195;2.0;6782.0;3.7548860025025195;-1.0;1000.0;20.69951514388263;139.31092283530572;1000.0;0.0;5.783640828663182;3.0;1837.0;5.783640828663182;0.0;14.0;1.2471154644309788;1.1923547047933125;14.0;0.0;0.0;13.0;0.0;0.0;2.0;120.0;14.99277828505022;19.602610459409274;0.0;11.0;0.0;6.046042095752652;4385.0;5334.0;8414.0;11035.0;11627.0;12047.0;12047.0;12047.0;12047.0;36.39910351124762;44.27658338175479;69.84311446833237;91.59956835726737;96.51365485183034;100.0;100.0;100.0;100.0;7690.0;6805.0;3633.0;1012.0;420.0;0.0;0.0;0.0;0.0;0.0;0.0;63.83331949863037;56.48709222212999;30.156885531667637;8.40043164273263;3.4863451481696686;0.0;0.0;0.0;0.0;0.0;0.0;3780.0;31034.0;31762.0;31762.0;31762.0;31762.0;31762.0;31762.0;31762.0;11.9010137900636;97.70795289969145;100.0;100.0;100.0;100.0;100.0;100.0;100.0;27982.0;3531.0;0.0;0.0;0.0;0.0;0.0;0.0;0.0;0.0;0.0;88.0989862099364;11.117058119765758;0.0;0.0;0.0;0.0;0.0;0.0;0.0;0.0;0.0;neos-933966;2;1631;0.051351;1601;0.057215;RED_SPLIT;19858;-2.705085862512601;2.705085862512601;5.5635489057918015;5.5635489057918015;0.486215886355656;-227.53867102113927;227.53867102113927;<;-71.62528939149897;1
31762.0;12047.0;2.636507014194405;0.0;0.0;0.0;0.0;12047.0;180618.0;180618.0;0.04720350823326686;27982.0;0.0;27982.0;3780.0;88.0989862099364;88.0989862099364;3780.0;11.9010137900636;0.0;0.0;0.0;0.0;5075.0;42.1266705403835;0.0;0.0;0.0;0.0;0.0;0.0;0.0;0.0;0.0;0.0;55.0;0.4565451979745995;0.0;0.0;0.0;0.0;0.0;0.0;0.0;0.0;0.0;0.0;3243.0;26.919565036938657;0.0;0.0;0.0;0.0;0.0;0.0;0.0;0.0;137527.0;76.14246642084399;137527.0;76.14246642084399;0.0;0.0;0.0;0.0;0.0;0.0;0.0;0.0;760.0;0.4207775526248768;0.0;0.0;0.0;0.0;0.0;0.0;0.0;0.0;0.0;0.0;34983.0;19.368501478257983;0.0;0.0;0.0;0.0;0.0;0.0;-1.0;1.0;0.9249022799499497;0.38020490862610556;1.0;0.0;3.7548860025025195;2.0;6782.0;3.7548860025025195;-1.0;1000.0;20.69951514388263;139.31092283530572;1000.0;0.0;5.783640828663182;3.0;1837.0;5.783640828663182;0.0;14.0;1.2471154644309788;1.1923547047933125;14.0;0.0;0.0;13.0;0.0;0.0;2.0;120.0;14.99277828505022;19.602610459409274;0.0;11.0;0.0;6.046042095752652;4385.0;5334.0;8414.0;11035.0;11627.0;12047.0;12047.0;12047.0;12047.0;36.39910351124762;44.27658338175479;69.84311446833237;91.59956835726737;96.51365485183034;100.0;100.0;100.0;100.0;7690.0;6805.0;3633.0;1012.0;420.0;0.0;0.0;0.0;0.0;0.0;0.0;63.83331949863037;56.48709222212999;30.156885531667637;8.40043164273263;3.4863451481696686;0.0;0.0;0.0;0.0;0.0;0.0;3780.0;31034.0;31762.0;31762.0;31762.0;31762.0;31762.0;31762.0;31762.0;11.9010137900636;97.70795289969145;100.0;100.0;100.0;100.0;100.0;100.0;100.0;27982.0;3531.0;0.0;0.0;0.0;0.0;0.0;0.0;0.0;0.0;0.0;88.0989862099364;11.117058119765758;0.0;0.0;0.0;0.0;0.0;0.0;0.0;0.0;0.0;neos-933966;2;1631;0.051351;1601;0.057215;RED_SPLIT;16967;-7.213087387802783;7.213087387802783;10.532718031635545;10.532718031635545;0.6848267812864556;-552.422945512632;552.422945512632;<;-189.3332302634193;1
31762.0;12047.0;2.636507014194405;0.0;0.0;0.0;0.0;12047.0;180618.0;180618.0;0.04720350823326686;27982.0;0.0;27982.0;3780.0;88.0989862099364;88.0989862099364;3780.0;11.9010137900636;0.0;0.0;0.0;0.0;5075.0;42.1266705403835;0.0;0.0;0.0;0.0;0.0;0.0;0.0;0.0;0.0;0.0;55.0;0.4565451979745995;0.0;0.0;0.0;0.0;0.0;0.0;0.0;0.0;0.0;0.0;3243.0;26.919565036938657;0.0;0.0;0.0;0.0;0.0;0.0;0.0;0.0;137527.0;76.14246642084399;137527.0;76.14246642084399;0.0;0.0;0.0;0.0;0.0;0.0;0.0;0.0;760.0;0.4207775526248768;0.0;0.0;0.0;0.0;0.0;0.0;0.0;0.0;0.0;0.0;34983.0;19.368501478257983;0.0;0.0;0.0;0.0;0.0;0.0;-1.0;1.0;0.9249022799499497;0.38020490862610556;1.0;0.0;3.7548860025025195;2.0;6782.0;3.7548860025025195;-1.0;1000.0;20.69951514388263;139.31092283530572;1000.0;0.0;5.783640828663182;3.0;1837.0;5.783640828663182;0.0;14.0;1.2471154644309788;1.1923547047933125;14.0;0.0;0.0;13.0;0.0;0.0;2.0;120.0;14.99277828505022;19.602610459409274;0.0;11.0;0.0;6.046042095752652;4385.0;5334.0;8414.0;11035.0;11627.0;12047.0;12047.0;12047.0;12047.0;36.39910351124762;44.27658338175479;69.84311446833237;91.59956835726737;96.51365485183034;100.0;100.0;100.0;100.0;7690.0;6805.0;3633.0;1012.0;420.0;0.0;0.0;0.0;0.0;0.0;0.0;63.83331949863037;56.48709222212999;30.156885531667637;8.40043164273263;3.4863451481696686;0.0;0.0;0.0;0.0;0.0;0.0;3780.0;31034.0;31762.0;31762.0;31762.0;31762.0;31762.0;31762.0;31762.0;11.9010137900636;97.70795289969145;100.0;100.0;100.0;100.0;100.0;100.0;100.0;27982.0;3531.0;0.0;0.0;0.0;0.0;0.0;0.0;0.0;0.0;0.0;88.0989862099364;11.117058119765758;0.0;0.0;0.0;0.0;0.0;0.0;0.0;0.0;0.0;neos-933966;2;1631;0.051351;1601;0.057215;RED_SPLIT;19535;-6.244520881411577;6.244520881411577;11.583989443384679;11.583989443384679;0.539064793863194;-482.27406957816106;482.27406957816106;<;-145.27717169063874;1
31762.0;12047.0;2.636507014194405;0.0;0.0;0.0;0.0;12047.0;180618.0;180618.0;0.04720350823326686;27982.0;0.0;27982.0;3780.0;88.0989862099364;88.0989862099364;3780.0;11.9010137900636;0.0;0.0;0.0;0.0;5075.0;42.1266705403835;0.0;0.0;0.0;0.0;0.0;0.0;0.0;0.0;0.0;0.0;55.0;0.4565451979745995;0.0;0.0;0.0;0.0;0.0;0.0;0.0;0.0;0.0;0.0;3243.0;26.919565036938657;0.0;0.0;0.0;0.0;0.0;0.0;0.0;0.0;137527.0;76.14246642084399;137527.0;76.14246642084399;0.0;0.0;0.0;0.0;0.0;0.0;0.0;0.0;760.0;0.4207775526248768;0.0;0.0;0.0;0.0;0.0;0.0;0.0;0.0;0.0;0.0;34983.0;19.368501478257983;0.0;0.0;0.0;0.0;0.0;0.0;-1.0;1.0;0.9249022799499497;0.38020490862610556;1.0;0.0;3.7548860025025195;2.0;6782.0;3.7548860025025195;-1.0;1000.0;20.69951514388263;139.31092283530572;1000.0;0.0;5.783640828663182;3.0;1837.0;5.783640828663182;0.0;14.0;1.2471154644309788;1.1923547047933125;14.0;0.0;0.0;13.0;0.0;0.0;2.0;120.0;14.99277828505022;19.602610459409274;0.0;11.0;0.0;6.046042095752652;4385.0;5334.0;8414.0;11035.0;11627.0;12047.0;12047.0;12047.0;12047.0;36.39910351124762;44.27658338175479;69.84311446833237;91.59956835726737;96.51365485183034;100.0;100.0;100.0;100.0;7690.0;6805.0;3633.0;1012.0;420.0;0.0;0.0;0.0;0.0;0.0;0.0;63.83331949863037;56.48709222212999;30.156885531667637;8.40043164273263;3.4863451481696686;0.0;0.0;0.0;0.0;0.0;0.0;3780.0;31034.0;31762.0;31762.0;31762.0;31762.0;31762.0;31762.0;31762.0;11.9010137900636;97.70795289969145;100.0;100.0;100.0;100.0;100.0;100.0;100.0;27982.0;3531.0;0.0;0.0;0.0;0.0;0.0;0.0;0.0;0.0;0.0;88.0989862099364;11.117058119765758;0.0;0.0;0.0;0.0;0.0;0.0;0.0;0.0;0.0;neos-933966;2;1631;0.051351;1601;0.057215;RED_SPLIT;16664;-5.022479470306394;5.022479470306394;10.252990289152363;10.252990289152363;0.4898550889704991;-353.67271194449114;353.67271194449114;<;-148.69576643254427;1
31762.0;12047.0;2.636507014194405;0.0;0.0;0.0;0.0;12047.0;180618.0;180618.0;0.04720350823326686;27982.0;0.0;27982.0;3780.0;88.0989862099364;88.0989862099364;3780.0;11.9010137900636;0.0;0.0;0.0;0.0;5075.0;42.1266705403835;0.0;0.0;0.0;0.0;0.0;0.0;0.0;0.0;0.0;0.0;55.0;0.4565451979745995;0.0;0.0;0.0;0.0;0.0;0.0;0.0;0.0;0.0;0.0;3243.0;26.919565036938657;0.0;0.0;0.0;0.0;0.0;0.0;0.0;0.0;137527.0;76.14246642084399;137527.0;76.14246642084399;0.0;0.0;0.0;0.0;0.0;0.0;0.0;0.0;760.0;0.4207775526248768;0.0;0.0;0.0;0.0;0.0;0.0;0.0;0.0;0.0;0.0;34983.0;19.368501478257983;0.0;0.0;0.0;0.0;0.0;0.0;-1.0;1.0;0.9249022799499497;0.38020490862610556;1.0;0.0;3.7548860025025195;2.0;6782.0;3.7548860025025195;-1.0;1000.0;20.69951514388263;139.31092283530572;1000.0;0.0;5.783640828663182;3.0;1837.0;5.783640828663182;0.0;14.0;1.2471154644309788;1.1923547047933125;14.0;0.0;0.0;13.0;0.0;0.0;2.0;120.0;14.99277828505022;19.602610459409274;0.0;11.0;0.0;6.046042095752652;4385.0;5334.0;8414.0;11035.0;11627.0;12047.0;12047.0;12047.0;12047.0;36.39910351124762;44.27658338175479;69.84311446833237;91.59956835726737;96.51365485183034;100.0;100.0;100.0;100.0;7690.0;6805.0;3633.0;1012.0;420.0;0.0;0.0;0.0;0.0;0.0;0.0;63.83331949863037;56.48709222212999;30.156885531667637;8.40043164273263;3.4863451481696686;0.0;0.0;0.0;0.0;0.0;0.0;3780.0;31034.0;31762.0;31762.0;31762.0;31762.0;31762.0;31762.0;31762.0;11.9010137900636;97.70795289969145;100.0;100.0;100.0;100.0;100.0;100.0;100.0;27982.0;3531.0;0.0;0.0;0.0;0.0;0.0;0.0;0.0;0.0;0.0;88.0989862099364;11.117058119765758;0.0;0.0;0.0;0.0;0.0;0.0;0.0;0.0;0.0;neos-933966;2;1631;0.051351;1601;0.057215;MIR;14626;-438.39840081088016;438.39840081088016;795.7357792375581;795.7357792375581;0.5509346346483701;-22312.387884489654;22312.387884489654;<;-10663.536964268771;1
31762.0;12047.0;2.636507014194405;0.0;0.0;0.0;0.0;12047.0;180618.0;180618.0;0.04720350823326686;27982.0;0.0;27982.0;3780.0;88.0989862099364;88.0989862099364;3780.0;11.9010137900636;0.0;0.0;0.0;0.0;5075.0;42.1266705403835;0.0;0.0;0.0;0.0;0.0;0.0;0.0;0.0;0.0;0.0;55.0;0.4565451979745995;0.0;0.0;0.0;0.0;0.0;0.0;0.0;0.0;0.0;0.0;3243.0;26.919565036938657;0.0;0.0;0.0;0.0;0.0;0.0;0.0;0.0;137527.0;76.14246642084399;137527.0;76.14246642084399;0.0;0.0;0.0;0.0;0.0;0.0;0.0;0.0;760.0;0.4207775526248768;0.0;0.0;0.0;0.0;0.0;0.0;0.0;0.0;0.0;0.0;34983.0;19.368501478257983;0.0;0.0;0.0;0.0;0.0;0.0;-1.0;1.0;0.9249022799499497;0.38020490862610556;1.0;0.0;3.7548860025025195;2.0;6782.0;3.7548860025025195;-1.0;1000.0;20.69951514388263;139.31092283530572;1000.0;0.0;5.783640828663182;3.0;1837.0;5.783640828663182;0.0;14.0;1.2471154644309788;1.1923547047933125;14.0;0.0;0.0;13.0;0.0;0.0;2.0;120.0;14.99277828505022;19.602610459409274;0.0;11.0;0.0;6.046042095752652;4385.0;5334.0;8414.0;11035.0;11627.0;12047.0;12047.0;12047.0;12047.0;36.39910351124762;44.27658338175479;69.84311446833237;91.59956835726737;96.51365485183034;100.0;100.0;100.0;100.0;7690.0;6805.0;3633.0;1012.0;420.0;0.0;0.0;0.0;0.0;0.0;0.0;63.83331949863037;56.48709222212999;30.156885531667637;8.40043164273263;3.4863451481696686;0.0;0.0;0.0;0.0;0.0;0.0;3780.0;31034.0;31762.0;31762.0;31762.0;31762.0;31762.0;31762.0;31762.0;11.9010137900636;97.70795289969145;100.0;100.0;100.0;100.0;100.0;100.0;100.0;27982.0;3531.0;0.0;0.0;0.0;0.0;0.0;0.0;0.0;0.0;0.0;88.0989862099364;11.117058119765758;0.0;0.0;0.0;0.0;0.0;0.0;0.0;0.0;0.0;neos-933966;2;1631;0.051351;1601;0.057215;MIR;14626;-20595.834421703283;20595.834421703283;37381.183717123684;37381.183717123684;0.5509679569689143;-1048362.5656915319;1048362.5656915319;<;-501297.97187716654;1
31762.0;12047.0;2.636507014194405;0.0;0.0;0.0;0.0;12047.0;180618.0;180618.0;0.04720350823326686;27982.0;0.0;27982.0;3780.0;88.0989862099364;88.0989862099364;3780.0;11.9010137900636;0.0;0.0;0.0;0.0;5075.0;42.1266705403835;0.0;0.0;0.0;0.0;0.0;0.0;0.0;0.0;0.0;0.0;55.0;0.4565451979745995;0.0;0.0;0.0;0.0;0.0;0.0;0.0;0.0;0.0;0.0;3243.0;26.919565036938657;0.0;0.0;0.0;0.0;0.0;0.0;0.0;0.0;137527.0;76.14246642084399;137527.0;76.14246642084399;0.0;0.0;0.0;0.0;0.0;0.0;0.0;0.0;760.0;0.4207775526248768;0.0;0.0;0.0;0.0;0.0;0.0;0.0;0.0;0.0;0.0;34983.0;19.368501478257983;0.0;0.0;0.0;0.0;0.0;0.0;-1.0;1.0;0.9249022799499497;0.38020490862610556;1.0;0.0;3.7548860025025195;2.0;6782.0;3.7548860025025195;-1.0;1000.0;20.69951514388263;139.31092283530572;1000.0;0.0;5.783640828663182;3.0;1837.0;5.783640828663182;0.0;14.0;1.2471154644309788;1.1923547047933125;14.0;0.0;0.0;13.0;0.0;0.0;2.0;120.0;14.99277828505022;19.602610459409274;0.0;11.0;0.0;6.046042095752652;4385.0;5334.0;8414.0;11035.0;11627.0;12047.0;12047.0;12047.0;12047.0;36.39910351124762;44.27658338175479;69.84311446833237;91.59956835726737;96.51365485183034;100.0;100.0;100.0;100.0;7690.0;6805.0;3633.0;1012.0;420.0;0.0;0.0;0.0;0.0;0.0;0.0;63.83331949863037;56.48709222212999;30.156885531667637;8.40043164273263;3.4863451481696686;0.0;0.0;0.0;0.0;0.0;0.0;3780.0;31034.0;31762.0;31762.0;31762.0;31762.0;31762.0;31762.0;31762.0;11.9010137900636;97.70795289969145;100.0;100.0;100.0;100.0;100.0;100.0;100.0;27982.0;3531.0;0.0;0.0;0.0;0.0;0.0;0.0;0.0;0.0;0.0;88.0989862099364;11.117058119765758;0.0;0.0;0.0;0.0;0.0;0.0;0.0;0.0;0.0;neos-933966;2;1631;0.051351;1601;0.057215;MIR;16054;-4327.200703717049;4327.200703717049;7542.01134025288;7542.01134025288;0.5737462473202752;-252033.39539067616;252033.39539067616;<;-82902.37415515355;1
31762.0;12047.0;2.636507014194405;0.0;0.0;0.0;0.0;12047.0;180618.0;180618.0;0.04720350823326686;27982.0;0.0;27982.0;3780.0;88.0989862099364;88.0989862099364;3780.0;11.9010137900636;0.0;0.0;0.0;0.0;5075.0;42.1266705403835;0.0;0.0;0.0;0.0;0.0;0.0;0.0;0.0;0.0;0.0;55.0;0.4565451979745995;0.0;0.0;0.0;0.0;0.0;0.0;0.0;0.0;0.0;0.0;3243.0;26.919565036938657;0.0;0.0;0.0;0.0;0.0;0.0;0.0;0.0;137527.0;76.14246642084399;137527.0;76.14246642084399;0.0;0.0;0.0;0.0;0.0;0.0;0.0;0.0;760.0;0.4207775526248768;0.0;0.0;0.0;0.0;0.0;0.0;0.0;0.0;0.0;0.0;34983.0;19.368501478257983;0.0;0.0;0.0;0.0;0.0;0.0;-1.0;1.0;0.9249022799499497;0.38020490862610556;1.0;0.0;3.7548860025025195;2.0;6782.0;3.7548860025025195;-1.0;1000.0;20.69951514388263;139.31092283530572;1000.0;0.0;5.783640828663182;3.0;1837.0;5.783640828663182;0.0;14.0;1.2471154644309788;1.1923547047933125;14.0;0.0;0.0;13.0;0.0;0.0;2.0;120.0;14.99277828505022;19.602610459409274;0.0;11.0;0.0;6.046042095752652;4385.0;5334.0;8414.0;11035.0;11627.0;12047.0;12047.0;12047.0;12047.0;36.39910351124762;44.27658338175479;69.84311446833237;91.59956835726737;96.51365485183034;100.0;100.0;100.0;100.0;7690.0;6805.0;3633.0;1012.0;420.0;0.0;0.0;0.0;0.0;0.0;0.0;63.83331949863037;56.48709222212999;30.156885531667637;8.40043164273263;3.4863451481696686;0.0;0.0;0.0;0.0;0.0;0.0;3780.0;31034.0;31762.0;31762.0;31762.0;31762.0;31762.0;31762.0;31762.0;11.9010137900636;97.70795289969145;100.0;100.0;100.0;100.0;100.0;100.0;100.0;27982.0;3531.0;0.0;0.0;0.0;0.0;0.0;0.0;0.0;0.0;0.0;88.0989862099364;11.117058119765758;0.0;0.0;0.0;0.0;0.0;0.0;0.0;0.0;0.0;neos-933966;2;1631;0.051351;1601;0.057215;MIR;16054;-62420.53816339214;62420.53816339214;108794.09485349864;108794.09485349864;0.5737493220330313;-3635787.590624572;3635787.590624572;<;-1196247.1104532047;1
31762.0;12047.0;2.636507014194405;0.0;0.0;0.0;0.0;12047.0;180618.0;180618.0;0.04720350823326686;27982.0;0.0;27982.0;3780.0;88.0989862099364;88.0989862099364;3780.0;11.9010137900636;0.0;0.0;0.0;0.0;5075.0;42.1266705403835;0.0;0.0;0.0;0.0;0.0;0.0;0.0;0.0;0.0;0.0;55.0;0.4565451979745995;0.0;0.0;0.0;0.0;0.0;0.0;0.0;0.0;0.0;0.0;3243.0;26.919565036938657;0.0;0.0;0.0;0.0;0.0;0.0;0.0;0.0;137527.0;76.14246642084399;137527.0;76.14246642084399;0.0;0.0;0.0;0.0;0.0;0.0;0.0;0.0;760.0;0.4207775526248768;0.0;0.0;0.0;0.0;0.0;0.0;0.0;0.0;0.0;0.0;34983.0;19.368501478257983;0.0;0.0;0.0;0.0;0.0;0.0;-1.0;1.0;0.9249022799499497;0.38020490862610556;1.0;0.0;3.7548860025025195;2.0;6782.0;3.7548860025025195;-1.0;1000.0;20.69951514388263;139.31092283530572;1000.0;0.0;5.783640828663182;3.0;1837.0;5.783640828663182;0.0;14.0;1.2471154644309788;1.1923547047933125;14.0;0.0;0.0;13.0;0.0;0.0;2.0;120.0;14.99277828505022;19.602610459409274;0.0;11.0;0.0;6.046042095752652;4385.0;5334.0;8414.0;11035.0;11627.0;12047.0;12047.0;12047.0;12047.0;36.39910351124762;44.27658338175479;69.84311446833237;91.59956835726737;96.51365485183034;100.0;100.0;100.0;100.0;7690.0;6805.0;3633.0;1012.0;420.0;0.0;0.0;0.0;0.0;0.0;0.0;63.83331949863037;56.48709222212999;30.156885531667637;8.40043164273263;3.4863451481696686;0.0;0.0;0.0;0.0;0.0;0.0;3780.0;31034.0;31762.0;31762.0;31762.0;31762.0;31762.0;31762.0;31762.0;11.9010137900636;97.70795289969145;100.0;100.0;100.0;100.0;100.0;100.0;100.0;27982.0;3531.0;0.0;0.0;0.0;0.0;0.0;0.0;0.0;0.0;0.0;88.0989862099364;11.117058119765758;0.0;0.0;0.0;0.0;0.0;0.0;0.0;0.0;0.0;neos-933966;2;1631;0.051351;1601;0.057215;MIR;17830;-23.04951164560367;23.04951164560367;33.43442514060848;33.43442514060848;0.6893945850323115;-1344.5330446752475;1344.5330446752475;<;-459.7375067012956;1
31762.0;12047.0;2.636507014194405;0.0;0.0;0.0;0.0;12047.0;180618.0;180618.0;0.04720350823326686;27982.0;0.0;27982.0;3780.0;88.0989862099364;88.0989862099364;3780.0;11.9010137900636;0.0;0.0;0.0;0.0;5075.0;42.1266705403835;0.0;0.0;0.0;0.0;0.0;0.0;0.0;0.0;0.0;0.0;55.0;0.4565451979745995;0.0;0.0;0.0;0.0;0.0;0.0;0.0;0.0;0.0;0.0;3243.0;26.919565036938657;0.0;0.0;0.0;0.0;0.0;0.0;0.0;0.0;137527.0;76.14246642084399;137527.0;76.14246642084399;0.0;0.0;0.0;0.0;0.0;0.0;0.0;0.0;760.0;0.4207775526248768;0.0;0.0;0.0;0.0;0.0;0.0;0.0;0.0;0.0;0.0;34983.0;19.368501478257983;0.0;0.0;0.0;0.0;0.0;0.0;-1.0;1.0;0.9249022799499497;0.38020490862610556;1.0;0.0;3.7548860025025195;2.0;6782.0;3.7548860025025195;-1.0;1000.0;20.69951514388263;139.31092283530572;1000.0;0.0;5.783640828663182;3.0;1837.0;5.783640828663182;0.0;14.0;1.2471154644309788;1.1923547047933125;14.0;0.0;0.0;13.0;0.0;0.0;2.0;120.0;14.99277828505022;19.602610459409274;0.0;11.0;0.0;6.046042095752652;4385.0;5334.0;8414.0;11035.0;11627.0;12047.0;12047.0;12047.0;12047.0;36.39910351124762;44.27658338175479;69.84311446833237;91.59956835726737;96.51365485183034;100.0;100.0;100.0;100.0;7690.0;6805.0;3633.0;1012.0;420.0;0.0;0.0;0.0;0.0;0.0;0.0;63.83331949863037;56.48709222212999;30.156885531667637;8.40043164273263;3.4863451481696686;0.0;0.0;0.0;0.0;0.0;0.0;3780.0;31034.0;31762.0;31762.0;31762.0;31762.0;31762.0;31762.0;31762.0;11.9010137900636;97.70795289969145;100.0;100.0;100.0;100.0;100.0;100.0;100.0;27982.0;3531.0;0.0;0.0;0.0;0.0;0.0;0.0;0.0;0.0;0.0;88.0989862099364;11.117058119765758;0.0;0.0;0.0;0.0;0.0;0.0;0.0;0.0;0.0;neos-933966;2;1631;0.051351;1601;0.057215;MIR;17830;-322882.7360881961;322882.7360881961;468355.17237404454;468355.17237404454;0.6893971821674062;-18834563.818531808;18834563.818531808;<;-6440281.769513307;1
31762.0;12047.0;2.636507014194405;0.0;0.0;0.0;0.0;12047.0;180618.0;180618.0;0.04720350823326686;27982.0;0.0;27982.0;3780.0;88.0989862099364;88.0989862099364;3780.0;11.9010137900636;0.0;0.0;0.0;0.0;5075.0;42.1266705403835;0.0;0.0;0.0;0.0;0.0;0.0;0.0;0.0;0.0;0.0;55.0;0.4565451979745995;0.0;0.0;0.0;0.0;0.0;0.0;0.0;0.0;0.0;0.0;3243.0;26.919565036938657;0.0;0.0;0.0;0.0;0.0;0.0;0.0;0.0;137527.0;76.14246642084399;137527.0;76.14246642084399;0.0;0.0;0.0;0.0;0.0;0.0;0.0;0.0;760.0;0.4207775526248768;0.0;0.0;0.0;0.0;0.0;0.0;0.0;0.0;0.0;0.0;34983.0;19.368501478257983;0.0;0.0;0.0;0.0;0.0;0.0;-1.0;1.0;0.9249022799499497;0.38020490862610556;1.0;0.0;3.7548860025025195;2.0;6782.0;3.7548860025025195;-1.0;1000.0;20.69951514388263;139.31092283530572;1000.0;0.0;5.783640828663182;3.0;1837.0;5.783640828663182;0.0;14.0;1.2471154644309788;1.1923547047933125;14.0;0.0;0.0;13.0;0.0;0.0;2.0;120.0;14.99277828505022;19.602610459409274;0.0;11.0;0.0;6.046042095752652;4385.0;5334.0;8414.0;11035.0;11627.0;12047.0;12047.0;12047.0;12047.0;36.39910351124762;44.27658338175479;69.84311446833237;91.59956835726737;96.51365485183034;100.0;100.0;100.0;100.0;7690.0;6805.0;3633.0;1012.0;420.0;0.0;0.0;0.0;0.0;0.0;0.0;63.83331949863037;56.48709222212999;30.156885531667637;8.40043164273263;3.4863451481696686;0.0;0.0;0.0;0.0;0.0;0.0;3780.0;31034.0;31762.0;31762.0;31762.0;31762.0;31762.0;31762.0;31762.0;11.9010137900636;97.70795289969145;100.0;100.0;100.0;100.0;100.0;100.0;100.0;27982.0;3531.0;0.0;0.0;0.0;0.0;0.0;0.0;0.0;0.0;0.0;88.0989862099364;11.117058119765758;0.0;0.0;0.0;0.0;0.0;0.0;0.0;0.0;0.0;neos-933966;2;1631;0.051351;1601;0.057215;MIR;20901;-46.362472904241535;46.362472904241535;67.22278660452977;67.22278660452977;0.6896838891400171;-2576.0639425462455;2576.0639425462455;<;-617.7497660130584;1
31762.0;12047.0;2.636507014194405;0.0;0.0;0.0;0.0;12047.0;180618.0;180618.0;0.04720350823326686;27982.0;0.0;27982.0;3780.0;88.0989862099364;88.0989862099364;3780.0;11.9010137900636;0.0;0.0;0.0;0.0;5075.0;42.1266705403835;0.0;0.0;0.0;0.0;0.0;0.0;0.0;0.0;0.0;0.0;55.0;0.4565451979745995;0.0;0.0;0.0;0.0;0.0;0.0;0.0;0.0;0.0;0.0;3243.0;26.919565036938657;0.0;0.0;0.0;0.0;0.0;0.0;0.0;0.0;137527.0;76.14246642084399;137527.0;76.14246642084399;0.0;0.0;0.0;0.0;0.0;0.0;0.0;0.0;760.0;0.4207775526248768;0.0;0.0;0.0;0.0;0.0;0.0;0.0;0.0;0.0;0.0;34983.0;19.368501478257983;0.0;0.0;0.0;0.0;0.0;0.0;-1.0;1.0;0.9249022799499497;0.38020490862610556;1.0;0.0;3.7548860025025195;2.0;6782.0;3.7548860025025195;-1.0;1000.0;20.69951514388263;139.31092283530572;1000.0;0.0;5.783640828663182;3.0;1837.0;5.783640828663182;0.0;14.0;1.2471154644309788;1.1923547047933125;14.0;0.0;0.0;13.0;0.0;0.0;2.0;120.0;14.99277828505022;19.602610459409274;0.0;11.0;0.0;6.046042095752652;4385.0;5334.0;8414.0;11035.0;11627.0;12047.0;12047.0;12047.0;12047.0;36.39910351124762;44.27658338175479;69.84311446833237;91.59956835726737;96.51365485183034;100.0;100.0;100.0;100.0;7690.0;6805.0;3633.0;1012.0;420.0;0.0;0.0;0.0;0.0;0.0;0.0;63.83331949863037;56.48709222212999;30.156885531667637;8.40043164273263;3.4863451481696686;0.0;0.0;0.0;0.0;0.0;0.0;3780.0;31034.0;31762.0;31762.0;31762.0;31762.0;31762.0;31762.0;31762.0;11.9010137900636;97.70795289969145;100.0;100.0;100.0;100.0;100.0;100.0;100.0;27982.0;3531.0;0.0;0.0;0.0;0.0;0.0;0.0;0.0;0.0;0.0;88.0989862099364;11.117058119765758;0.0;0.0;0.0;0.0;0.0;0.0;0.0;0.0;0.0;neos-933966;2;1631;0.051351;1601;0.057215;MIR;17221;-219.34653972181826;219.34653972181826;355.64790949265415;355.64790949265415;0.6167519444574405;-15975.279949952728;15975.279949952728;<;-4730.923484267805;1
31762.0;12047.0;2.636507014194405;0.0;0.0;0.0;0.0;12047.0;180618.0;180618.0;0.04720350823326686;27982.0;0.0;27982.0;3780.0;88.0989862099364;88.0989862099364;3780.0;11.9010137900636;0.0;0.0;0.0;0.0;5075.0;42.1266705403835;0.0;0.0;0.0;0.0;0.0;0.0;0.0;0.0;0.0;0.0;55.0;0.4565451979745995;0.0;0.0;0.0;0.0;0.0;0.0;0.0;0.0;0.0;0.0;3243.0;26.919565036938657;0.0;0.0;0.0;0.0;0.0;0.0;0.0;0.0;137527.0;76.14246642084399;137527.0;76.14246642084399;0.0;0.0;0.0;0.0;0.0;0.0;0.0;0.0;760.0;0.4207775526248768;0.0;0.0;0.0;0.0;0.0;0.0;0.0;0.0;0.0;0.0;34983.0;19.368501478257983;0.0;0.0;0.0;0.0;0.0;0.0;-1.0;1.0;0.9249022799499497;0.38020490862610556;1.0;0.0;3.7548860025025195;2.0;6782.0;3.7548860025025195;-1.0;1000.0;20.69951514388263;139.31092283530572;1000.0;0.0;5.783640828663182;3.0;1837.0;5.783640828663182;0.0;14.0;1.2471154644309788;1.1923547047933125;14.0;0.0;0.0;13.0;0.0;0.0;2.0;120.0;14.99277828505022;19.602610459409274;0.0;11.0;0.0;6.046042095752652;4385.0;5334.0;8414.0;11035.0;11627.0;12047.0;12047.0;12047.0;12047.0;36.39910351124762;44.27658338175479;69.84311446833237;91.59956835726737;96.51365485183034;100.0;100.0;100.0;100.0;7690.0;6805.0;3633.0;1012.0;420.0;0.0;0.0;0.0;0.0;0.0;0.0;63.83331949863037;56.48709222212999;30.156885531667637;8.40043164273263;3.4863451481696686;0.0;0.0;0.0;0.0;0.0;0.0;3780.0;31034.0;31762.0;31762.0;31762.0;31762.0;31762.0;31762.0;31762.0;11.9010137900636;97.70795289969145;100.0;100.0;100.0;100.0;100.0;100.0;100.0;27982.0;3531.0;0.0;0.0;0.0;0.0;0.0;0.0;0.0;0.0;0.0;88.0989862099364;11.117058119765758;0.0;0.0;0.0;0.0;0.0;0.0;0.0;0.0;0.0;neos-933966;2;1631;0.051351;1601;0.057215;MIR;17221;-655329.290035212;655329.290035212;1062549.207869475;1062549.207869475;0.6167519444574406;-47728443.22501491;47728443.22501491;<;-14134313.365909696;1
31762.0;12047.0;2.636507014194405;0.0;0.0;0.0;0.0;12047.0;180618.0;180618.0;0.04720350823326686;27982.0;0.0;27982.0;3780.0;88.0989862099364;88.0989862099364;3780.0;11.9010137900636;0.0;0.0;0.0;0.0;5075.0;42.1266705403835;0.0;0.0;0.0;0.0;0.0;0.0;0.0;0.0;0.0;0.0;55.0;0.4565451979745995;0.0;0.0;0.0;0.0;0.0;0.0;0.0;0.0;0.0;0.0;3243.0;26.919565036938657;0.0;0.0;0.0;0.0;0.0;0.0;0.0;0.0;137527.0;76.14246642084399;137527.0;76.14246642084399;0.0;0.0;0.0;0.0;0.0;0.0;0.0;0.0;760.0;0.4207775526248768;0.0;0.0;0.0;0.0;0.0;0.0;0.0;0.0;0.0;0.0;34983.0;19.368501478257983;0.0;0.0;0.0;0.0;0.0;0.0;-1.0;1.0;0.9249022799499497;0.38020490862610556;1.0;0.0;3.7548860025025195;2.0;6782.0;3.7548860025025195;-1.0;1000.0;20.69951514388263;139.31092283530572;1000.0;0.0;5.783640828663182;3.0;1837.0;5.783640828663182;0.0;14.0;1.2471154644309788;1.1923547047933125;14.0;0.0;0.0;13.0;0.0;0.0;2.0;120.0;14.99277828505022;19.602610459409274;0.0;11.0;0.0;6.046042095752652;4385.0;5334.0;8414.0;11035.0;11627.0;12047.0;12047.0;12047.0;12047.0;36.39910351124762;44.27658338175479;69.84311446833237;91.59956835726737;96.51365485183034;100.0;100.0;100.0;100.0;7690.0;6805.0;3633.0;1012.0;420.0;0.0;0.0;0.0;0.0;0.0;0.0;63.83331949863037;56.48709222212999;30.156885531667637;8.40043164273263;3.4863451481696686;0.0;0.0;0.0;0.0;0.0;0.0;3780.0;31034.0;31762.0;31762.0;31762.0;31762.0;31762.0;31762.0;31762.0;11.9010137900636;97.70795289969145;100.0;100.0;100.0;100.0;100.0;100.0;100.0;27982.0;3531.0;0.0;0.0;0.0;0.0;0.0;0.0;0.0;0.0;0.0;88.0989862099364;11.117058119765758;0.0;0.0;0.0;0.0;0.0;0.0;0.0;0.0;0.0;neos-933966;2;1631;0.051351;1601;0.057215;MIR;19691;-4028.3483378622923;4028.3483378622923;6305.868097076994;6305.868097076994;0.6388253410707374;-273914.618682243;273914.618682243;<;-90163.6165946919;1
31762.0;12047.0;2.636507014194405;0.0;0.0;0.0;0.0;12047.0;180618.0;180618.0;0.04720350823326686;27982.0;0.0;27982.0;3780.0;88.0989862099364;88.0989862099364;3780.0;11.9010137900636;0.0;0.0;0.0;0.0;5075.0;42.1266705403835;0.0;0.0;0.0;0.0;0.0;0.0;0.0;0.0;0.0;0.0;55.0;0.4565451979745995;0.0;0.0;0.0;0.0;0.0;0.0;0.0;0.0;0.0;0.0;3243.0;26.919565036938657;0.0;0.0;0.0;0.0;0.0;0.0;0.0;0.0;137527.0;76.14246642084399;137527.0;76.14246642084399;0.0;0.0;0.0;0.0;0.0;0.0;0.0;0.0;760.0;0.4207775526248768;0.0;0.0;0.0;0.0;0.0;0.0;0.0;0.0;0.0;0.0;34983.0;19.368501478257983;0.0;0.0;0.0;0.0;0.0;0.0;-1.0;1.0;0.9249022799499497;0.38020490862610556;1.0;0.0;3.7548860025025195;2.0;6782.0;3.7548860025025195;-1.0;1000.0;20.69951514388263;139.31092283530572;1000.0;0.0;5.783640828663182;3.0;1837.0;5.783640828663182;0.0;14.0;1.2471154644309788;1.1923547047933125;14.0;0.0;0.0;13.0;0.0;0.0;2.0;120.0;14.99277828505022;19.602610459409274;0.0;11.0;0.0;6.046042095752652;4385.0;5334.0;8414.0;11035.0;11627.0;12047.0;12047.0;12047.0;12047.0;36.39910351124762;44.27658338175479;69.84311446833237;91.59956835726737;96.51365485183034;100.0;100.0;100.0;100.0;7690.0;6805.0;3633.0;1012.0;420.0;0.0;0.0;0.0;0.0;0.0;0.0;63.83331949863037;56.48709222212999;30.156885531667637;8.40043164273263;3.4863451481696686;0.0;0.0;0.0;0.0;0.0;0.0;3780.0;31034.0;31762.0;31762.0;31762.0;31762.0;31762.0;31762.0;31762.0;11.9010137900636;97.70795289969145;100.0;100.0;100.0;100.0;100.0;100.0;100.0;27982.0;3531.0;0.0;0.0;0.0;0.0;0.0;0.0;0.0;0.0;0.0;88.0989862099364;11.117058119765758;0.0;0.0;0.0;0.0;0.0;0.0;0.0;0.0;0.0;neos-933966;2;1631;0.051351;1601;0.057215;MIR;19691;-4283.045440954489;4283.045440954489;6703.783687490767;6703.783687490767;0.6388997080777882;-291399.8107657333;291399.8107657333;<;-96240.01598075803;1
31762.0;12047.0;2.636507014194405;0.0;0.0;0.0;0.0;12047.0;180618.0;180618.0;0.04720350823326686;27982.0;0.0;27982.0;3780.0;88.0989862099364;88.0989862099364;3780.0;11.9010137900636;0.0;0.0;0.0;0.0;5075.0;42.1266705403835;0.0;0.0;0.0;0.0;0.0;0.0;0.0;0.0;0.0;0.0;55.0;0.4565451979745995;0.0;0.0;0.0;0.0;0.0;0.0;0.0;0.0;0.0;0.0;3243.0;26.919565036938657;0.0;0.0;0.0;0.0;0.0;0.0;0.0;0.0;137527.0;76.14246642084399;137527.0;76.14246642084399;0.0;0.0;0.0;0.0;0.0;0.0;0.0;0.0;760.0;0.4207775526248768;0.0;0.0;0.0;0.0;0.0;0.0;0.0;0.0;0.0;0.0;34983.0;19.368501478257983;0.0;0.0;0.0;0.0;0.0;0.0;-1.0;1.0;0.9249022799499497;0.38020490862610556;1.0;0.0;3.7548860025025195;2.0;6782.0;3.7548860025025195;-1.0;1000.0;20.69951514388263;139.31092283530572;1000.0;0.0;5.783640828663182;3.0;1837.0;5.783640828663182;0.0;14.0;1.2471154644309788;1.1923547047933125;14.0;0.0;0.0;13.0;0.0;0.0;2.0;120.0;14.99277828505022;19.602610459409274;0.0;11.0;0.0;6.046042095752652;4385.0;5334.0;8414.0;11035.0;11627.0;12047.0;12047.0;12047.0;12047.0;36.39910351124762;44.27658338175479;69.84311446833237;91.59956835726737;96.51365485183034;100.0;100.0;100.0;100.0;7690.0;6805.0;3633.0;1012.0;420.0;0.0;0.0;0.0;0.0;0.0;0.0;63.83331949863037;56.48709222212999;30.156885531667637;8.40043164273263;3.4863451481696686;0.0;0.0;0.0;0.0;0.0;0.0;3780.0;31034.0;31762.0;31762.0;31762.0;31762.0;31762.0;31762.0;31762.0;11.9010137900636;97.70795289969145;100.0;100.0;100.0;100.0;100.0;100.0;100.0;27982.0;3531.0;0.0;0.0;0.0;0.0;0.0;0.0;0.0;0.0;0.0;88.0989862099364;11.117058119765758;0.0;0.0;0.0;0.0;0.0;0.0;0.0;0.0;0.0;neos-933966;2;1631;0.051351;1601;0.057215;MIR;17950;-3208.412132805075;3208.412132805075;4904.75430232983;4904.75430232983;0.6541432934328703;-233631.78167473222;233631.78167473222;<;-67246.22030276025;1
31762.0;12047.0;2.636507014194405;0.0;0.0;0.0;0.0;12047.0;180618.0;180618.0;0.04720350823326686;27982.0;0.0;27982.0;3780.0;88.0989862099364;88.0989862099364;3780.0;11.9010137900636;0.0;0.0;0.0;0.0;5075.0;42.1266705403835;0.0;0.0;0.0;0.0;0.0;0.0;0.0;0.0;0.0;0.0;55.0;0.4565451979745995;0.0;0.0;0.0;0.0;0.0;0.0;0.0;0.0;0.0;0.0;3243.0;26.919565036938657;0.0;0.0;0.0;0.0;0.0;0.0;0.0;0.0;137527.0;76.14246642084399;137527.0;76.14246642084399;0.0;0.0;0.0;0.0;0.0;0.0;0.0;0.0;760.0;0.4207775526248768;0.0;0.0;0.0;0.0;0.0;0.0;0.0;0.0;0.0;0.0;34983.0;19.368501478257983;0.0;0.0;0.0;0.0;0.0;0.0;-1.0;1.0;0.9249022799499497;0.38020490862610556;1.0;0.0;3.7548860025025195;2.0;6782.0;3.7548860025025195;-1.0;1000.0;20.69951514388263;139.31092283530572;1000.0;0.0;5.783640828663182;3.0;1837.0;5.783640828663182;0.0;14.0;1.2471154644309788;1.1923547047933125;14.0;0.0;0.0;13.0;0.0;0.0;2.0;120.0;14.99277828505022;19.602610459409274;0.0;11.0;0.0;6.046042095752652;4385.0;5334.0;8414.0;11035.0;11627.0;12047.0;12047.0;12047.0;12047.0;36.39910351124762;44.27658338175479;69.84311446833237;91.59956835726737;96.51365485183034;100.0;100.0;100.0;100.0;7690.0;6805.0;3633.0;1012.0;420.0;0.0;0.0;0.0;0.0;0.0;0.0;63.83331949863037;56.48709222212999;30.156885531667637;8.40043164273263;3.4863451481696686;0.0;0.0;0.0;0.0;0.0;0.0;3780.0;31034.0;31762.0;31762.0;31762.0;31762.0;31762.0;31762.0;31762.0;11.9010137900636;97.70795289969145;100.0;100.0;100.0;100.0;100.0;100.0;100.0;27982.0;3531.0;0.0;0.0;0.0;0.0;0.0;0.0;0.0;0.0;0.0;88.0989862099364;11.117058119765758;0.0;0.0;0.0;0.0;0.0;0.0;0.0;0.0;0.0;neos-933966;2;1631;0.051351;1601;0.057215;MIR;17950;-624101.5866232463;624101.5866232463;954073.4362376452;954073.4362376452;0.654144181064687;-45446249.72873805;45446249.72873805;<;-13081055.488169853;1
31762.0;12047.0;2.636507014194405;0.0;0.0;0.0;0.0;12047.0;180618.0;180618.0;0.04720350823326686;27982.0;0.0;27982.0;3780.0;88.0989862099364;88.0989862099364;3780.0;11.9010137900636;0.0;0.0;0.0;0.0;5075.0;42.1266705403835;0.0;0.0;0.0;0.0;0.0;0.0;0.0;0.0;0.0;0.0;55.0;0.4565451979745995;0.0;0.0;0.0;0.0;0.0;0.0;0.0;0.0;0.0;0.0;3243.0;26.919565036938657;0.0;0.0;0.0;0.0;0.0;0.0;0.0;0.0;137527.0;76.14246642084399;137527.0;76.14246642084399;0.0;0.0;0.0;0.0;0.0;0.0;0.0;0.0;760.0;0.4207775526248768;0.0;0.0;0.0;0.0;0.0;0.0;0.0;0.0;0.0;0.0;34983.0;19.368501478257983;0.0;0.0;0.0;0.0;0.0;0.0;-1.0;1.0;0.9249022799499497;0.38020490862610556;1.0;0.0;3.7548860025025195;2.0;6782.0;3.7548860025025195;-1.0;1000.0;20.69951514388263;139.31092283530572;1000.0;0.0;5.783640828663182;3.0;1837.0;5.783640828663182;0.0;14.0;1.2471154644309788;1.1923547047933125;14.0;0.0;0.0;13.0;0.0;0.0;2.0;120.0;14.99277828505022;19.602610459409274;0.0;11.0;0.0;6.046042095752652;4385.0;5334.0;8414.0;11035.0;11627.0;12047.0;12047.0;12047.0;12047.0;36.39910351124762;44.27658338175479;69.84311446833237;91.59956835726737;96.51365485183034;100.0;100.0;100.0;100.0;7690.0;6805.0;3633.0;1012.0;420.0;0.0;0.0;0.0;0.0;0.0;0.0;63.83331949863037;56.48709222212999;30.156885531667637;8.40043164273263;3.4863451481696686;0.0;0.0;0.0;0.0;0.0;0.0;3780.0;31034.0;31762.0;31762.0;31762.0;31762.0;31762.0;31762.0;31762.0;11.9010137900636;97.70795289969145;100.0;100.0;100.0;100.0;100.0;100.0;100.0;27982.0;3531.0;0.0;0.0;0.0;0.0;0.0;0.0;0.0;0.0;0.0;88.0989862099364;11.117058119765758;0.0;0.0;0.0;0.0;0.0;0.0;0.0;0.0;0.0;neos-933966;2;1631;0.051351;1601;0.057215;MIR;16399;-19991.15899129859;19991.15899129859;34079.62572586106;34079.62572586106;0.5866014830124281;-1344210.859694418;1344210.859694418;<;-575841.1797017243;1
31762.0;12047.0;2.636507014194405;0.0;0.0;0.0;0.0;12047.0;180618.0;180618.0;0.04720350823326686;27982.0;0.0;27982.0;3780.0;88.0989862099364;88.0989862099364;3780.0;11.9010137900636;0.0;0.0;0.0;0.0;5075.0;42.1266705403835;0.0;0.0;0.0;0.0;0.0;0.0;0.0;0.0;0.0;0.0;55.0;0.4565451979745995;0.0;0.0;0.0;0.0;0.0;0.0;0.0;0.0;0.0;0.0;3243.0;26.919565036938657;0.0;0.0;0.0;0.0;0.0;0.0;0.0;0.0;137527.0;76.14246642084399;137527.0;76.14246642084399;0.0;0.0;0.0;0.0;0.0;0.0;0.0;0.0;760.0;0.4207775526248768;0.0;0.0;0.0;0.0;0.0;0.0;0.0;0.0;0.0;0.0;34983.0;19.368501478257983;0.0;0.0;0.0;0.0;0.0;0.0;-1.0;1.0;0.9249022799499497;0.38020490862610556;1.0;0.0;3.7548860025025195;2.0;6782.0;3.7548860025025195;-1.0;1000.0;20.69951514388263;139.31092283530572;1000.0;0.0;5.783640828663182;3.0;1837.0;5.783640828663182;0.0;14.0;1.2471154644309788;1.1923547047933125;14.0;0.0;0.0;13.0;0.0;0.0;2.0;120.0;14.99277828505022;19.602610459409274;0.0;11.0;0.0;6.046042095752652;4385.0;5334.0;8414.0;11035.0;11627.0;12047.0;12047.0;12047.0;12047.0;36.39910351124762;44.27658338175479;69.84311446833237;91.59956835726737;96.51365485183034;100.0;100.0;100.0;100.0;7690.0;6805.0;3633.0;1012.0;420.0;0.0;0.0;0.0;0.0;0.0;0.0;63.83331949863037;56.48709222212999;30.156885531667637;8.40043164273263;3.4863451481696686;0.0;0.0;0.0;0.0;0.0;0.0;3780.0;31034.0;31762.0;31762.0;31762.0;31762.0;31762.0;31762.0;31762.0;11.9010137900636;97.70795289969145;100.0;100.0;100.0;100.0;100.0;100.0;100.0;27982.0;3531.0;0.0;0.0;0.0;0.0;0.0;0.0;0.0;0.0;0.0;88.0989862099364;11.117058119765758;0.0;0.0;0.0;0.0;0.0;0.0;0.0;0.0;0.0;neos-933966;2;1631;0.051351;1601;0.057215;MIR;16382;-2347.0526980222867;2347.0526980222867;4000.2165814050068;4000.2165814050068;0.5867314057275181;-157946.07771097418;157946.07771097418;<;-67945.58076266546;1
31762.0;12047.0;2.636507014194405;0.0;0.0;0.0;0.0;12047.0;180618.0;180618.0;0.04720350823326686;27982.0;0.0;27982.0;3780.0;88.0989862099364;88.0989862099364;3780.0;11.9010137900636;0.0;0.0;0.0;0.0;5075.0;42.1266705403835;0.0;0.0;0.0;0.0;0.0;0.0;0.0;0.0;0.0;0.0;55.0;0.4565451979745995;0.0;0.0;0.0;0.0;0.0;0.0;0.0;0.0;0.0;0.0;3243.0;26.919565036938657;0.0;0.0;0.0;0.0;0.0;0.0;0.0;0.0;137527.0;76.14246642084399;137527.0;76.14246642084399;0.0;0.0;0.0;0.0;0.0;0.0;0.0;0.0;760.0;0.4207775526248768;0.0;0.0;0.0;0.0;0.0;0.0;0.0;0.0;0.0;0.0;34983.0;19.368501478257983;0.0;0.0;0.0;0.0;0.0;0.0;-1.0;1.0;0.9249022799499497;0.38020490862610556;1.0;0.0;3.7548860025025195;2.0;6782.0;3.7548860025025195;-1.0;1000.0;20.69951514388263;139.31092283530572;1000.0;0.0;5.783640828663182;3.0;1837.0;5.783640828663182;0.0;14.0;1.2471154644309788;1.1923547047933125;14.0;0.0;0.0;13.0;0.0;0.0;2.0;120.0;14.99277828505022;19.602610459409274;0.0;11.0;0.0;6.046042095752652;4385.0;5334.0;8414.0;11035.0;11627.0;12047.0;12047.0;12047.0;12047.0;36.39910351124762;44.27658338175479;69.84311446833237;91.59956835726737;96.51365485183034;100.0;100.0;100.0;100.0;7690.0;6805.0;3633.0;1012.0;420.0;0.0;0.0;0.0;0.0;0.0;0.0;63.83331949863037;56.48709222212999;30.156885531667637;8.40043164273263;3.4863451481696686;0.0;0.0;0.0;0.0;0.0;0.0;3780.0;31034.0;31762.0;31762.0;31762.0;31762.0;31762.0;31762.0;31762.0;11.9010137900636;97.70795289969145;100.0;100.0;100.0;100.0;100.0;100.0;100.0;27982.0;3531.0;0.0;0.0;0.0;0.0;0.0;0.0;0.0;0.0;0.0;88.0989862099364;11.117058119765758;0.0;0.0;0.0;0.0;0.0;0.0;0.0;0.0;0.0;neos-933966;2;1631;0.051351;1601;0.057215;MIR;18926;-165.3054996209221;165.3054996209221;279.0248310624418;279.0248310624418;0.5924401028807685;-15055.847814746707;15055.847814746707;<;-3412.3735673657648;1
31762.0;12047.0;2.636507014194405;0.0;0.0;0.0;0.0;12047.0;180618.0;180618.0;0.04720350823326686;27982.0;0.0;27982.0;3780.0;88.0989862099364;88.0989862099364;3780.0;11.9010137900636;0.0;0.0;0.0;0.0;5075.0;42.1266705403835;0.0;0.0;0.0;0.0;0.0;0.0;0.0;0.0;0.0;0.0;55.0;0.4565451979745995;0.0;0.0;0.0;0.0;0.0;0.0;0.0;0.0;0.0;0.0;3243.0;26.919565036938657;0.0;0.0;0.0;0.0;0.0;0.0;0.0;0.0;137527.0;76.14246642084399;137527.0;76.14246642084399;0.0;0.0;0.0;0.0;0.0;0.0;0.0;0.0;760.0;0.4207775526248768;0.0;0.0;0.0;0.0;0.0;0.0;0.0;0.0;0.0;0.0;34983.0;19.368501478257983;0.0;0.0;0.0;0.0;0.0;0.0;-1.0;1.0;0.9249022799499497;0.38020490862610556;1.0;0.0;3.7548860025025195;2.0;6782.0;3.7548860025025195;-1.0;1000.0;20.69951514388263;139.31092283530572;1000.0;0.0;5.783640828663182;3.0;1837.0;5.783640828663182;0.0;14.0;1.2471154644309788;1.1923547047933125;14.0;0.0;0.0;13.0;0.0;0.0;2.0;120.0;14.99277828505022;19.602610459409274;0.0;11.0;0.0;6.046042095752652;4385.0;5334.0;8414.0;11035.0;11627.0;12047.0;12047.0;12047.0;12047.0;36.39910351124762;44.27658338175479;69.84311446833237;91.59956835726737;96.51365485183034;100.0;100.0;100.0;100.0;7690.0;6805.0;3633.0;1012.0;420.0;0.0;0.0;0.0;0.0;0.0;0.0;63.83331949863037;56.48709222212999;30.156885531667637;8.40043164273263;3.4863451481696686;0.0;0.0;0.0;0.0;0.0;0.0;3780.0;31034.0;31762.0;31762.0;31762.0;31762.0;31762.0;31762.0;31762.0;11.9010137900636;97.70795289969145;100.0;100.0;100.0;100.0;100.0;100.0;100.0;27982.0;3531.0;0.0;0.0;0.0;0.0;0.0;0.0;0.0;0.0;0.0;88.0989862099364;11.117058119765758;0.0;0.0;0.0;0.0;0.0;0.0;0.0;0.0;0.0;neos-933966;2;1631;0.051351;1601;0.057215;MIR;18926;-24450.31630427774;24450.31630427774;41270.6850171444;41270.6850171444;0.5924378598058343;-2226982.8230470875;2226982.8230470875;<;-504867.92713839374;1
31762.0;12047.0;2.636507014194405;0.0;0.0;0.0;0.0;12047.0;180618.0;180618.0;0.04720350823326686;27982.0;0.0;27982.0;3780.0;88.0989862099364;88.0989862099364;3780.0;11.9010137900636;0.0;0.0;0.0;0.0;5075.0;42.1266705403835;0.0;0.0;0.0;0.0;0.0;0.0;0.0;0.0;0.0;0.0;55.0;0.4565451979745995;0.0;0.0;0.0;0.0;0.0;0.0;0.0;0.0;0.0;0.0;3243.0;26.919565036938657;0.0;0.0;0.0;0.0;0.0;0.0;0.0;0.0;137527.0;76.14246642084399;137527.0;76.14246642084399;0.0;0.0;0.0;0.0;0.0;0.0;0.0;0.0;760.0;0.4207775526248768;0.0;0.0;0.0;0.0;0.0;0.0;0.0;0.0;0.0;0.0;34983.0;19.368501478257983;0.0;0.0;0.0;0.0;0.0;0.0;-1.0;1.0;0.9249022799499497;0.38020490862610556;1.0;0.0;3.7548860025025195;2.0;6782.0;3.7548860025025195;-1.0;1000.0;20.69951514388263;139.31092283530572;1000.0;0.0;5.783640828663182;3.0;1837.0;5.783640828663182;0.0;14.0;1.2471154644309788;1.1923547047933125;14.0;0.0;0.0;13.0;0.0;0.0;2.0;120.0;14.99277828505022;19.602610459409274;0.0;11.0;0.0;6.046042095752652;4385.0;5334.0;8414.0;11035.0;11627.0;12047.0;12047.0;12047.0;12047.0;36.39910351124762;44.27658338175479;69.84311446833237;91.59956835726737;96.51365485183034;100.0;100.0;100.0;100.0;7690.0;6805.0;3633.0;1012.0;420.0;0.0;0.0;0.0;0.0;0.0;0.0;63.83331949863037;56.48709222212999;30.156885531667637;8.40043164273263;3.4863451481696686;0.0;0.0;0.0;0.0;0.0;0.0;3780.0;31034.0;31762.0;31762.0;31762.0;31762.0;31762.0;31762.0;31762.0;11.9010137900636;97.70795289969145;100.0;100.0;100.0;100.0;100.0;100.0;100.0;27982.0;3531.0;0.0;0.0;0.0;0.0;0.0;0.0;0.0;0.0;0.0;88.0989862099364;11.117058119765758;0.0;0.0;0.0;0.0;0.0;0.0;0.0;0.0;0.0;neos-933966;2;1631;0.051351;1601;0.057215;MIR;18481;-10.62880625388444;10.62880625388444;23.706993588805073;23.706993588805073;0.44834053774341;-1198.4746706786207;1198.4746706786207;<;-413.1859984459036;1
31762.0;12047.0;2.636507014194405;0.0;0.0;0.0;0.0;12047.0;180618.0;180618.0;0.04720350823326686;27982.0;0.0;27982.0;3780.0;88.0989862099364;88.0989862099364;3780.0;11.9010137900636;0.0;0.0;0.0;0.0;5075.0;42.1266705403835;0.0;0.0;0.0;0.0;0.0;0.0;0.0;0.0;0.0;0.0;55.0;0.4565451979745995;0.0;0.0;0.0;0.0;0.0;0.0;0.0;0.0;0.0;0.0;3243.0;26.919565036938657;0.0;0.0;0.0;0.0;0.0;0.0;0.0;0.0;137527.0;76.14246642084399;137527.0;76.14246642084399;0.0;0.0;0.0;0.0;0.0;0.0;0.0;0.0;760.0;0.4207775526248768;0.0;0.0;0.0;0.0;0.0;0.0;0.0;0.0;0.0;0.0;34983.0;19.368501478257983;0.0;0.0;0.0;0.0;0.0;0.0;-1.0;1.0;0.9249022799499497;0.38020490862610556;1.0;0.0;3.7548860025025195;2.0;6782.0;3.7548860025025195;-1.0;1000.0;20.69951514388263;139.31092283530572;1000.0;0.0;5.783640828663182;3.0;1837.0;5.783640828663182;0.0;14.0;1.2471154644309788;1.1923547047933125;14.0;0.0;0.0;13.0;0.0;0.0;2.0;120.0;14.99277828505022;19.602610459409274;0.0;11.0;0.0;6.046042095752652;4385.0;5334.0;8414.0;11035.0;11627.0;12047.0;12047.0;12047.0;12047.0;36.39910351124762;44.27658338175479;69.84311446833237;91.59956835726737;96.51365485183034;100.0;100.0;100.0;100.0;7690.0;6805.0;3633.0;1012.0;420.0;0.0;0.0;0.0;0.0;0.0;0.0;63.83331949863037;56.48709222212999;30.156885531667637;8.40043164273263;3.4863451481696686;0.0;0.0;0.0;0.0;0.0;0.0;3780.0;31034.0;31762.0;31762.0;31762.0;31762.0;31762.0;31762.0;31762.0;11.9010137900636;97.70795289969145;100.0;100.0;100.0;100.0;100.0;100.0;100.0;27982.0;3531.0;0.0;0.0;0.0;0.0;0.0;0.0;0.0;0.0;0.0;88.0989862099364;11.117058119765758;0.0;0.0;0.0;0.0;0.0;0.0;0.0;0.0;0.0;neos-933966;2;1631;0.051351;1601;0.057215;MIR;18481;-20050.437899564877;20050.437899564877;44722.65215265793;44722.65215265793;0.4483284629704871;-2260884.1131093604;2260884.1131093604;<;-779435.6414442735;1
31762.0;12047.0;2.636507014194405;0.0;0.0;0.0;0.0;12047.0;180618.0;180618.0;0.04720350823326686;27982.0;0.0;27982.0;3780.0;88.0989862099364;88.0989862099364;3780.0;11.9010137900636;0.0;0.0;0.0;0.0;5075.0;42.1266705403835;0.0;0.0;0.0;0.0;0.0;0.0;0.0;0.0;0.0;0.0;55.0;0.4565451979745995;0.0;0.0;0.0;0.0;0.0;0.0;0.0;0.0;0.0;0.0;3243.0;26.919565036938657;0.0;0.0;0.0;0.0;0.0;0.0;0.0;0.0;137527.0;76.14246642084399;137527.0;76.14246642084399;0.0;0.0;0.0;0.0;0.0;0.0;0.0;0.0;760.0;0.4207775526248768;0.0;0.0;0.0;0.0;0.0;0.0;0.0;0.0;0.0;0.0;34983.0;19.368501478257983;0.0;0.0;0.0;0.0;0.0;0.0;-1.0;1.0;0.9249022799499497;0.38020490862610556;1.0;0.0;3.7548860025025195;2.0;6782.0;3.7548860025025195;-1.0;1000.0;20.69951514388263;139.31092283530572;1000.0;0.0;5.783640828663182;3.0;1837.0;5.783640828663182;0.0;14.0;1.2471154644309788;1.1923547047933125;14.0;0.0;0.0;13.0;0.0;0.0;2.0;120.0;14.99277828505022;19.602610459409274;0.0;11.0;0.0;6.046042095752652;4385.0;5334.0;8414.0;11035.0;11627.0;12047.0;12047.0;12047.0;12047.0;36.39910351124762;44.27658338175479;69.84311446833237;91.59956835726737;96.51365485183034;100.0;100.0;100.0;100.0;7690.0;6805.0;3633.0;1012.0;420.0;0.0;0.0;0.0;0.0;0.0;0.0;63.83331949863037;56.48709222212999;30.156885531667637;8.40043164273263;3.4863451481696686;0.0;0.0;0.0;0.0;0.0;0.0;3780.0;31034.0;31762.0;31762.0;31762.0;31762.0;31762.0;31762.0;31762.0;11.9010137900636;97.70795289969145;100.0;100.0;100.0;100.0;100.0;100.0;100.0;27982.0;3531.0;0.0;0.0;0.0;0.0;0.0;0.0;0.0;0.0;0.0;88.0989862099364;11.117058119765758;0.0;0.0;0.0;0.0;0.0;0.0;0.0;0.0;0.0;neos-933966;2;1631;0.051351;1601;0.057215;MIR;18051;-142.20688231577603;142.20688231577603;224.1097043784273;224.1097043784273;0.6345413854798909;-12276.850788728825;12276.850788728825;<;-4501.2897982449595;1
31762.0;12047.0;2.636507014194405;0.0;0.0;0.0;0.0;12047.0;180618.0;180618.0;0.04720350823326686;27982.0;0.0;27982.0;3780.0;88.0989862099364;88.0989862099364;3780.0;11.9010137900636;0.0;0.0;0.0;0.0;5075.0;42.1266705403835;0.0;0.0;0.0;0.0;0.0;0.0;0.0;0.0;0.0;0.0;55.0;0.4565451979745995;0.0;0.0;0.0;0.0;0.0;0.0;0.0;0.0;0.0;0.0;3243.0;26.919565036938657;0.0;0.0;0.0;0.0;0.0;0.0;0.0;0.0;137527.0;76.14246642084399;137527.0;76.14246642084399;0.0;0.0;0.0;0.0;0.0;0.0;0.0;0.0;760.0;0.4207775526248768;0.0;0.0;0.0;0.0;0.0;0.0;0.0;0.0;0.0;0.0;34983.0;19.368501478257983;0.0;0.0;0.0;0.0;0.0;0.0;-1.0;1.0;0.9249022799499497;0.38020490862610556;1.0;0.0;3.7548860025025195;2.0;6782.0;3.7548860025025195;-1.0;1000.0;20.69951514388263;139.31092283530572;1000.0;0.0;5.783640828663182;3.0;1837.0;5.783640828663182;0.0;14.0;1.2471154644309788;1.1923547047933125;14.0;0.0;0.0;13.0;0.0;0.0;2.0;120.0;14.99277828505022;19.602610459409274;0.0;11.0;0.0;6.046042095752652;4385.0;5334.0;8414.0;11035.0;11627.0;12047.0;12047.0;12047.0;12047.0;36.39910351124762;44.27658338175479;69.84311446833237;91.59956835726737;96.51365485183034;100.0;100.0;100.0;100.0;7690.0;6805.0;3633.0;1012.0;420.0;0.0;0.0;0.0;0.0;0.0;0.0;63.83331949863037;56.48709222212999;30.156885531667637;8.40043164273263;3.4863451481696686;0.0;0.0;0.0;0.0;0.0;0.0;3780.0;31034.0;31762.0;31762.0;31762.0;31762.0;31762.0;31762.0;31762.0;11.9010137900636;97.70795289969145;100.0;100.0;100.0;100.0;100.0;100.0;100.0;27982.0;3531.0;0.0;0.0;0.0;0.0;0.0;0.0;0.0;0.0;0.0;88.0989862099364;11.117058119765758;0.0;0.0;0.0;0.0;0.0;0.0;0.0;0.0;0.0;neos-933966;2;1631;0.051351;1601;0.057215;MIR;18050;-44562.498027501024;44562.498027501024;70227.2276953051;70227.2276953051;0.6345473043709535;-3847238.26381702;3847238.26381702;<;-1410786.2331891833;1
31762.0;12047.0;2.636507014194405;0.0;0.0;0.0;0.0;12047.0;180618.0;180618.0;0.04720350823326686;27982.0;0.0;27982.0;3780.0;88.0989862099364;88.0989862099364;3780.0;11.9010137900636;0.0;0.0;0.0;0.0;5075.0;42.1266705403835;0.0;0.0;0.0;0.0;0.0;0.0;0.0;0.0;0.0;0.0;55.0;0.4565451979745995;0.0;0.0;0.0;0.0;0.0;0.0;0.0;0.0;0.0;0.0;3243.0;26.919565036938657;0.0;0.0;0.0;0.0;0.0;0.0;0.0;0.0;137527.0;76.14246642084399;137527.0;76.14246642084399;0.0;0.0;0.0;0.0;0.0;0.0;0.0;0.0;760.0;0.4207775526248768;0.0;0.0;0.0;0.0;0.0;0.0;0.0;0.0;0.0;0.0;34983.0;19.368501478257983;0.0;0.0;0.0;0.0;0.0;0.0;-1.0;1.0;0.9249022799499497;0.38020490862610556;1.0;0.0;3.7548860025025195;2.0;6782.0;3.7548860025025195;-1.0;1000.0;20.69951514388263;139.31092283530572;1000.0;0.0;5.783640828663182;3.0;1837.0;5.783640828663182;0.0;14.0;1.2471154644309788;1.1923547047933125;14.0;0.0;0.0;13.0;0.0;0.0;2.0;120.0;14.99277828505022;19.602610459409274;0.0;11.0;0.0;6.046042095752652;4385.0;5334.0;8414.0;11035.0;11627.0;12047.0;12047.0;12047.0;12047.0;36.39910351124762;44.27658338175479;69.84311446833237;91.59956835726737;96.51365485183034;100.0;100.0;100.0;100.0;7690.0;6805.0;3633.0;1012.0;420.0;0.0;0.0;0.0;0.0;0.0;0.0;63.83331949863037;56.48709222212999;30.156885531667637;8.40043164273263;3.4863451481696686;0.0;0.0;0.0;0.0;0.0;0.0;3780.0;31034.0;31762.0;31762.0;31762.0;31762.0;31762.0;31762.0;31762.0;11.9010137900636;97.70795289969145;100.0;100.0;100.0;100.0;100.0;100.0;100.0;27982.0;3531.0;0.0;0.0;0.0;0.0;0.0;0.0;0.0;0.0;0.0;88.0989862099364;11.117058119765758;0.0;0.0;0.0;0.0;0.0;0.0;0.0;0.0;0.0;neos-933966;2;1631;0.051351;1601;0.057215;MIR;18308;-42985.17629937964;42985.17629937964;60157.86558750347;60157.86558750347;0.7145395848005104;-2490339.4981344156;2490339.4981344156;<;-744700.4449478858;1
31762.0;12047.0;2.636507014194405;0.0;0.0;0.0;0.0;12047.0;180618.0;180618.0;0.04720350823326686;27982.0;0.0;27982.0;3780.0;88.0989862099364;88.0989862099364;3780.0;11.9010137900636;0.0;0.0;0.0;0.0;5075.0;42.1266705403835;0.0;0.0;0.0;0.0;0.0;0.0;0.0;0.0;0.0;0.0;55.0;0.4565451979745995;0.0;0.0;0.0;0.0;0.0;0.0;0.0;0.0;0.0;0.0;3243.0;26.919565036938657;0.0;0.0;0.0;0.0;0.0;0.0;0.0;0.0;137527.0;76.14246642084399;137527.0;76.14246642084399;0.0;0.0;0.0;0.0;0.0;0.0;0.0;0.0;760.0;0.4207775526248768;0.0;0.0;0.0;0.0;0.0;0.0;0.0;0.0;0.0;0.0;34983.0;19.368501478257983;0.0;0.0;0.0;0.0;0.0;0.0;-1.0;1.0;0.9249022799499497;0.38020490862610556;1.0;0.0;3.7548860025025195;2.0;6782.0;3.7548860025025195;-1.0;1000.0;20.69951514388263;139.31092283530572;1000.0;0.0;5.783640828663182;3.0;1837.0;5.783640828663182;0.0;14.0;1.2471154644309788;1.1923547047933125;14.0;0.0;0.0;13.0;0.0;0.0;2.0;120.0;14.99277828505022;19.602610459409274;0.0;11.0;0.0;6.046042095752652;4385.0;5334.0;8414.0;11035.0;11627.0;12047.0;12047.0;12047.0;12047.0;36.39910351124762;44.27658338175479;69.84311446833237;91.59956835726737;96.51365485183034;100.0;100.0;100.0;100.0;7690.0;6805.0;3633.0;1012.0;420.0;0.0;0.0;0.0;0.0;0.0;0.0;63.83331949863037;56.48709222212999;30.156885531667637;8.40043164273263;3.4863451481696686;0.0;0.0;0.0;0.0;0.0;0.0;3780.0;31034.0;31762.0;31762.0;31762.0;31762.0;31762.0;31762.0;31762.0;11.9010137900636;97.70795289969145;100.0;100.0;100.0;100.0;100.0;100.0;100.0;27982.0;3531.0;0.0;0.0;0.0;0.0;0.0;0.0;0.0;0.0;0.0;88.0989862099364;11.117058119765758;0.0;0.0;0.0;0.0;0.0;0.0;0.0;0.0;0.0;neos-933966;2;1631;0.051351;1601;0.057215;MIR;18308;-1836882.6021137808;1836882.6021137808;2570720.7238359544;2570720.7238359544;0.714539928465212;-106419653.12939852;106419653.12939852;<;-31823563.661263466;1
31762.0;12047.0;2.636507014194405;0.0;0.0;0.0;0.0;12047.0;180618.0;180618.0;0.04720350823326686;27982.0;0.0;27982.0;3780.0;88.0989862099364;88.0989862099364;3780.0;11.9010137900636;0.0;0.0;0.0;0.0;5075.0;42.1266705403835;0.0;0.0;0.0;0.0;0.0;0.0;0.0;0.0;0.0;0.0;55.0;0.4565451979745995;0.0;0.0;0.0;0.0;0.0;0.0;0.0;0.0;0.0;0.0;3243.0;26.919565036938657;0.0;0.0;0.0;0.0;0.0;0.0;0.0;0.0;137527.0;76.14246642084399;137527.0;76.14246642084399;0.0;0.0;0.0;0.0;0.0;0.0;0.0;0.0;760.0;0.4207775526248768;0.0;0.0;0.0;0.0;0.0;0.0;0.0;0.0;0.0;0.0;34983.0;19.368501478257983;0.0;0.0;0.0;0.0;0.0;0.0;-1.0;1.0;0.9249022799499497;0.38020490862610556;1.0;0.0;3.7548860025025195;2.0;6782.0;3.7548860025025195;-1.0;1000.0;20.69951514388263;139.31092283530572;1000.0;0.0;5.783640828663182;3.0;1837.0;5.783640828663182;0.0;14.0;1.2471154644309788;1.1923547047933125;14.0;0.0;0.0;13.0;0.0;0.0;2.0;120.0;14.99277828505022;19.602610459409274;0.0;11.0;0.0;6.046042095752652;4385.0;5334.0;8414.0;11035.0;11627.0;12047.0;12047.0;12047.0;12047.0;36.39910351124762;44.27658338175479;69.84311446833237;91.59956835726737;96.51365485183034;100.0;100.0;100.0;100.0;7690.0;6805.0;3633.0;1012.0;420.0;0.0;0.0;0.0;0.0;0.0;0.0;63.83331949863037;56.48709222212999;30.156885531667637;8.40043164273263;3.4863451481696686;0.0;0.0;0.0;0.0;0.0;0.0;3780.0;31034.0;31762.0;31762.0;31762.0;31762.0;31762.0;31762.0;31762.0;11.9010137900636;97.70795289969145;100.0;100.0;100.0;100.0;100.0;100.0;100.0;27982.0;3531.0;0.0;0.0;0.0;0.0;0.0;0.0;0.0;0.0;0.0;88.0989862099364;11.117058119765758;0.0;0.0;0.0;0.0;0.0;0.0;0.0;0.0;0.0;neos-933966;2;1631;0.051351;1601;0.057215;MIR;22212;-477.5183827579283;477.5183827579283;796.0195575811648;796.0195575811648;0.5998827267623245;-33030.45574431121;33030.45574431121;<;-5351.684843829913;1
31762.0;12047.0;2.636507014194405;0.0;0.0;0.0;0.0;12047.0;180618.0;180618.0;0.04720350823326686;27982.0;0.0;27982.0;3780.0;88.0989862099364;88.0989862099364;3780.0;11.9010137900636;0.0;0.0;0.0;0.0;5075.0;42.1266705403835;0.0;0.0;0.0;0.0;0.0;0.0;0.0;0.0;0.0;0.0;55.0;0.4565451979745995;0.0;0.0;0.0;0.0;0.0;0.0;0.0;0.0;0.0;0.0;3243.0;26.919565036938657;0.0;0.0;0.0;0.0;0.0;0.0;0.0;0.0;137527.0;76.14246642084399;137527.0;76.14246642084399;0.0;0.0;0.0;0.0;0.0;0.0;0.0;0.0;760.0;0.4207775526248768;0.0;0.0;0.0;0.0;0.0;0.0;0.0;0.0;0.0;0.0;34983.0;19.368501478257983;0.0;0.0;0.0;0.0;0.0;0.0;-1.0;1.0;0.9249022799499497;0.38020490862610556;1.0;0.0;3.7548860025025195;2.0;6782.0;3.7548860025025195;-1.0;1000.0;20.69951514388263;139.31092283530572;1000.0;0.0;5.783640828663182;3.0;1837.0;5.783640828663182;0.0;14.0;1.2471154644309788;1.1923547047933125;14.0;0.0;0.0;13.0;0.0;0.0;2.0;120.0;14.99277828505022;19.602610459409274;0.0;11.0;0.0;6.046042095752652;4385.0;5334.0;8414.0;11035.0;11627.0;12047.0;12047.0;12047.0;12047.0;36.39910351124762;44.27658338175479;69.84311446833237;91.59956835726737;96.51365485183034;100.0;100.0;100.0;100.0;7690.0;6805.0;3633.0;1012.0;420.0;0.0;0.0;0.0;0.0;0.0;0.0;63.83331949863037;56.48709222212999;30.156885531667637;8.40043164273263;3.4863451481696686;0.0;0.0;0.0;0.0;0.0;0.0;3780.0;31034.0;31762.0;31762.0;31762.0;31762.0;31762.0;31762.0;31762.0;11.9010137900636;97.70795289969145;100.0;100.0;100.0;100.0;100.0;100.0;100.0;27982.0;3531.0;0.0;0.0;0.0;0.0;0.0;0.0;0.0;0.0;0.0;88.0989862099364;11.117058119765758;0.0;0.0;0.0;0.0;0.0;0.0;0.0;0.0;0.0;neos-933966;2;1631;0.051351;1601;0.057215;MIR;22212;-19789.489656872393;19789.489656872393;32987.963006390084;32987.963006390084;0.5999003228249946;-1369020.7701861118;1369020.7701861118;<;-222163.55689107603;1
31762.0;12047.0;2.636507014194405;0.0;0.0;0.0;0.0;12047.0;180618.0;180618.0;0.04720350823326686;27982.0;0.0;27982.0;3780.0;88.0989862099364;88.0989862099364;3780.0;11.9010137900636;0.0;0.0;0.0;0.0;5075.0;42.1266705403835;0.0;0.0;0.0;0.0;0.0;0.0;0.0;0.0;0.0;0.0;55.0;0.4565451979745995;0.0;0.0;0.0;0.0;0.0;0.0;0.0;0.0;0.0;0.0;3243.0;26.919565036938657;0.0;0.0;0.0;0.0;0.0;0.0;0.0;0.0;137527.0;76.14246642084399;137527.0;76.14246642084399;0.0;0.0;0.0;0.0;0.0;0.0;0.0;0.0;760.0;0.4207775526248768;0.0;0.0;0.0;0.0;0.0;0.0;0.0;0.0;0.0;0.0;34983.0;19.368501478257983;0.0;0.0;0.0;0.0;0.0;0.0;-1.0;1.0;0.9249022799499497;0.38020490862610556;1.0;0.0;3.7548860025025195;2.0;6782.0;3.7548860025025195;-1.0;1000.0;20.69951514388263;139.31092283530572;1000.0;0.0;5.783640828663182;3.0;1837.0;5.783640828663182;0.0;14.0;1.2471154644309788;1.1923547047933125;14.0;0.0;0.0;13.0;0.0;0.0;2.0;120.0;14.99277828505022;19.602610459409274;0.0;11.0;0.0;6.046042095752652;4385.0;5334.0;8414.0;11035.0;11627.0;12047.0;12047.0;12047.0;12047.0;36.39910351124762;44.27658338175479;69.84311446833237;91.59956835726737;96.51365485183034;100.0;100.0;100.0;100.0;7690.0;6805.0;3633.0;1012.0;420.0;0.0;0.0;0.0;0.0;0.0;0.0;63.83331949863037;56.48709222212999;30.156885531667637;8.40043164273263;3.4863451481696686;0.0;0.0;0.0;0.0;0.0;0.0;3780.0;31034.0;31762.0;31762.0;31762.0;31762.0;31762.0;31762.0;31762.0;11.9010137900636;97.70795289969145;100.0;100.0;100.0;100.0;100.0;100.0;100.0;27982.0;3531.0;0.0;0.0;0.0;0.0;0.0;0.0;0.0;0.0;0.0;88.0989862099364;11.117058119765758;0.0;0.0;0.0;0.0;0.0;0.0;0.0;0.0;0.0;neos-933966;2;1631;0.051351;1601;0.057215;MIR;15434;-68606.23203194936;68606.23203194936;128322.31541895817;128322.31541895817;0.5346399167436903;-6243844.660509042;6243844.660509042;<;-2162480.6855463646;1
31762.0;12047.0;2.636507014194405;0.0;0.0;0.0;0.0;12047.0;180618.0;180618.0;0.04720350823326686;27982.0;0.0;27982.0;3780.0;88.0989862099364;88.0989862099364;3780.0;11.9010137900636;0.0;0.0;0.0;0.0;5075.0;42.1266705403835;0.0;0.0;0.0;0.0;0.0;0.0;0.0;0.0;0.0;0.0;55.0;0.4565451979745995;0.0;0.0;0.0;0.0;0.0;0.0;0.0;0.0;0.0;0.0;3243.0;26.919565036938657;0.0;0.0;0.0;0.0;0.0;0.0;0.0;0.0;137527.0;76.14246642084399;137527.0;76.14246642084399;0.0;0.0;0.0;0.0;0.0;0.0;0.0;0.0;760.0;0.4207775526248768;0.0;0.0;0.0;0.0;0.0;0.0;0.0;0.0;0.0;0.0;34983.0;19.368501478257983;0.0;0.0;0.0;0.0;0.0;0.0;-1.0;1.0;0.9249022799499497;0.38020490862610556;1.0;0.0;3.7548860025025195;2.0;6782.0;3.7548860025025195;-1.0;1000.0;20.69951514388263;139.31092283530572;1000.0;0.0;5.783640828663182;3.0;1837.0;5.783640828663182;0.0;14.0;1.2471154644309788;1.1923547047933125;14.0;0.0;0.0;13.0;0.0;0.0;2.0;120.0;14.99277828505022;19.602610459409274;0.0;11.0;0.0;6.046042095752652;4385.0;5334.0;8414.0;11035.0;11627.0;12047.0;12047.0;12047.0;12047.0;36.39910351124762;44.27658338175479;69.84311446833237;91.59956835726737;96.51365485183034;100.0;100.0;100.0;100.0;7690.0;6805.0;3633.0;1012.0;420.0;0.0;0.0;0.0;0.0;0.0;0.0;63.83331949863037;56.48709222212999;30.156885531667637;8.40043164273263;3.4863451481696686;0.0;0.0;0.0;0.0;0.0;0.0;3780.0;31034.0;31762.0;31762.0;31762.0;31762.0;31762.0;31762.0;31762.0;11.9010137900636;97.70795289969145;100.0;100.0;100.0;100.0;100.0;100.0;100.0;27982.0;3531.0;0.0;0.0;0.0;0.0;0.0;0.0;0.0;0.0;0.0;88.0989862099364;11.117058119765758;0.0;0.0;0.0;0.0;0.0;0.0;0.0;0.0;0.0;neos-933966;2;1631;0.051351;1601;0.057215;MIR;15434;-29761.084228706786;29761.084228706786;55663.5028604393;55663.5028604393;0.5346606429588954;-2708676.4714754573;2708676.4714754573;<;-938414.6171566346;1
31762.0;12047.0;2.636507014194405;0.0;0.0;0.0;0.0;12047.0;180618.0;180618.0;0.04720350823326686;27982.0;0.0;27982.0;3780.0;88.0989862099364;88.0989862099364;3780.0;11.9010137900636;0.0;0.0;0.0;0.0;5075.0;42.1266705403835;0.0;0.0;0.0;0.0;0.0;0.0;0.0;0.0;0.0;0.0;55.0;0.4565451979745995;0.0;0.0;0.0;0.0;0.0;0.0;0.0;0.0;0.0;0.0;3243.0;26.919565036938657;0.0;0.0;0.0;0.0;0.0;0.0;0.0;0.0;137527.0;76.14246642084399;137527.0;76.14246642084399;0.0;0.0;0.0;0.0;0.0;0.0;0.0;0.0;760.0;0.4207775526248768;0.0;0.0;0.0;0.0;0.0;0.0;0.0;0.0;0.0;0.0;34983.0;19.368501478257983;0.0;0.0;0.0;0.0;0.0;0.0;-1.0;1.0;0.9249022799499497;0.38020490862610556;1.0;0.0;3.7548860025025195;2.0;6782.0;3.7548860025025195;-1.0;1000.0;20.69951514388263;139.31092283530572;1000.0;0.0;5.783640828663182;3.0;1837.0;5.783640828663182;0.0;14.0;1.2471154644309788;1.1923547047933125;14.0;0.0;0.0;13.0;0.0;0.0;2.0;120.0;14.99277828505022;19.602610459409274;0.0;11.0;0.0;6.046042095752652;4385.0;5334.0;8414.0;11035.0;11627.0;12047.0;12047.0;12047.0;12047.0;36.39910351124762;44.27658338175479;69.84311446833237;91.59956835726737;96.51365485183034;100.0;100.0;100.0;100.0;7690.0;6805.0;3633.0;1012.0;420.0;0.0;0.0;0.0;0.0;0.0;0.0;63.83331949863037;56.48709222212999;30.156885531667637;8.40043164273263;3.4863451481696686;0.0;0.0;0.0;0.0;0.0;0.0;3780.0;31034.0;31762.0;31762.0;31762.0;31762.0;31762.0;31762.0;31762.0;11.9010137900636;97.70795289969145;100.0;100.0;100.0;100.0;100.0;100.0;100.0;27982.0;3531.0;0.0;0.0;0.0;0.0;0.0;0.0;0.0;0.0;0.0;88.0989862099364;11.117058119765758;0.0;0.0;0.0;0.0;0.0;0.0;0.0;0.0;0.0;neos-933966;2;1631;0.051351;1601;0.057215;MIR;17767;-2.540944129541337;2.540944129541337;3.066197414807001;3.066197414807001;0.8286955423257619;-118.17458035068371;118.17458035068371;<;-39.794379624816614;1
31762.0;12047.0;2.636507014194405;0.0;0.0;0.0;0.0;12047.0;180618.0;180618.0;0.04720350823326686;27982.0;0.0;27982.0;3780.0;88.0989862099364;88.0989862099364;3780.0;11.9010137900636;0.0;0.0;0.0;0.0;5075.0;42.1266705403835;0.0;0.0;0.0;0.0;0.0;0.0;0.0;0.0;0.0;0.0;55.0;0.4565451979745995;0.0;0.0;0.0;0.0;0.0;0.0;0.0;0.0;0.0;0.0;3243.0;26.919565036938657;0.0;0.0;0.0;0.0;0.0;0.0;0.0;0.0;137527.0;76.14246642084399;137527.0;76.14246642084399;0.0;0.0;0.0;0.0;0.0;0.0;0.0;0.0;760.0;0.4207775526248768;0.0;0.0;0.0;0.0;0.0;0.0;0.0;0.0;0.0;0.0;34983.0;19.368501478257983;0.0;0.0;0.0;0.0;0.0;0.0;-1.0;1.0;0.9249022799499497;0.38020490862610556;1.0;0.0;3.7548860025025195;2.0;6782.0;3.7548860025025195;-1.0;1000.0;20.69951514388263;139.31092283530572;1000.0;0.0;5.783640828663182;3.0;1837.0;5.783640828663182;0.0;14.0;1.2471154644309788;1.1923547047933125;14.0;0.0;0.0;13.0;0.0;0.0;2.0;120.0;14.99277828505022;19.602610459409274;0.0;11.0;0.0;6.046042095752652;4385.0;5334.0;8414.0;11035.0;11627.0;12047.0;12047.0;12047.0;12047.0;36.39910351124762;44.27658338175479;69.84311446833237;91.59956835726737;96.51365485183034;100.0;100.0;100.0;100.0;7690.0;6805.0;3633.0;1012.0;420.0;0.0;0.0;0.0;0.0;0.0;0.0;63.83331949863037;56.48709222212999;30.156885531667637;8.40043164273263;3.4863451481696686;0.0;0.0;0.0;0.0;0.0;0.0;3780.0;31034.0;31762.0;31762.0;31762.0;31762.0;31762.0;31762.0;31762.0;11.9010137900636;97.70795289969145;100.0;100.0;100.0;100.0;100.0;100.0;100.0;27982.0;3531.0;0.0;0.0;0.0;0.0;0.0;0.0;0.0;0.0;0.0;88.0989862099364;11.117058119765758;0.0;0.0;0.0;0.0;0.0;0.0;0.0;0.0;0.0;neos-933966;2;1631;0.051351;1601;0.057215;MIR;17767;-1528498.9926693605;1528498.9926693605;1844464.9285149595;1844464.9285149595;0.8286950697945806;-71087809.43287008;71087809.43287008;<;-23938519.370776318;1
31762.0;12047.0;2.636507014194405;0.0;0.0;0.0;0.0;12047.0;180618.0;180618.0;0.04720350823326686;27982.0;0.0;27982.0;3780.0;88.0989862099364;88.0989862099364;3780.0;11.9010137900636;0.0;0.0;0.0;0.0;5075.0;42.1266705403835;0.0;0.0;0.0;0.0;0.0;0.0;0.0;0.0;0.0;0.0;55.0;0.4565451979745995;0.0;0.0;0.0;0.0;0.0;0.0;0.0;0.0;0.0;0.0;3243.0;26.919565036938657;0.0;0.0;0.0;0.0;0.0;0.0;0.0;0.0;137527.0;76.14246642084399;137527.0;76.14246642084399;0.0;0.0;0.0;0.0;0.0;0.0;0.0;0.0;760.0;0.4207775526248768;0.0;0.0;0.0;0.0;0.0;0.0;0.0;0.0;0.0;0.0;34983.0;19.368501478257983;0.0;0.0;0.0;0.0;0.0;0.0;-1.0;1.0;0.9249022799499497;0.38020490862610556;1.0;0.0;3.7548860025025195;2.0;6782.0;3.7548860025025195;-1.0;1000.0;20.69951514388263;139.31092283530572;1000.0;0.0;5.783640828663182;3.0;1837.0;5.783640828663182;0.0;14.0;1.2471154644309788;1.1923547047933125;14.0;0.0;0.0;13.0;0.0;0.0;2.0;120.0;14.99277828505022;19.602610459409274;0.0;11.0;0.0;6.046042095752652;4385.0;5334.0;8414.0;11035.0;11627.0;12047.0;12047.0;12047.0;12047.0;36.39910351124762;44.27658338175479;69.84311446833237;91.59956835726737;96.51365485183034;100.0;100.0;100.0;100.0;7690.0;6805.0;3633.0;1012.0;420.0;0.0;0.0;0.0;0.0;0.0;0.0;63.83331949863037;56.48709222212999;30.156885531667637;8.40043164273263;3.4863451481696686;0.0;0.0;0.0;0.0;0.0;0.0;3780.0;31034.0;31762.0;31762.0;31762.0;31762.0;31762.0;31762.0;31762.0;11.9010137900636;97.70795289969145;100.0;100.0;100.0;100.0;100.0;100.0;100.0;27982.0;3531.0;0.0;0.0;0.0;0.0;0.0;0.0;0.0;0.0;0.0;88.0989862099364;11.117058119765758;0.0;0.0;0.0;0.0;0.0;0.0;0.0;0.0;0.0;neos-933966;2;1631;0.051351;1601;0.057215;MIR;18614;-134.3457984604392;134.3457984604392;196.30948129840527;196.30948129840527;0.6843571567295998;-8979.541091140387;8979.541091140387;<;-2609.5255749227535;1
31762.0;12047.0;2.636507014194405;0.0;0.0;0.0;0.0;12047.0;180618.0;180618.0;0.04720350823326686;27982.0;0.0;27982.0;3780.0;88.0989862099364;88.0989862099364;3780.0;11.9010137900636;0.0;0.0;0.0;0.0;5075.0;42.1266705403835;0.0;0.0;0.0;0.0;0.0;0.0;0.0;0.0;0.0;0.0;55.0;0.4565451979745995;0.0;0.0;0.0;0.0;0.0;0.0;0.0;0.0;0.0;0.0;3243.0;26.919565036938657;0.0;0.0;0.0;0.0;0.0;0.0;0.0;0.0;137527.0;76.14246642084399;137527.0;76.14246642084399;0.0;0.0;0.0;0.0;0.0;0.0;0.0;0.0;760.0;0.4207775526248768;0.0;0.0;0.0;0.0;0.0;0.0;0.0;0.0;0.0;0.0;34983.0;19.368501478257983;0.0;0.0;0.0;0.0;0.0;0.0;-1.0;1.0;0.9249022799499497;0.38020490862610556;1.0;0.0;3.7548860025025195;2.0;6782.0;3.7548860025025195;-1.0;1000.0;20.69951514388263;139.31092283530572;1000.0;0.0;5.783640828663182;3.0;1837.0;5.783640828663182;0.0;14.0;1.2471154644309788;1.1923547047933125;14.0;0.0;0.0;13.0;0.0;0.0;2.0;120.0;14.99277828505022;19.602610459409274;0.0;11.0;0.0;6.046042095752652;4385.0;5334.0;8414.0;11035.0;11627.0;12047.0;12047.0;12047.0;12047.0;36.39910351124762;44.27658338175479;69.84311446833237;91.59956835726737;96.51365485183034;100.0;100.0;100.0;100.0;7690.0;6805.0;3633.0;1012.0;420.0;0.0;0.0;0.0;0.0;0.0;0.0;63.83331949863037;56.48709222212999;30.156885531667637;8.40043164273263;3.4863451481696686;0.0;0.0;0.0;0.0;0.0;0.0;3780.0;31034.0;31762.0;31762.0;31762.0;31762.0;31762.0;31762.0;31762.0;11.9010137900636;97.70795289969145;100.0;100.0;100.0;100.0;100.0;100.0;100.0;27982.0;3531.0;0.0;0.0;0.0;0.0;0.0;0.0;0.0;0.0;0.0;88.0989862099364;11.117058119765758;0.0;0.0;0.0;0.0;0.0;0.0;0.0;0.0;0.0;neos-933966;2;1631;0.051351;1601;0.057215;MIR;18614;-15706.35121929498;15706.35121929498;22950.14148193574;22950.14148193574;0.6843683831604083;-1049936.889831691;1049936.889831691;<;-305444.4240671089;1
31762.0;12047.0;2.636507014194405;0.0;0.0;0.0;0.0;12047.0;180618.0;180618.0;0.04720350823326686;27982.0;0.0;27982.0;3780.0;88.0989862099364;88.0989862099364;3780.0;11.9010137900636;0.0;0.0;0.0;0.0;5075.0;42.1266705403835;0.0;0.0;0.0;0.0;0.0;0.0;0.0;0.0;0.0;0.0;55.0;0.4565451979745995;0.0;0.0;0.0;0.0;0.0;0.0;0.0;0.0;0.0;0.0;3243.0;26.919565036938657;0.0;0.0;0.0;0.0;0.0;0.0;0.0;0.0;137527.0;76.14246642084399;137527.0;76.14246642084399;0.0;0.0;0.0;0.0;0.0;0.0;0.0;0.0;760.0;0.4207775526248768;0.0;0.0;0.0;0.0;0.0;0.0;0.0;0.0;0.0;0.0;34983.0;19.368501478257983;0.0;0.0;0.0;0.0;0.0;0.0;-1.0;1.0;0.9249022799499497;0.38020490862610556;1.0;0.0;3.7548860025025195;2.0;6782.0;3.7548860025025195;-1.0;1000.0;20.69951514388263;139.31092283530572;1000.0;0.0;5.783640828663182;3.0;1837.0;5.783640828663182;0.0;14.0;1.2471154644309788;1.1923547047933125;14.0;0.0;0.0;13.0;0.0;0.0;2.0;120.0;14.99277828505022;19.602610459409274;0.0;11.0;0.0;6.046042095752652;4385.0;5334.0;8414.0;11035.0;11627.0;12047.0;12047.0;12047.0;12047.0;36.39910351124762;44.27658338175479;69.84311446833237;91.59956835726737;96.51365485183034;100.0;100.0;100.0;100.0;7690.0;6805.0;3633.0;1012.0;420.0;0.0;0.0;0.0;0.0;0.0;0.0;63.83331949863037;56.48709222212999;30.156885531667637;8.40043164273263;3.4863451481696686;0.0;0.0;0.0;0.0;0.0;0.0;3780.0;31034.0;31762.0;31762.0;31762.0;31762.0;31762.0;31762.0;31762.0;11.9010137900636;97.70795289969145;100.0;100.0;100.0;100.0;100.0;100.0;100.0;27982.0;3531.0;0.0;0.0;0.0;0.0;0.0;0.0;0.0;0.0;0.0;88.0989862099364;11.117058119765758;0.0;0.0;0.0;0.0;0.0;0.0;0.0;0.0;0.0;neos-933966;2;1631;0.051351;1601;0.057215;MIR;18908;-464.3624772752501;464.3624772752501;933.7458044446292;933.7458044446292;0.497311447146413;-41549.62289752271;41549.62289752271;<;-14592.399546135624;1
31762.0;12047.0;2.636507014194405;0.0;0.0;0.0;0.0;12047.0;180618.0;180618.0;0.04720350823326686;27982.0;0.0;27982.0;3780.0;88.0989862099364;88.0989862099364;3780.0;11.9010137900636;0.0;0.0;0.0;0.0;5075.0;42.1266705403835;0.0;0.0;0.0;0.0;0.0;0.0;0.0;0.0;0.0;0.0;55.0;0.4565451979745995;0.0;0.0;0.0;0.0;0.0;0.0;0.0;0.0;0.0;0.0;3243.0;26.919565036938657;0.0;0.0;0.0;0.0;0.0;0.0;0.0;0.0;137527.0;76.14246642084399;137527.0;76.14246642084399;0.0;0.0;0.0;0.0;0.0;0.0;0.0;0.0;760.0;0.4207775526248768;0.0;0.0;0.0;0.0;0.0;0.0;0.0;0.0;0.0;0.0;34983.0;19.368501478257983;0.0;0.0;0.0;0.0;0.0;0.0;-1.0;1.0;0.9249022799499497;0.38020490862610556;1.0;0.0;3.7548860025025195;2.0;6782.0;3.7548860025025195;-1.0;1000.0;20.69951514388263;139.31092283530572;1000.0;0.0;5.783640828663182;3.0;1837.0;5.783640828663182;0.0;14.0;1.2471154644309788;1.1923547047933125;14.0;0.0;0.0;13.0;0.0;0.0;2.0;120.0;14.99277828505022;19.602610459409274;0.0;11.0;0.0;6.046042095752652;4385.0;5334.0;8414.0;11035.0;11627.0;12047.0;12047.0;12047.0;12047.0;36.39910351124762;44.27658338175479;69.84311446833237;91.59956835726737;96.51365485183034;100.0;100.0;100.0;100.0;7690.0;6805.0;3633.0;1012.0;420.0;0.0;0.0;0.0;0.0;0.0;0.0;63.83331949863037;56.48709222212999;30.156885531667637;8.40043164273263;3.4863451481696686;0.0;0.0;0.0;0.0;0.0;0.0;3780.0;31034.0;31762.0;31762.0;31762.0;31762.0;31762.0;31762.0;31762.0;11.9010137900636;97.70795289969145;100.0;100.0;100.0;100.0;100.0;100.0;100.0;27982.0;3531.0;0.0;0.0;0.0;0.0;0.0;0.0;0.0;0.0;0.0;88.0989862099364;11.117058119765758;0.0;0.0;0.0;0.0;0.0;0.0;0.0;0.0;0.0;neos-933966;2;1631;0.051351;1601;0.057215;MIR;18908;-31549.170714183085;31549.170714183085;63438.65115444159;63438.65115444159;0.49731780452545454;-2823074.8130422803;2823074.8130422803;<;-991772.7305836573;1
31762.0;12047.0;2.636507014194405;0.0;0.0;0.0;0.0;12047.0;180618.0;180618.0;0.04720350823326686;27982.0;0.0;27982.0;3780.0;88.0989862099364;88.0989862099364;3780.0;11.9010137900636;0.0;0.0;0.0;0.0;5075.0;42.1266705403835;0.0;0.0;0.0;0.0;0.0;0.0;0.0;0.0;0.0;0.0;55.0;0.4565451979745995;0.0;0.0;0.0;0.0;0.0;0.0;0.0;0.0;0.0;0.0;3243.0;26.919565036938657;0.0;0.0;0.0;0.0;0.0;0.0;0.0;0.0;137527.0;76.14246642084399;137527.0;76.14246642084399;0.0;0.0;0.0;0.0;0.0;0.0;0.0;0.0;760.0;0.4207775526248768;0.0;0.0;0.0;0.0;0.0;0.0;0.0;0.0;0.0;0.0;34983.0;19.368501478257983;0.0;0.0;0.0;0.0;0.0;0.0;-1.0;1.0;0.9249022799499497;0.38020490862610556;1.0;0.0;3.7548860025025195;2.0;6782.0;3.7548860025025195;-1.0;1000.0;20.69951514388263;139.31092283530572;1000.0;0.0;5.783640828663182;3.0;1837.0;5.783640828663182;0.0;14.0;1.2471154644309788;1.1923547047933125;14.0;0.0;0.0;13.0;0.0;0.0;2.0;120.0;14.99277828505022;19.602610459409274;0.0;11.0;0.0;6.046042095752652;4385.0;5334.0;8414.0;11035.0;11627.0;12047.0;12047.0;12047.0;12047.0;36.39910351124762;44.27658338175479;69.84311446833237;91.59956835726737;96.51365485183034;100.0;100.0;100.0;100.0;7690.0;6805.0;3633.0;1012.0;420.0;0.0;0.0;0.0;0.0;0.0;0.0;63.83331949863037;56.48709222212999;30.156885531667637;8.40043164273263;3.4863451481696686;0.0;0.0;0.0;0.0;0.0;0.0;3780.0;31034.0;31762.0;31762.0;31762.0;31762.0;31762.0;31762.0;31762.0;11.9010137900636;97.70795289969145;100.0;100.0;100.0;100.0;100.0;100.0;100.0;27982.0;3531.0;0.0;0.0;0.0;0.0;0.0;0.0;0.0;0.0;0.0;88.0989862099364;11.117058119765758;0.0;0.0;0.0;0.0;0.0;0.0;0.0;0.0;0.0;neos-933966;2;1631;0.051351;1601;0.057215;MIR;19848;-248.17256188905614;248.17256188905614;613.9204418048313;613.9204418048313;0.40424221933295973;-27426.72747314711;27426.72747314711;<;-7828.4111168146555;1
31762.0;12047.0;2.636507014194405;0.0;0.0;0.0;0.0;12047.0;180618.0;180618.0;0.04720350823326686;27982.0;0.0;27982.0;3780.0;88.0989862099364;88.0989862099364;3780.0;11.9010137900636;0.0;0.0;0.0;0.0;5075.0;42.1266705403835;0.0;0.0;0.0;0.0;0.0;0.0;0.0;0.0;0.0;0.0;55.0;0.4565451979745995;0.0;0.0;0.0;0.0;0.0;0.0;0.0;0.0;0.0;0.0;3243.0;26.919565036938657;0.0;0.0;0.0;0.0;0.0;0.0;0.0;0.0;137527.0;76.14246642084399;137527.0;76.14246642084399;0.0;0.0;0.0;0.0;0.0;0.0;0.0;0.0;760.0;0.4207775526248768;0.0;0.0;0.0;0.0;0.0;0.0;0.0;0.0;0.0;0.0;34983.0;19.368501478257983;0.0;0.0;0.0;0.0;0.0;0.0;-1.0;1.0;0.9249022799499497;0.38020490862610556;1.0;0.0;3.7548860025025195;2.0;6782.0;3.7548860025025195;-1.0;1000.0;20.69951514388263;139.31092283530572;1000.0;0.0;5.783640828663182;3.0;1837.0;5.783640828663182;0.0;14.0;1.2471154644309788;1.1923547047933125;14.0;0.0;0.0;13.0;0.0;0.0;2.0;120.0;14.99277828505022;19.602610459409274;0.0;11.0;0.0;6.046042095752652;4385.0;5334.0;8414.0;11035.0;11627.0;12047.0;12047.0;12047.0;12047.0;36.39910351124762;44.27658338175479;69.84311446833237;91.59956835726737;96.51365485183034;100.0;100.0;100.0;100.0;7690.0;6805.0;3633.0;1012.0;420.0;0.0;0.0;0.0;0.0;0.0;0.0;63.83331949863037;56.48709222212999;30.156885531667637;8.40043164273263;3.4863451481696686;0.0;0.0;0.0;0.0;0.0;0.0;3780.0;31034.0;31762.0;31762.0;31762.0;31762.0;31762.0;31762.0;31762.0;11.9010137900636;97.70795289969145;100.0;100.0;100.0;100.0;100.0;100.0;100.0;27982.0;3531.0;0.0;0.0;0.0;0.0;0.0;0.0;0.0;0.0;0.0;88.0989862099364;11.117058119765758;0.0;0.0;0.0;0.0;0.0;0.0;0.0;0.0;0.0;neos-933966;2;1631;0.051351;1601;0.057215;MIR;19848;-8458.53701896494;8458.53701896494;20922.71138418366;20922.71138418366;0.4042753763433881;-934932.0254293686;934932.0254293686;<;-267178.1526694951;1
31762.0;12047.0;2.636507014194405;0.0;0.0;0.0;0.0;12047.0;180618.0;180618.0;0.04720350823326686;27982.0;0.0;27982.0;3780.0;88.0989862099364;88.0989862099364;3780.0;11.9010137900636;0.0;0.0;0.0;0.0;5075.0;42.1266705403835;0.0;0.0;0.0;0.0;0.0;0.0;0.0;0.0;0.0;0.0;55.0;0.4565451979745995;0.0;0.0;0.0;0.0;0.0;0.0;0.0;0.0;0.0;0.0;3243.0;26.919565036938657;0.0;0.0;0.0;0.0;0.0;0.0;0.0;0.0;137527.0;76.14246642084399;137527.0;76.14246642084399;0.0;0.0;0.0;0.0;0.0;0.0;0.0;0.0;760.0;0.4207775526248768;0.0;0.0;0.0;0.0;0.0;0.0;0.0;0.0;0.0;0.0;34983.0;19.368501478257983;0.0;0.0;0.0;0.0;0.0;0.0;-1.0;1.0;0.9249022799499497;0.38020490862610556;1.0;0.0;3.7548860025025195;2.0;6782.0;3.7548860025025195;-1.0;1000.0;20.69951514388263;139.31092283530572;1000.0;0.0;5.783640828663182;3.0;1837.0;5.783640828663182;0.0;14.0;1.2471154644309788;1.1923547047933125;14.0;0.0;0.0;13.0;0.0;0.0;2.0;120.0;14.99277828505022;19.602610459409274;0.0;11.0;0.0;6.046042095752652;4385.0;5334.0;8414.0;11035.0;11627.0;12047.0;12047.0;12047.0;12047.0;36.39910351124762;44.27658338175479;69.84311446833237;91.59956835726737;96.51365485183034;100.0;100.0;100.0;100.0;7690.0;6805.0;3633.0;1012.0;420.0;0.0;0.0;0.0;0.0;0.0;0.0;63.83331949863037;56.48709222212999;30.156885531667637;8.40043164273263;3.4863451481696686;0.0;0.0;0.0;0.0;0.0;0.0;3780.0;31034.0;31762.0;31762.0;31762.0;31762.0;31762.0;31762.0;31762.0;11.9010137900636;97.70795289969145;100.0;100.0;100.0;100.0;100.0;100.0;100.0;27982.0;3531.0;0.0;0.0;0.0;0.0;0.0;0.0;0.0;0.0;0.0;88.0989862099364;11.117058119765758;0.0;0.0;0.0;0.0;0.0;0.0;0.0;0.0;0.0;neos-933966;2;1631;0.051351;1601;0.057215;MIR;15485;-9233.975165396656;9233.975165396656;20640.361486641643;20640.361486641643;0.4473746824333889;-830585.2648559666;830585.2648559666;<;-285695.9261158579;1
31762.0;12047.0;2.636507014194405;0.0;0.0;0.0;0.0;12047.0;180618.0;180618.0;0.04720350823326686;27982.0;0.0;27982.0;3780.0;88.0989862099364;88.0989862099364;3780.0;11.9010137900636;0.0;0.0;0.0;0.0;5075.0;42.1266705403835;0.0;0.0;0.0;0.0;0.0;0.0;0.0;0.0;0.0;0.0;55.0;0.4565451979745995;0.0;0.0;0.0;0.0;0.0;0.0;0.0;0.0;0.0;0.0;3243.0;26.919565036938657;0.0;0.0;0.0;0.0;0.0;0.0;0.0;0.0;137527.0;76.14246642084399;137527.0;76.14246642084399;0.0;0.0;0.0;0.0;0.0;0.0;0.0;0.0;760.0;0.4207775526248768;0.0;0.0;0.0;0.0;0.0;0.0;0.0;0.0;0.0;0.0;34983.0;19.368501478257983;0.0;0.0;0.0;0.0;0.0;0.0;-1.0;1.0;0.9249022799499497;0.38020490862610556;1.0;0.0;3.7548860025025195;2.0;6782.0;3.7548860025025195;-1.0;1000.0;20.69951514388263;139.31092283530572;1000.0;0.0;5.783640828663182;3.0;1837.0;5.783640828663182;0.0;14.0;1.2471154644309788;1.1923547047933125;14.0;0.0;0.0;13.0;0.0;0.0;2.0;120.0;14.99277828505022;19.602610459409274;0.0;11.0;0.0;6.046042095752652;4385.0;5334.0;8414.0;11035.0;11627.0;12047.0;12047.0;12047.0;12047.0;36.39910351124762;44.27658338175479;69.84311446833237;91.59956835726737;96.51365485183034;100.0;100.0;100.0;100.0;7690.0;6805.0;3633.0;1012.0;420.0;0.0;0.0;0.0;0.0;0.0;0.0;63.83331949863037;56.48709222212999;30.156885531667637;8.40043164273263;3.4863451481696686;0.0;0.0;0.0;0.0;0.0;0.0;3780.0;31034.0;31762.0;31762.0;31762.0;31762.0;31762.0;31762.0;31762.0;11.9010137900636;97.70795289969145;100.0;100.0;100.0;100.0;100.0;100.0;100.0;27982.0;3531.0;0.0;0.0;0.0;0.0;0.0;0.0;0.0;0.0;0.0;88.0989862099364;11.117058119765758;0.0;0.0;0.0;0.0;0.0;0.0;0.0;0.0;0.0;neos-933966;2;1631;0.051351;1601;0.057215;MIR;15485;-82505.13185709176;82505.13185709176;184418.54355184303;184418.54355184303;0.4473798039398258;-7421347.582732449;7421347.582732449;<;-2553036.1949142376;1
31762.0;12047.0;2.636507014194405;0.0;0.0;0.0;0.0;12047.0;180618.0;180618.0;0.04720350823326686;27982.0;0.0;27982.0;3780.0;88.0989862099364;88.0989862099364;3780.0;11.9010137900636;0.0;0.0;0.0;0.0;5075.0;42.1266705403835;0.0;0.0;0.0;0.0;0.0;0.0;0.0;0.0;0.0;0.0;55.0;0.4565451979745995;0.0;0.0;0.0;0.0;0.0;0.0;0.0;0.0;0.0;0.0;3243.0;26.919565036938657;0.0;0.0;0.0;0.0;0.0;0.0;0.0;0.0;137527.0;76.14246642084399;137527.0;76.14246642084399;0.0;0.0;0.0;0.0;0.0;0.0;0.0;0.0;760.0;0.4207775526248768;0.0;0.0;0.0;0.0;0.0;0.0;0.0;0.0;0.0;0.0;34983.0;19.368501478257983;0.0;0.0;0.0;0.0;0.0;0.0;-1.0;1.0;0.9249022799499497;0.38020490862610556;1.0;0.0;3.7548860025025195;2.0;6782.0;3.7548860025025195;-1.0;1000.0;20.69951514388263;139.31092283530572;1000.0;0.0;5.783640828663182;3.0;1837.0;5.783640828663182;0.0;14.0;1.2471154644309788;1.1923547047933125;14.0;0.0;0.0;13.0;0.0;0.0;2.0;120.0;14.99277828505022;19.602610459409274;0.0;11.0;0.0;6.046042095752652;4385.0;5334.0;8414.0;11035.0;11627.0;12047.0;12047.0;12047.0;12047.0;36.39910351124762;44.27658338175479;69.84311446833237;91.59956835726737;96.51365485183034;100.0;100.0;100.0;100.0;7690.0;6805.0;3633.0;1012.0;420.0;0.0;0.0;0.0;0.0;0.0;0.0;63.83331949863037;56.48709222212999;30.156885531667637;8.40043164273263;3.4863451481696686;0.0;0.0;0.0;0.0;0.0;0.0;3780.0;31034.0;31762.0;31762.0;31762.0;31762.0;31762.0;31762.0;31762.0;11.9010137900636;97.70795289969145;100.0;100.0;100.0;100.0;100.0;100.0;100.0;27982.0;3531.0;0.0;0.0;0.0;0.0;0.0;0.0;0.0;0.0;0.0;88.0989862099364;11.117058119765758;0.0;0.0;0.0;0.0;0.0;0.0;0.0;0.0;0.0;neos-933966;2;1631;0.051351;1601;0.057215;MIR;18336;-5916.31883836284;5916.31883836284;13245.941245631699;13245.941245631699;0.4466514480663236;-473915.61594927736;473915.61594927736;<;-82940.58499707683;1
31762.0;12047.0;2.636507014194405;0.0;0.0;0.0;0.0;12047.0;180618.0;180618.0;0.04720350823326686;27982.0;0.0;27982.0;3780.0;88.0989862099364;88.0989862099364;3780.0;11.9010137900636;0.0;0.0;0.0;0.0;5075.0;42.1266705403835;0.0;0.0;0.0;0.0;0.0;0.0;0.0;0.0;0.0;0.0;55.0;0.4565451979745995;0.0;0.0;0.0;0.0;0.0;0.0;0.0;0.0;0.0;0.0;3243.0;26.919565036938657;0.0;0.0;0.0;0.0;0.0;0.0;0.0;0.0;137527.0;76.14246642084399;137527.0;76.14246642084399;0.0;0.0;0.0;0.0;0.0;0.0;0.0;0.0;760.0;0.4207775526248768;0.0;0.0;0.0;0.0;0.0;0.0;0.0;0.0;0.0;0.0;34983.0;19.368501478257983;0.0;0.0;0.0;0.0;0.0;0.0;-1.0;1.0;0.9249022799499497;0.38020490862610556;1.0;0.0;3.7548860025025195;2.0;6782.0;3.7548860025025195;-1.0;1000.0;20.69951514388263;139.31092283530572;1000.0;0.0;5.783640828663182;3.0;1837.0;5.783640828663182;0.0;14.0;1.2471154644309788;1.1923547047933125;14.0;0.0;0.0;13.0;0.0;0.0;2.0;120.0;14.99277828505022;19.602610459409274;0.0;11.0;0.0;6.046042095752652;4385.0;5334.0;8414.0;11035.0;11627.0;12047.0;12047.0;12047.0;12047.0;36.39910351124762;44.27658338175479;69.84311446833237;91.59956835726737;96.51365485183034;100.0;100.0;100.0;100.0;7690.0;6805.0;3633.0;1012.0;420.0;0.0;0.0;0.0;0.0;0.0;0.0;63.83331949863037;56.48709222212999;30.156885531667637;8.40043164273263;3.4863451481696686;0.0;0.0;0.0;0.0;0.0;0.0;3780.0;31034.0;31762.0;31762.0;31762.0;31762.0;31762.0;31762.0;31762.0;11.9010137900636;97.70795289969145;100.0;100.0;100.0;100.0;100.0;100.0;100.0;27982.0;3531.0;0.0;0.0;0.0;0.0;0.0;0.0;0.0;0.0;0.0;88.0989862099364;11.117058119765758;0.0;0.0;0.0;0.0;0.0;0.0;0.0;0.0;0.0;neos-933966;2;1631;0.051351;1601;0.057215;MIR;18336;-14913.604519122897;14913.604519122897;33387.73986490328;33387.73986490328;0.4466790678095545;-1194757.689394712;1194757.689394712;<;-209432.73027426482;1
31762.0;12047.0;2.636507014194405;0.0;0.0;0.0;0.0;12047.0;180618.0;180618.0;0.04720350823326686;27982.0;0.0;27982.0;3780.0;88.0989862099364;88.0989862099364;3780.0;11.9010137900636;0.0;0.0;0.0;0.0;5075.0;42.1266705403835;0.0;0.0;0.0;0.0;0.0;0.0;0.0;0.0;0.0;0.0;55.0;0.4565451979745995;0.0;0.0;0.0;0.0;0.0;0.0;0.0;0.0;0.0;0.0;3243.0;26.919565036938657;0.0;0.0;0.0;0.0;0.0;0.0;0.0;0.0;137527.0;76.14246642084399;137527.0;76.14246642084399;0.0;0.0;0.0;0.0;0.0;0.0;0.0;0.0;760.0;0.4207775526248768;0.0;0.0;0.0;0.0;0.0;0.0;0.0;0.0;0.0;0.0;34983.0;19.368501478257983;0.0;0.0;0.0;0.0;0.0;0.0;-1.0;1.0;0.9249022799499497;0.38020490862610556;1.0;0.0;3.7548860025025195;2.0;6782.0;3.7548860025025195;-1.0;1000.0;20.69951514388263;139.31092283530572;1000.0;0.0;5.783640828663182;3.0;1837.0;5.783640828663182;0.0;14.0;1.2471154644309788;1.1923547047933125;14.0;0.0;0.0;13.0;0.0;0.0;2.0;120.0;14.99277828505022;19.602610459409274;0.0;11.0;0.0;6.046042095752652;4385.0;5334.0;8414.0;11035.0;11627.0;12047.0;12047.0;12047.0;12047.0;36.39910351124762;44.27658338175479;69.84311446833237;91.59956835726737;96.51365485183034;100.0;100.0;100.0;100.0;7690.0;6805.0;3633.0;1012.0;420.0;0.0;0.0;0.0;0.0;0.0;0.0;63.83331949863037;56.48709222212999;30.156885531667637;8.40043164273263;3.4863451481696686;0.0;0.0;0.0;0.0;0.0;0.0;3780.0;31034.0;31762.0;31762.0;31762.0;31762.0;31762.0;31762.0;31762.0;11.9010137900636;97.70795289969145;100.0;100.0;100.0;100.0;100.0;100.0;100.0;27982.0;3531.0;0.0;0.0;0.0;0.0;0.0;0.0;0.0;0.0;0.0;88.0989862099364;11.117058119765758;0.0;0.0;0.0;0.0;0.0;0.0;0.0;0.0;0.0;neos-933966;2;1631;0.051351;1601;0.057215;MIR;19272;-194896.20268541947;194896.20268541947;484640.38892892154;484640.38892892154;0.4021460182386974;-20714213.63761903;20714213.63761903;<;-6613558.48270507;1
31762.0;12047.0;2.636507014194405;0.0;0.0;0.0;0.0;12047.0;180618.0;180618.0;0.04720350823326686;27982.0;0.0;27982.0;3780.0;88.0989862099364;88.0989862099364;3780.0;11.9010137900636;0.0;0.0;0.0;0.0;5075.0;42.1266705403835;0.0;0.0;0.0;0.0;0.0;0.0;0.0;0.0;0.0;0.0;55.0;0.4565451979745995;0.0;0.0;0.0;0.0;0.0;0.0;0.0;0.0;0.0;0.0;3243.0;26.919565036938657;0.0;0.0;0.0;0.0;0.0;0.0;0.0;0.0;137527.0;76.14246642084399;137527.0;76.14246642084399;0.0;0.0;0.0;0.0;0.0;0.0;0.0;0.0;760.0;0.4207775526248768;0.0;0.0;0.0;0.0;0.0;0.0;0.0;0.0;0.0;0.0;34983.0;19.368501478257983;0.0;0.0;0.0;0.0;0.0;0.0;-1.0;1.0;0.9249022799499497;0.38020490862610556;1.0;0.0;3.7548860025025195;2.0;6782.0;3.7548860025025195;-1.0;1000.0;20.69951514388263;139.31092283530572;1000.0;0.0;5.783640828663182;3.0;1837.0;5.783640828663182;0.0;14.0;1.2471154644309788;1.1923547047933125;14.0;0.0;0.0;13.0;0.0;0.0;2.0;120.0;14.99277828505022;19.602610459409274;0.0;11.0;0.0;6.046042095752652;4385.0;5334.0;8414.0;11035.0;11627.0;12047.0;12047.0;12047.0;12047.0;36.39910351124762;44.27658338175479;69.84311446833237;91.59956835726737;96.51365485183034;100.0;100.0;100.0;100.0;7690.0;6805.0;3633.0;1012.0;420.0;0.0;0.0;0.0;0.0;0.0;0.0;63.83331949863037;56.48709222212999;30.156885531667637;8.40043164273263;3.4863451481696686;0.0;0.0;0.0;0.0;0.0;0.0;3780.0;31034.0;31762.0;31762.0;31762.0;31762.0;31762.0;31762.0;31762.0;11.9010137900636;97.70795289969145;100.0;100.0;100.0;100.0;100.0;100.0;100.0;27982.0;3531.0;0.0;0.0;0.0;0.0;0.0;0.0;0.0;0.0;0.0;88.0989862099364;11.117058119765758;0.0;0.0;0.0;0.0;0.0;0.0;0.0;0.0;0.0;neos-933966;2;1631;0.051351;1601;0.057215;MIR;19253;-7725.62085220132;7725.62085220132;19208.79895966886;19208.79895966886;0.4021917699499158;-821220.3080409855;821220.3080409855;<;-262527.53480298375;1
31762.0;12047.0;2.636507014194405;0.0;0.0;0.0;0.0;12047.0;180618.0;180618.0;0.04720350823326686;27982.0;0.0;27982.0;3780.0;88.0989862099364;88.0989862099364;3780.0;11.9010137900636;0.0;0.0;0.0;0.0;5075.0;42.1266705403835;0.0;0.0;0.0;0.0;0.0;0.0;0.0;0.0;0.0;0.0;55.0;0.4565451979745995;0.0;0.0;0.0;0.0;0.0;0.0;0.0;0.0;0.0;0.0;3243.0;26.919565036938657;0.0;0.0;0.0;0.0;0.0;0.0;0.0;0.0;137527.0;76.14246642084399;137527.0;76.14246642084399;0.0;0.0;0.0;0.0;0.0;0.0;0.0;0.0;760.0;0.4207775526248768;0.0;0.0;0.0;0.0;0.0;0.0;0.0;0.0;0.0;0.0;34983.0;19.368501478257983;0.0;0.0;0.0;0.0;0.0;0.0;-1.0;1.0;0.9249022799499497;0.38020490862610556;1.0;0.0;3.7548860025025195;2.0;6782.0;3.7548860025025195;-1.0;1000.0;20.69951514388263;139.31092283530572;1000.0;0.0;5.783640828663182;3.0;1837.0;5.783640828663182;0.0;14.0;1.2471154644309788;1.1923547047933125;14.0;0.0;0.0;13.0;0.0;0.0;2.0;120.0;14.99277828505022;19.602610459409274;0.0;11.0;0.0;6.046042095752652;4385.0;5334.0;8414.0;11035.0;11627.0;12047.0;12047.0;12047.0;12047.0;36.39910351124762;44.27658338175479;69.84311446833237;91.59956835726737;96.51365485183034;100.0;100.0;100.0;100.0;7690.0;6805.0;3633.0;1012.0;420.0;0.0;0.0;0.0;0.0;0.0;0.0;63.83331949863037;56.48709222212999;30.156885531667637;8.40043164273263;3.4863451481696686;0.0;0.0;0.0;0.0;0.0;0.0;3780.0;31034.0;31762.0;31762.0;31762.0;31762.0;31762.0;31762.0;31762.0;11.9010137900636;97.70795289969145;100.0;100.0;100.0;100.0;100.0;100.0;100.0;27982.0;3531.0;0.0;0.0;0.0;0.0;0.0;0.0;0.0;0.0;0.0;88.0989862099364;11.117058119765758;0.0;0.0;0.0;0.0;0.0;0.0;0.0;0.0;0.0;neos-933966;2;1631;0.051351;1601;0.057215;MIR;19858;-30.76864832227358;30.76864832227358;63.26964880568576;63.26964880568576;0.4863097694246809;-2587.6504056473455;2587.6504056473455;<;-814.6089571722064;1
31762.0;12047.0;2.636507014194405;0.0;0.0;0.0;0.0;12047.0;180618.0;180618.0;0.04720350823326686;27982.0;0.0;27982.0;3780.0;88.0989862099364;88.0989862099364;3780.0;11.9010137900636;0.0;0.0;0.0;0.0;5075.0;42.1266705403835;0.0;0.0;0.0;0.0;0.0;0.0;0.0;0.0;0.0;0.0;55.0;0.4565451979745995;0.0;0.0;0.0;0.0;0.0;0.0;0.0;0.0;0.0;0.0;3243.0;26.919565036938657;0.0;0.0;0.0;0.0;0.0;0.0;0.0;0.0;137527.0;76.14246642084399;137527.0;76.14246642084399;0.0;0.0;0.0;0.0;0.0;0.0;0.0;0.0;760.0;0.4207775526248768;0.0;0.0;0.0;0.0;0.0;0.0;0.0;0.0;0.0;0.0;34983.0;19.368501478257983;0.0;0.0;0.0;0.0;0.0;0.0;-1.0;1.0;0.9249022799499497;0.38020490862610556;1.0;0.0;3.7548860025025195;2.0;6782.0;3.7548860025025195;-1.0;1000.0;20.69951514388263;139.31092283530572;1000.0;0.0;5.783640828663182;3.0;1837.0;5.783640828663182;0.0;14.0;1.2471154644309788;1.1923547047933125;14.0;0.0;0.0;13.0;0.0;0.0;2.0;120.0;14.99277828505022;19.602610459409274;0.0;11.0;0.0;6.046042095752652;4385.0;5334.0;8414.0;11035.0;11627.0;12047.0;12047.0;12047.0;12047.0;36.39910351124762;44.27658338175479;69.84311446833237;91.59956835726737;96.51365485183034;100.0;100.0;100.0;100.0;7690.0;6805.0;3633.0;1012.0;420.0;0.0;0.0;0.0;0.0;0.0;0.0;63.83331949863037;56.48709222212999;30.156885531667637;8.40043164273263;3.4863451481696686;0.0;0.0;0.0;0.0;0.0;0.0;3780.0;31034.0;31762.0;31762.0;31762.0;31762.0;31762.0;31762.0;31762.0;11.9010137900636;97.70795289969145;100.0;100.0;100.0;100.0;100.0;100.0;100.0;27982.0;3531.0;0.0;0.0;0.0;0.0;0.0;0.0;0.0;0.0;0.0;88.0989862099364;11.117058119765758;0.0;0.0;0.0;0.0;0.0;0.0;0.0;0.0;0.0;neos-933966;2;1631;0.051351;1601;0.057215;MIR;19858;-6256.837527320463;6256.837527320463;12827.43499544506;12827.43499544506;0.48776996566673114;-524830.9558887925;524830.9558887925;<;-165530.5878773689;1
31762.0;12047.0;2.636507014194405;0.0;0.0;0.0;0.0;12047.0;180618.0;180618.0;0.04720350823326686;27982.0;0.0;27982.0;3780.0;88.0989862099364;88.0989862099364;3780.0;11.9010137900636;0.0;0.0;0.0;0.0;5075.0;42.1266705403835;0.0;0.0;0.0;0.0;0.0;0.0;0.0;0.0;0.0;0.0;55.0;0.4565451979745995;0.0;0.0;0.0;0.0;0.0;0.0;0.0;0.0;0.0;0.0;3243.0;26.919565036938657;0.0;0.0;0.0;0.0;0.0;0.0;0.0;0.0;137527.0;76.14246642084399;137527.0;76.14246642084399;0.0;0.0;0.0;0.0;0.0;0.0;0.0;0.0;760.0;0.4207775526248768;0.0;0.0;0.0;0.0;0.0;0.0;0.0;0.0;0.0;0.0;34983.0;19.368501478257983;0.0;0.0;0.0;0.0;0.0;0.0;-1.0;1.0;0.9249022799499497;0.38020490862610556;1.0;0.0;3.7548860025025195;2.0;6782.0;3.7548860025025195;-1.0;1000.0;20.69951514388263;139.31092283530572;1000.0;0.0;5.783640828663182;3.0;1837.0;5.783640828663182;0.0;14.0;1.2471154644309788;1.1923547047933125;14.0;0.0;0.0;13.0;0.0;0.0;2.0;120.0;14.99277828505022;19.602610459409274;0.0;11.0;0.0;6.046042095752652;4385.0;5334.0;8414.0;11035.0;11627.0;12047.0;12047.0;12047.0;12047.0;36.39910351124762;44.27658338175479;69.84311446833237;91.59956835726737;96.51365485183034;100.0;100.0;100.0;100.0;7690.0;6805.0;3633.0;1012.0;420.0;0.0;0.0;0.0;0.0;0.0;0.0;63.83331949863037;56.48709222212999;30.156885531667637;8.40043164273263;3.4863451481696686;0.0;0.0;0.0;0.0;0.0;0.0;3780.0;31034.0;31762.0;31762.0;31762.0;31762.0;31762.0;31762.0;31762.0;11.9010137900636;97.70795289969145;100.0;100.0;100.0;100.0;100.0;100.0;100.0;27982.0;3531.0;0.0;0.0;0.0;0.0;0.0;0.0;0.0;0.0;0.0;88.0989862099364;11.117058119765758;0.0;0.0;0.0;0.0;0.0;0.0;0.0;0.0;0.0;neos-933966;2;1631;0.051351;1601;0.057215;MIR;16967;-160.386912894821;160.386912894821;234.19865013553874;234.19865013553874;0.6848327810685485;-12283.66171397224;12283.66171397224;<;-4210.4755893479005;1
31762.0;12047.0;2.636507014194405;0.0;0.0;0.0;0.0;12047.0;180618.0;180618.0;0.04720350823326686;27982.0;0.0;27982.0;3780.0;88.0989862099364;88.0989862099364;3780.0;11.9010137900636;0.0;0.0;0.0;0.0;5075.0;42.1266705403835;0.0;0.0;0.0;0.0;0.0;0.0;0.0;0.0;0.0;0.0;55.0;0.4565451979745995;0.0;0.0;0.0;0.0;0.0;0.0;0.0;0.0;0.0;0.0;3243.0;26.919565036938657;0.0;0.0;0.0;0.0;0.0;0.0;0.0;0.0;137527.0;76.14246642084399;137527.0;76.14246642084399;0.0;0.0;0.0;0.0;0.0;0.0;0.0;0.0;760.0;0.4207775526248768;0.0;0.0;0.0;0.0;0.0;0.0;0.0;0.0;0.0;0.0;34983.0;19.368501478257983;0.0;0.0;0.0;0.0;0.0;0.0;-1.0;1.0;0.9249022799499497;0.38020490862610556;1.0;0.0;3.7548860025025195;2.0;6782.0;3.7548860025025195;-1.0;1000.0;20.69951514388263;139.31092283530572;1000.0;0.0;5.783640828663182;3.0;1837.0;5.783640828663182;0.0;14.0;1.2471154644309788;1.1923547047933125;14.0;0.0;0.0;13.0;0.0;0.0;2.0;120.0;14.99277828505022;19.602610459409274;0.0;11.0;0.0;6.046042095752652;4385.0;5334.0;8414.0;11035.0;11627.0;12047.0;12047.0;12047.0;12047.0;36.39910351124762;44.27658338175479;69.84311446833237;91.59956835726737;96.51365485183034;100.0;100.0;100.0;100.0;7690.0;6805.0;3633.0;1012.0;420.0;0.0;0.0;0.0;0.0;0.0;0.0;63.83331949863037;56.48709222212999;30.156885531667637;8.40043164273263;3.4863451481696686;0.0;0.0;0.0;0.0;0.0;0.0;3780.0;31034.0;31762.0;31762.0;31762.0;31762.0;31762.0;31762.0;31762.0;11.9010137900636;97.70795289969145;100.0;100.0;100.0;100.0;100.0;100.0;100.0;27982.0;3531.0;0.0;0.0;0.0;0.0;0.0;0.0;0.0;0.0;0.0;88.0989862099364;11.117058119765758;0.0;0.0;0.0;0.0;0.0;0.0;0.0;0.0;0.0;neos-933966;2;1631;0.051351;1601;0.057215;MIR;16967;-8125.986041005653;8125.986041005653;11864.498127665502;11864.498127665502;0.6848992644752138;-622500.521140498;622500.521140498;<;-213662.5856689851;1
31762.0;12047.0;2.636507014194405;0.0;0.0;0.0;0.0;12047.0;180618.0;180618.0;0.04720350823326686;27982.0;0.0;27982.0;3780.0;88.0989862099364;88.0989862099364;3780.0;11.9010137900636;0.0;0.0;0.0;0.0;5075.0;42.1266705403835;0.0;0.0;0.0;0.0;0.0;0.0;0.0;0.0;0.0;0.0;55.0;0.4565451979745995;0.0;0.0;0.0;0.0;0.0;0.0;0.0;0.0;0.0;0.0;3243.0;26.919565036938657;0.0;0.0;0.0;0.0;0.0;0.0;0.0;0.0;137527.0;76.14246642084399;137527.0;76.14246642084399;0.0;0.0;0.0;0.0;0.0;0.0;0.0;0.0;760.0;0.4207775526248768;0.0;0.0;0.0;0.0;0.0;0.0;0.0;0.0;0.0;0.0;34983.0;19.368501478257983;0.0;0.0;0.0;0.0;0.0;0.0;-1.0;1.0;0.9249022799499497;0.38020490862610556;1.0;0.0;3.7548860025025195;2.0;6782.0;3.7548860025025195;-1.0;1000.0;20.69951514388263;139.31092283530572;1000.0;0.0;5.783640828663182;3.0;1837.0;5.783640828663182;0.0;14.0;1.2471154644309788;1.1923547047933125;14.0;0.0;0.0;13.0;0.0;0.0;2.0;120.0;14.99277828505022;19.602610459409274;0.0;11.0;0.0;6.046042095752652;4385.0;5334.0;8414.0;11035.0;11627.0;12047.0;12047.0;12047.0;12047.0;36.39910351124762;44.27658338175479;69.84311446833237;91.59956835726737;96.51365485183034;100.0;100.0;100.0;100.0;7690.0;6805.0;3633.0;1012.0;420.0;0.0;0.0;0.0;0.0;0.0;0.0;63.83331949863037;56.48709222212999;30.156885531667637;8.40043164273263;3.4863451481696686;0.0;0.0;0.0;0.0;0.0;0.0;3780.0;31034.0;31762.0;31762.0;31762.0;31762.0;31762.0;31762.0;31762.0;11.9010137900636;97.70795289969145;100.0;100.0;100.0;100.0;100.0;100.0;100.0;27982.0;3531.0;0.0;0.0;0.0;0.0;0.0;0.0;0.0;0.0;0.0;88.0989862099364;11.117058119765758;0.0;0.0;0.0;0.0;0.0;0.0;0.0;0.0;0.0;neos-933966;2;1631;0.051351;1601;0.057215;MIR;19535;-25381.076594098275;25381.076594098275;47083.53505223587;47083.53505223587;0.5390648039901794;-1960220.3276501459;1960220.3276501459;<;-590484.7972474226;1
31762.0;12047.0;2.636507014194405;0.0;0.0;0.0;0.0;12047.0;180618.0;180618.0;0.04720350823326686;27982.0;0.0;27982.0;3780.0;88.0989862099364;88.0989862099364;3780.0;11.9010137900636;0.0;0.0;0.0;0.0;5075.0;42.1266705403835;0.0;0.0;0.0;0.0;0.0;0.0;0.0;0.0;0.0;0.0;55.0;0.4565451979745995;0.0;0.0;0.0;0.0;0.0;0.0;0.0;0.0;0.0;0.0;3243.0;26.919565036938657;0.0;0.0;0.0;0.0;0.0;0.0;0.0;0.0;137527.0;76.14246642084399;137527.0;76.14246642084399;0.0;0.0;0.0;0.0;0.0;0.0;0.0;0.0;760.0;0.4207775526248768;0.0;0.0;0.0;0.0;0.0;0.0;0.0;0.0;0.0;0.0;34983.0;19.368501478257983;0.0;0.0;0.0;0.0;0.0;0.0;-1.0;1.0;0.9249022799499497;0.38020490862610556;1.0;0.0;3.7548860025025195;2.0;6782.0;3.7548860025025195;-1.0;1000.0;20.69951514388263;139.31092283530572;1000.0;0.0;5.783640828663182;3.0;1837.0;5.783640828663182;0.0;14.0;1.2471154644309788;1.1923547047933125;14.0;0.0;0.0;13.0;0.0;0.0;2.0;120.0;14.99277828505022;19.602610459409274;0.0;11.0;0.0;6.046042095752652;4385.0;5334.0;8414.0;11035.0;11627.0;12047.0;12047.0;12047.0;12047.0;36.39910351124762;44.27658338175479;69.84311446833237;91.59956835726737;96.51365485183034;100.0;100.0;100.0;100.0;7690.0;6805.0;3633.0;1012.0;420.0;0.0;0.0;0.0;0.0;0.0;0.0;63.83331949863037;56.48709222212999;30.156885531667637;8.40043164273263;3.4863451481696686;0.0;0.0;0.0;0.0;0.0;0.0;3780.0;31034.0;31762.0;31762.0;31762.0;31762.0;31762.0;31762.0;31762.0;11.9010137900636;97.70795289969145;100.0;100.0;100.0;100.0;100.0;100.0;100.0;27982.0;3531.0;0.0;0.0;0.0;0.0;0.0;0.0;0.0;0.0;0.0;88.0989862099364;11.117058119765758;0.0;0.0;0.0;0.0;0.0;0.0;0.0;0.0;0.0;neos-933966;2;1631;0.051351;1601;0.057215;MIR;19535;-30973.334530600605;30973.334530600605;57455.75263156124;57455.75263156124;0.5390815212050067;-2392255.4886279437;2392255.4886279437;<;-720973.9170663615;1
31762.0;12047.0;2.636507014194405;0.0;0.0;0.0;0.0;12047.0;180618.0;180618.0;0.04720350823326686;27982.0;0.0;27982.0;3780.0;88.0989862099364;88.0989862099364;3780.0;11.9010137900636;0.0;0.0;0.0;0.0;5075.0;42.1266705403835;0.0;0.0;0.0;0.0;0.0;0.0;0.0;0.0;0.0;0.0;55.0;0.4565451979745995;0.0;0.0;0.0;0.0;0.0;0.0;0.0;0.0;0.0;0.0;3243.0;26.919565036938657;0.0;0.0;0.0;0.0;0.0;0.0;0.0;0.0;137527.0;76.14246642084399;137527.0;76.14246642084399;0.0;0.0;0.0;0.0;0.0;0.0;0.0;0.0;760.0;0.4207775526248768;0.0;0.0;0.0;0.0;0.0;0.0;0.0;0.0;0.0;0.0;34983.0;19.368501478257983;0.0;0.0;0.0;0.0;0.0;0.0;-1.0;1.0;0.9249022799499497;0.38020490862610556;1.0;0.0;3.7548860025025195;2.0;6782.0;3.7548860025025195;-1.0;1000.0;20.69951514388263;139.31092283530572;1000.0;0.0;5.783640828663182;3.0;1837.0;5.783640828663182;0.0;14.0;1.2471154644309788;1.1923547047933125;14.0;0.0;0.0;13.0;0.0;0.0;2.0;120.0;14.99277828505022;19.602610459409274;0.0;11.0;0.0;6.046042095752652;4385.0;5334.0;8414.0;11035.0;11627.0;12047.0;12047.0;12047.0;12047.0;36.39910351124762;44.27658338175479;69.84311446833237;91.59956835726737;96.51365485183034;100.0;100.0;100.0;100.0;7690.0;6805.0;3633.0;1012.0;420.0;0.0;0.0;0.0;0.0;0.0;0.0;63.83331949863037;56.48709222212999;30.156885531667637;8.40043164273263;3.4863451481696686;0.0;0.0;0.0;0.0;0.0;0.0;3780.0;31034.0;31762.0;31762.0;31762.0;31762.0;31762.0;31762.0;31762.0;11.9010137900636;97.70795289969145;100.0;100.0;100.0;100.0;100.0;100.0;100.0;27982.0;3531.0;0.0;0.0;0.0;0.0;0.0;0.0;0.0;0.0;0.0;88.0989862099364;11.117058119765758;0.0;0.0;0.0;0.0;0.0;0.0;0.0;0.0;0.0;neos-933966;2;1631;0.051351;1601;0.057215;MIR;16664;-12.989745187643662;12.989745187643662;26.516251431500162;26.516251431500162;0.48987863994276376;-914.7736635019817;914.7736635019817;<;-384.75828375500055;1
31762.0;12047.0;2.636507014194405;0.0;0.0;0.0;0.0;12047.0;180618.0;180618.0;0.04720350823326686;27982.0;0.0;27982.0;3780.0;88.0989862099364;88.0989862099364;3780.0;11.9010137900636;0.0;0.0;0.0;0.0;5075.0;42.1266705403835;0.0;0.0;0.0;0.0;0.0;0.0;0.0;0.0;0.0;0.0;55.0;0.4565451979745995;0.0;0.0;0.0;0.0;0.0;0.0;0.0;0.0;0.0;0.0;3243.0;26.919565036938657;0.0;0.0;0.0;0.0;0.0;0.0;0.0;0.0;137527.0;76.14246642084399;137527.0;76.14246642084399;0.0;0.0;0.0;0.0;0.0;0.0;0.0;0.0;760.0;0.4207775526248768;0.0;0.0;0.0;0.0;0.0;0.0;0.0;0.0;0.0;0.0;34983.0;19.368501478257983;0.0;0.0;0.0;0.0;0.0;0.0;-1.0;1.0;0.9249022799499497;0.38020490862610556;1.0;0.0;3.7548860025025195;2.0;6782.0;3.7548860025025195;-1.0;1000.0;20.69951514388263;139.31092283530572;1000.0;0.0;5.783640828663182;3.0;1837.0;5.783640828663182;0.0;14.0;1.2471154644309788;1.1923547047933125;14.0;0.0;0.0;13.0;0.0;0.0;2.0;120.0;14.99277828505022;19.602610459409274;0.0;11.0;0.0;6.046042095752652;4385.0;5334.0;8414.0;11035.0;11627.0;12047.0;12047.0;12047.0;12047.0;36.39910351124762;44.27658338175479;69.84311446833237;91.59956835726737;96.51365485183034;100.0;100.0;100.0;100.0;7690.0;6805.0;3633.0;1012.0;420.0;0.0;0.0;0.0;0.0;0.0;0.0;63.83331949863037;56.48709222212999;30.156885531667637;8.40043164273263;3.4863451481696686;0.0;0.0;0.0;0.0;0.0;0.0;3780.0;31034.0;31762.0;31762.0;31762.0;31762.0;31762.0;31762.0;31762.0;11.9010137900636;97.70795289969145;100.0;100.0;100.0;100.0;100.0;100.0;100.0;27982.0;3531.0;0.0;0.0;0.0;0.0;0.0;0.0;0.0;0.0;0.0;88.0989862099364;11.117058119765758;0.0;0.0;0.0;0.0;0.0;0.0;0.0;0.0;0.0;neos-933966;2;1631;0.051351;1601;0.057215;MIR;16664;-77952.13672105566;77952.13672105566;159131.02521381472;159131.02521381472;0.4898613366960723;-5489381.877973178;5489381.877973178;<;-2308240.398556384;1
31762.0;12047.0;2.636507014194405;0.0;0.0;0.0;0.0;12047.0;180618.0;180618.0;0.04720350823326686;27982.0;0.0;27982.0;3780.0;88.0989862099364;88.0989862099364;3780.0;11.9010137900636;0.0;0.0;0.0;0.0;5075.0;42.1266705403835;0.0;0.0;0.0;0.0;0.0;0.0;0.0;0.0;0.0;0.0;55.0;0.4565451979745995;0.0;0.0;0.0;0.0;0.0;0.0;0.0;0.0;0.0;0.0;3243.0;26.919565036938657;0.0;0.0;0.0;0.0;0.0;0.0;0.0;0.0;137527.0;76.14246642084399;137527.0;76.14246642084399;0.0;0.0;0.0;0.0;0.0;0.0;0.0;0.0;760.0;0.4207775526248768;0.0;0.0;0.0;0.0;0.0;0.0;0.0;0.0;0.0;0.0;34983.0;19.368501478257983;0.0;0.0;0.0;0.0;0.0;0.0;-1.0;1.0;0.9249022799499497;0.38020490862610556;1.0;0.0;3.7548860025025195;2.0;6782.0;3.7548860025025195;-1.0;1000.0;20.69951514388263;139.31092283530572;1000.0;0.0;5.783640828663182;3.0;1837.0;5.783640828663182;0.0;14.0;1.2471154644309788;1.1923547047933125;14.0;0.0;0.0;13.0;0.0;0.0;2.0;120.0;14.99277828505022;19.602610459409274;0.0;11.0;0.0;6.046042095752652;4385.0;5334.0;8414.0;11035.0;11627.0;12047.0;12047.0;12047.0;12047.0;36.39910351124762;44.27658338175479;69.84311446833237;91.59956835726737;96.51365485183034;100.0;100.0;100.0;100.0;7690.0;6805.0;3633.0;1012.0;420.0;0.0;0.0;0.0;0.0;0.0;0.0;63.83331949863037;56.48709222212999;30.156885531667637;8.40043164273263;3.4863451481696686;0.0;0.0;0.0;0.0;0.0;0.0;3780.0;31034.0;31762.0;31762.0;31762.0;31762.0;31762.0;31762.0;31762.0;11.9010137900636;97.70795289969145;100.0;100.0;100.0;100.0;100.0;100.0;100.0;27982.0;3531.0;0.0;0.0;0.0;0.0;0.0;0.0;0.0;0.0;0.0;88.0989862099364;11.117058119765758;0.0;0.0;0.0;0.0;0.0;0.0;0.0;0.0;0.0;neos-933966;6;1637;0.05154;1600;0.05718;RED_SPLIT;23205;-6.61108409721825;6.61108409721825;14.454053731386422;14.454053731386422;0.4573861575498737;-895.8397899275847;895.8397899275847;<;-333.87259486971163;1
31762.0;12047.0;2.636507014194405;0.0;0.0;0.0;0.0;12047.0;180618.0;180618.0;0.04720350823326686;27982.0;0.0;27982.0;3780.0;88.0989862099364;88.0989862099364;3780.0;11.9010137900636;0.0;0.0;0.0;0.0;5075.0;42.1266705403835;0.0;0.0;0.0;0.0;0.0;0.0;0.0;0.0;0.0;0.0;55.0;0.4565451979745995;0.0;0.0;0.0;0.0;0.0;0.0;0.0;0.0;0.0;0.0;3243.0;26.919565036938657;0.0;0.0;0.0;0.0;0.0;0.0;0.0;0.0;137527.0;76.14246642084399;137527.0;76.14246642084399;0.0;0.0;0.0;0.0;0.0;0.0;0.0;0.0;760.0;0.4207775526248768;0.0;0.0;0.0;0.0;0.0;0.0;0.0;0.0;0.0;0.0;34983.0;19.368501478257983;0.0;0.0;0.0;0.0;0.0;0.0;-1.0;1.0;0.9249022799499497;0.38020490862610556;1.0;0.0;3.7548860025025195;2.0;6782.0;3.7548860025025195;-1.0;1000.0;20.69951514388263;139.31092283530572;1000.0;0.0;5.783640828663182;3.0;1837.0;5.783640828663182;0.0;14.0;1.2471154644309788;1.1923547047933125;14.0;0.0;0.0;13.0;0.0;0.0;2.0;120.0;14.99277828505022;19.602610459409274;0.0;11.0;0.0;6.046042095752652;4385.0;5334.0;8414.0;11035.0;11627.0;12047.0;12047.0;12047.0;12047.0;36.39910351124762;44.27658338175479;69.84311446833237;91.59956835726737;96.51365485183034;100.0;100.0;100.0;100.0;7690.0;6805.0;3633.0;1012.0;420.0;0.0;0.0;0.0;0.0;0.0;0.0;63.83331949863037;56.48709222212999;30.156885531667637;8.40043164273263;3.4863451481696686;0.0;0.0;0.0;0.0;0.0;0.0;3780.0;31034.0;31762.0;31762.0;31762.0;31762.0;31762.0;31762.0;31762.0;11.9010137900636;97.70795289969145;100.0;100.0;100.0;100.0;100.0;100.0;100.0;27982.0;3531.0;0.0;0.0;0.0;0.0;0.0;0.0;0.0;0.0;0.0;88.0989862099364;11.117058119765758;0.0;0.0;0.0;0.0;0.0;0.0;0.0;0.0;0.0;neos-933966;6;1637;0.05154;1600;0.05718;RED_SPLIT;24126;-7.804920144600633;7.804920144600633;17.678903450945587;17.678903450945587;0.4414821409176921;-1070.8107601566107;1070.8107601566107;<;-393.76089005679444;1
31762.0;12047.0;2.636507014194405;0.0;0.0;0.0;0.0;12047.0;180618.0;180618.0;0.04720350823326686;27982.0;0.0;27982.0;3780.0;88.0989862099364;88.0989862099364;3780.0;11.9010137900636;0.0;0.0;0.0;0.0;5075.0;42.1266705403835;0.0;0.0;0.0;0.0;0.0;0.0;0.0;0.0;0.0;0.0;55.0;0.4565451979745995;0.0;0.0;0.0;0.0;0.0;0.0;0.0;0.0;0.0;0.0;3243.0;26.919565036938657;0.0;0.0;0.0;0.0;0.0;0.0;0.0;0.0;137527.0;76.14246642084399;137527.0;76.14246642084399;0.0;0.0;0.0;0.0;0.0;0.0;0.0;0.0;760.0;0.4207775526248768;0.0;0.0;0.0;0.0;0.0;0.0;0.0;0.0;0.0;0.0;34983.0;19.368501478257983;0.0;0.0;0.0;0.0;0.0;0.0;-1.0;1.0;0.9249022799499497;0.38020490862610556;1.0;0.0;3.7548860025025195;2.0;6782.0;3.7548860025025195;-1.0;1000.0;20.69951514388263;139.31092283530572;1000.0;0.0;5.783640828663182;3.0;1837.0;5.783640828663182;0.0;14.0;1.2471154644309788;1.1923547047933125;14.0;0.0;0.0;13.0;0.0;0.0;2.0;120.0;14.99277828505022;19.602610459409274;0.0;11.0;0.0;6.046042095752652;4385.0;5334.0;8414.0;11035.0;11627.0;12047.0;12047.0;12047.0;12047.0;36.39910351124762;44.27658338175479;69.84311446833237;91.59956835726737;96.51365485183034;100.0;100.0;100.0;100.0;7690.0;6805.0;3633.0;1012.0;420.0;0.0;0.0;0.0;0.0;0.0;0.0;63.83331949863037;56.48709222212999;30.156885531667637;8.40043164273263;3.4863451481696686;0.0;0.0;0.0;0.0;0.0;0.0;3780.0;31034.0;31762.0;31762.0;31762.0;31762.0;31762.0;31762.0;31762.0;11.9010137900636;97.70795289969145;100.0;100.0;100.0;100.0;100.0;100.0;100.0;27982.0;3531.0;0.0;0.0;0.0;0.0;0.0;0.0;0.0;0.0;0.0;88.0989862099364;11.117058119765758;0.0;0.0;0.0;0.0;0.0;0.0;0.0;0.0;0.0;neos-933966;6;1637;0.05154;1600;0.05718;RED_SPLIT;23306;-5.829494462809655;5.829494462809655;12.21988760102387;12.21988760102387;0.4770497612695896;-783.5523833678056;783.5523833678056;<;-270.8276016002586;1
31762.0;12047.0;2.636507014194405;0.0;0.0;0.0;0.0;12047.0;180618.0;180618.0;0.04720350823326686;27982.0;0.0;27982.0;3780.0;88.0989862099364;88.0989862099364;3780.0;11.9010137900636;0.0;0.0;0.0;0.0;5075.0;42.1266705403835;0.0;0.0;0.0;0.0;0.0;0.0;0.0;0.0;0.0;0.0;55.0;0.4565451979745995;0.0;0.0;0.0;0.0;0.0;0.0;0.0;0.0;0.0;0.0;3243.0;26.919565036938657;0.0;0.0;0.0;0.0;0.0;0.0;0.0;0.0;137527.0;76.14246642084399;137527.0;76.14246642084399;0.0;0.0;0.0;0.0;0.0;0.0;0.0;0.0;760.0;0.4207775526248768;0.0;0.0;0.0;0.0;0.0;0.0;0.0;0.0;0.0;0.0;34983.0;19.368501478257983;0.0;0.0;0.0;0.0;0.0;0.0;-1.0;1.0;0.9249022799499497;0.38020490862610556;1.0;0.0;3.7548860025025195;2.0;6782.0;3.7548860025025195;-1.0;1000.0;20.69951514388263;139.31092283530572;1000.0;0.0;5.783640828663182;3.0;1837.0;5.783640828663182;0.0;14.0;1.2471154644309788;1.1923547047933125;14.0;0.0;0.0;13.0;0.0;0.0;2.0;120.0;14.99277828505022;19.602610459409274;0.0;11.0;0.0;6.046042095752652;4385.0;5334.0;8414.0;11035.0;11627.0;12047.0;12047.0;12047.0;12047.0;36.39910351124762;44.27658338175479;69.84311446833237;91.59956835726737;96.51365485183034;100.0;100.0;100.0;100.0;7690.0;6805.0;3633.0;1012.0;420.0;0.0;0.0;0.0;0.0;0.0;0.0;63.83331949863037;56.48709222212999;30.156885531667637;8.40043164273263;3.4863451481696686;0.0;0.0;0.0;0.0;0.0;0.0;3780.0;31034.0;31762.0;31762.0;31762.0;31762.0;31762.0;31762.0;31762.0;11.9010137900636;97.70795289969145;100.0;100.0;100.0;100.0;100.0;100.0;100.0;27982.0;3531.0;0.0;0.0;0.0;0.0;0.0;0.0;0.0;0.0;0.0;88.0989862099364;11.117058119765758;0.0;0.0;0.0;0.0;0.0;0.0;0.0;0.0;0.0;neos-933966;6;1637;0.05154;1600;0.05718;RED_SPLIT;23508;-6.484857080086049;6.484857080086049;11.93938944671987;11.93938944671987;0.5431481324087007;-630.0736048177473;630.0736048177473;<;-210.35354367022757;1
31762.0;12047.0;2.636507014194405;0.0;0.0;0.0;0.0;12047.0;180618.0;180618.0;0.04720350823326686;27982.0;0.0;27982.0;3780.0;88.0989862099364;88.0989862099364;3780.0;11.9010137900636;0.0;0.0;0.0;0.0;5075.0;42.1266705403835;0.0;0.0;0.0;0.0;0.0;0.0;0.0;0.0;0.0;0.0;55.0;0.4565451979745995;0.0;0.0;0.0;0.0;0.0;0.0;0.0;0.0;0.0;0.0;3243.0;26.919565036938657;0.0;0.0;0.0;0.0;0.0;0.0;0.0;0.0;137527.0;76.14246642084399;137527.0;76.14246642084399;0.0;0.0;0.0;0.0;0.0;0.0;0.0;0.0;760.0;0.4207775526248768;0.0;0.0;0.0;0.0;0.0;0.0;0.0;0.0;0.0;0.0;34983.0;19.368501478257983;0.0;0.0;0.0;0.0;0.0;0.0;-1.0;1.0;0.9249022799499497;0.38020490862610556;1.0;0.0;3.7548860025025195;2.0;6782.0;3.7548860025025195;-1.0;1000.0;20.69951514388263;139.31092283530572;1000.0;0.0;5.783640828663182;3.0;1837.0;5.783640828663182;0.0;14.0;1.2471154644309788;1.1923547047933125;14.0;0.0;0.0;13.0;0.0;0.0;2.0;120.0;14.99277828505022;19.602610459409274;0.0;11.0;0.0;6.046042095752652;4385.0;5334.0;8414.0;11035.0;11627.0;12047.0;12047.0;12047.0;12047.0;36.39910351124762;44.27658338175479;69.84311446833237;91.59956835726737;96.51365485183034;100.0;100.0;100.0;100.0;7690.0;6805.0;3633.0;1012.0;420.0;0.0;0.0;0.0;0.0;0.0;0.0;63.83331949863037;56.48709222212999;30.156885531667637;8.40043164273263;3.4863451481696686;0.0;0.0;0.0;0.0;0.0;0.0;3780.0;31034.0;31762.0;31762.0;31762.0;31762.0;31762.0;31762.0;31762.0;11.9010137900636;97.70795289969145;100.0;100.0;100.0;100.0;100.0;100.0;100.0;27982.0;3531.0;0.0;0.0;0.0;0.0;0.0;0.0;0.0;0.0;0.0;88.0989862099364;11.117058119765758;0.0;0.0;0.0;0.0;0.0;0.0;0.0;0.0;0.0;neos-933966;6;1637;0.05154;1600;0.05718;RED_SPLIT;24159;-5.901643677767873;5.901643677767873;15.698033264533104;15.698033264533104;0.3759479661125181;-841.2030000338516;841.2030000338516;<;-281.1762267833185;1
31762.0;12047.0;2.636507014194405;0.0;0.0;0.0;0.0;12047.0;180618.0;180618.0;0.04720350823326686;27982.0;0.0;27982.0;3780.0;88.0989862099364;88.0989862099364;3780.0;11.9010137900636;0.0;0.0;0.0;0.0;5075.0;42.1266705403835;0.0;0.0;0.0;0.0;0.0;0.0;0.0;0.0;0.0;0.0;55.0;0.4565451979745995;0.0;0.0;0.0;0.0;0.0;0.0;0.0;0.0;0.0;0.0;3243.0;26.919565036938657;0.0;0.0;0.0;0.0;0.0;0.0;0.0;0.0;137527.0;76.14246642084399;137527.0;76.14246642084399;0.0;0.0;0.0;0.0;0.0;0.0;0.0;0.0;760.0;0.4207775526248768;0.0;0.0;0.0;0.0;0.0;0.0;0.0;0.0;0.0;0.0;34983.0;19.368501478257983;0.0;0.0;0.0;0.0;0.0;0.0;-1.0;1.0;0.9249022799499497;0.38020490862610556;1.0;0.0;3.7548860025025195;2.0;6782.0;3.7548860025025195;-1.0;1000.0;20.69951514388263;139.31092283530572;1000.0;0.0;5.783640828663182;3.0;1837.0;5.783640828663182;0.0;14.0;1.2471154644309788;1.1923547047933125;14.0;0.0;0.0;13.0;0.0;0.0;2.0;120.0;14.99277828505022;19.602610459409274;0.0;11.0;0.0;6.046042095752652;4385.0;5334.0;8414.0;11035.0;11627.0;12047.0;12047.0;12047.0;12047.0;36.39910351124762;44.27658338175479;69.84311446833237;91.59956835726737;96.51365485183034;100.0;100.0;100.0;100.0;7690.0;6805.0;3633.0;1012.0;420.0;0.0;0.0;0.0;0.0;0.0;0.0;63.83331949863037;56.48709222212999;30.156885531667637;8.40043164273263;3.4863451481696686;0.0;0.0;0.0;0.0;0.0;0.0;3780.0;31034.0;31762.0;31762.0;31762.0;31762.0;31762.0;31762.0;31762.0;11.9010137900636;97.70795289969145;100.0;100.0;100.0;100.0;100.0;100.0;100.0;27982.0;3531.0;0.0;0.0;0.0;0.0;0.0;0.0;0.0;0.0;0.0;88.0989862099364;11.117058119765758;0.0;0.0;0.0;0.0;0.0;0.0;0.0;0.0;0.0;neos-933966;6;1637;0.05154;1600;0.05718;RED_SPLIT;23378;-5.04643312964777;5.04643312964777;11.447883136987427;11.447883136987427;0.4408180158079223;-659.3035429072847;659.3035429072847;<;-248.6230773881232;1
31762.0;12047.0;2.636507014194405;0.0;0.0;0.0;0.0;12047.0;180618.0;180618.0;0.04720350823326686;27982.0;0.0;27982.0;3780.0;88.0989862099364;88.0989862099364;3780.0;11.9010137900636;0.0;0.0;0.0;0.0;5075.0;42.1266705403835;0.0;0.0;0.0;0.0;0.0;0.0;0.0;0.0;0.0;0.0;55.0;0.4565451979745995;0.0;0.0;0.0;0.0;0.0;0.0;0.0;0.0;0.0;0.0;3243.0;26.919565036938657;0.0;0.0;0.0;0.0;0.0;0.0;0.0;0.0;137527.0;76.14246642084399;137527.0;76.14246642084399;0.0;0.0;0.0;0.0;0.0;0.0;0.0;0.0;760.0;0.4207775526248768;0.0;0.0;0.0;0.0;0.0;0.0;0.0;0.0;0.0;0.0;34983.0;19.368501478257983;0.0;0.0;0.0;0.0;0.0;0.0;-1.0;1.0;0.9249022799499497;0.38020490862610556;1.0;0.0;3.7548860025025195;2.0;6782.0;3.7548860025025195;-1.0;1000.0;20.69951514388263;139.31092283530572;1000.0;0.0;5.783640828663182;3.0;1837.0;5.783640828663182;0.0;14.0;1.2471154644309788;1.1923547047933125;14.0;0.0;0.0;13.0;0.0;0.0;2.0;120.0;14.99277828505022;19.602610459409274;0.0;11.0;0.0;6.046042095752652;4385.0;5334.0;8414.0;11035.0;11627.0;12047.0;12047.0;12047.0;12047.0;36.39910351124762;44.27658338175479;69.84311446833237;91.59956835726737;96.51365485183034;100.0;100.0;100.0;100.0;7690.0;6805.0;3633.0;1012.0;420.0;0.0;0.0;0.0;0.0;0.0;0.0;63.83331949863037;56.48709222212999;30.156885531667637;8.40043164273263;3.4863451481696686;0.0;0.0;0.0;0.0;0.0;0.0;3780.0;31034.0;31762.0;31762.0;31762.0;31762.0;31762.0;31762.0;31762.0;11.9010137900636;97.70795289969145;100.0;100.0;100.0;100.0;100.0;100.0;100.0;27982.0;3531.0;0.0;0.0;0.0;0.0;0.0;0.0;0.0;0.0;0.0;88.0989862099364;11.117058119765758;0.0;0.0;0.0;0.0;0.0;0.0;0.0;0.0;0.0;neos-933966;6;1637;0.05154;1600;0.05718;RED_SPLIT;21160;-2.5389048833149706;2.5389048833149706;6.7568329283344015;6.7568329283344015;0.3757536867114495;-291.787940427952;291.787940427952;<;-107.52457426985296;1
31762.0;12047.0;2.636507014194405;0.0;0.0;0.0;0.0;12047.0;180618.0;180618.0;0.04720350823326686;27982.0;0.0;27982.0;3780.0;88.0989862099364;88.0989862099364;3780.0;11.9010137900636;0.0;0.0;0.0;0.0;5075.0;42.1266705403835;0.0;0.0;0.0;0.0;0.0;0.0;0.0;0.0;0.0;0.0;55.0;0.4565451979745995;0.0;0.0;0.0;0.0;0.0;0.0;0.0;0.0;0.0;0.0;3243.0;26.919565036938657;0.0;0.0;0.0;0.0;0.0;0.0;0.0;0.0;137527.0;76.14246642084399;137527.0;76.14246642084399;0.0;0.0;0.0;0.0;0.0;0.0;0.0;0.0;760.0;0.4207775526248768;0.0;0.0;0.0;0.0;0.0;0.0;0.0;0.0;0.0;0.0;34983.0;19.368501478257983;0.0;0.0;0.0;0.0;0.0;0.0;-1.0;1.0;0.9249022799499497;0.38020490862610556;1.0;0.0;3.7548860025025195;2.0;6782.0;3.7548860025025195;-1.0;1000.0;20.69951514388263;139.31092283530572;1000.0;0.0;5.783640828663182;3.0;1837.0;5.783640828663182;0.0;14.0;1.2471154644309788;1.1923547047933125;14.0;0.0;0.0;13.0;0.0;0.0;2.0;120.0;14.99277828505022;19.602610459409274;0.0;11.0;0.0;6.046042095752652;4385.0;5334.0;8414.0;11035.0;11627.0;12047.0;12047.0;12047.0;12047.0;36.39910351124762;44.27658338175479;69.84311446833237;91.59956835726737;96.51365485183034;100.0;100.0;100.0;100.0;7690.0;6805.0;3633.0;1012.0;420.0;0.0;0.0;0.0;0.0;0.0;0.0;63.83331949863037;56.48709222212999;30.156885531667637;8.40043164273263;3.4863451481696686;0.0;0.0;0.0;0.0;0.0;0.0;3780.0;31034.0;31762.0;31762.0;31762.0;31762.0;31762.0;31762.0;31762.0;11.9010137900636;97.70795289969145;100.0;100.0;100.0;100.0;100.0;100.0;100.0;27982.0;3531.0;0.0;0.0;0.0;0.0;0.0;0.0;0.0;0.0;0.0;88.0989862099364;11.117058119765758;0.0;0.0;0.0;0.0;0.0;0.0;0.0;0.0;0.0;neos-933966;6;1637;0.05154;1600;0.05718;RED_SPLIT;22804;-3.0668131915642447;3.0668131915642447;10.811036330800441;10.811036330800441;0.2836743026038078;-489.8525213109406;489.8525213109406;<;-179.33990231914697;1
31762.0;12047.0;2.636507014194405;0.0;0.0;0.0;0.0;12047.0;180618.0;180618.0;0.04720350823326686;27982.0;0.0;27982.0;3780.0;88.0989862099364;88.0989862099364;3780.0;11.9010137900636;0.0;0.0;0.0;0.0;5075.0;42.1266705403835;0.0;0.0;0.0;0.0;0.0;0.0;0.0;0.0;0.0;0.0;55.0;0.4565451979745995;0.0;0.0;0.0;0.0;0.0;0.0;0.0;0.0;0.0;0.0;3243.0;26.919565036938657;0.0;0.0;0.0;0.0;0.0;0.0;0.0;0.0;137527.0;76.14246642084399;137527.0;76.14246642084399;0.0;0.0;0.0;0.0;0.0;0.0;0.0;0.0;760.0;0.4207775526248768;0.0;0.0;0.0;0.0;0.0;0.0;0.0;0.0;0.0;0.0;34983.0;19.368501478257983;0.0;0.0;0.0;0.0;0.0;0.0;-1.0;1.0;0.9249022799499497;0.38020490862610556;1.0;0.0;3.7548860025025195;2.0;6782.0;3.7548860025025195;-1.0;1000.0;20.69951514388263;139.31092283530572;1000.0;0.0;5.783640828663182;3.0;1837.0;5.783640828663182;0.0;14.0;1.2471154644309788;1.1923547047933125;14.0;0.0;0.0;13.0;0.0;0.0;2.0;120.0;14.99277828505022;19.602610459409274;0.0;11.0;0.0;6.046042095752652;4385.0;5334.0;8414.0;11035.0;11627.0;12047.0;12047.0;12047.0;12047.0;36.39910351124762;44.27658338175479;69.84311446833237;91.59956835726737;96.51365485183034;100.0;100.0;100.0;100.0;7690.0;6805.0;3633.0;1012.0;420.0;0.0;0.0;0.0;0.0;0.0;0.0;63.83331949863037;56.48709222212999;30.156885531667637;8.40043164273263;3.4863451481696686;0.0;0.0;0.0;0.0;0.0;0.0;3780.0;31034.0;31762.0;31762.0;31762.0;31762.0;31762.0;31762.0;31762.0;11.9010137900636;97.70795289969145;100.0;100.0;100.0;100.0;100.0;100.0;100.0;27982.0;3531.0;0.0;0.0;0.0;0.0;0.0;0.0;0.0;0.0;0.0;88.0989862099364;11.117058119765758;0.0;0.0;0.0;0.0;0.0;0.0;0.0;0.0;0.0;neos-933966;6;1637;0.05154;1600;0.05718;RED_SPLIT;23425;-3.4779976407216218;3.4779976407216218;8.849159573927679;8.849159573927679;0.3930314072953168;-492.9313736853281;492.9313736853281;<;-170.38267331769993;1
31762.0;12047.0;2.636507014194405;0.0;0.0;0.0;0.0;12047.0;180618.0;180618.0;0.04720350823326686;27982.0;0.0;27982.0;3780.0;88.0989862099364;88.0989862099364;3780.0;11.9010137900636;0.0;0.0;0.0;0.0;5075.0;42.1266705403835;0.0;0.0;0.0;0.0;0.0;0.0;0.0;0.0;0.0;0.0;55.0;0.4565451979745995;0.0;0.0;0.0;0.0;0.0;0.0;0.0;0.0;0.0;0.0;3243.0;26.919565036938657;0.0;0.0;0.0;0.0;0.0;0.0;0.0;0.0;137527.0;76.14246642084399;137527.0;76.14246642084399;0.0;0.0;0.0;0.0;0.0;0.0;0.0;0.0;760.0;0.4207775526248768;0.0;0.0;0.0;0.0;0.0;0.0;0.0;0.0;0.0;0.0;34983.0;19.368501478257983;0.0;0.0;0.0;0.0;0.0;0.0;-1.0;1.0;0.9249022799499497;0.38020490862610556;1.0;0.0;3.7548860025025195;2.0;6782.0;3.7548860025025195;-1.0;1000.0;20.69951514388263;139.31092283530572;1000.0;0.0;5.783640828663182;3.0;1837.0;5.783640828663182;0.0;14.0;1.2471154644309788;1.1923547047933125;14.0;0.0;0.0;13.0;0.0;0.0;2.0;120.0;14.99277828505022;19.602610459409274;0.0;11.0;0.0;6.046042095752652;4385.0;5334.0;8414.0;11035.0;11627.0;12047.0;12047.0;12047.0;12047.0;36.39910351124762;44.27658338175479;69.84311446833237;91.59956835726737;96.51365485183034;100.0;100.0;100.0;100.0;7690.0;6805.0;3633.0;1012.0;420.0;0.0;0.0;0.0;0.0;0.0;0.0;63.83331949863037;56.48709222212999;30.156885531667637;8.40043164273263;3.4863451481696686;0.0;0.0;0.0;0.0;0.0;0.0;3780.0;31034.0;31762.0;31762.0;31762.0;31762.0;31762.0;31762.0;31762.0;11.9010137900636;97.70795289969145;100.0;100.0;100.0;100.0;100.0;100.0;100.0;27982.0;3531.0;0.0;0.0;0.0;0.0;0.0;0.0;0.0;0.0;0.0;88.0989862099364;11.117058119765758;0.0;0.0;0.0;0.0;0.0;0.0;0.0;0.0;0.0;neos-933966;6;1637;0.05154;1600;0.05718;RED_SPLIT;23281;-3.989089054783077;3.989089054783077;8.41513258899017;8.41513258899017;0.47403757606887265;-516.4606060646656;516.4606060646656;<;-172.5888422246174;1
31762.0;12047.0;2.636507014194405;0.0;0.0;0.0;0.0;12047.0;180618.0;180618.0;0.04720350823326686;27982.0;0.0;27982.0;3780.0;88.0989862099364;88.0989862099364;3780.0;11.9010137900636;0.0;0.0;0.0;0.0;5075.0;42.1266705403835;0.0;0.0;0.0;0.0;0.0;0.0;0.0;0.0;0.0;0.0;55.0;0.4565451979745995;0.0;0.0;0.0;0.0;0.0;0.0;0.0;0.0;0.0;0.0;3243.0;26.919565036938657;0.0;0.0;0.0;0.0;0.0;0.0;0.0;0.0;137527.0;76.14246642084399;137527.0;76.14246642084399;0.0;0.0;0.0;0.0;0.0;0.0;0.0;0.0;760.0;0.4207775526248768;0.0;0.0;0.0;0.0;0.0;0.0;0.0;0.0;0.0;0.0;34983.0;19.368501478257983;0.0;0.0;0.0;0.0;0.0;0.0;-1.0;1.0;0.9249022799499497;0.38020490862610556;1.0;0.0;3.7548860025025195;2.0;6782.0;3.7548860025025195;-1.0;1000.0;20.69951514388263;139.31092283530572;1000.0;0.0;5.783640828663182;3.0;1837.0;5.783640828663182;0.0;14.0;1.2471154644309788;1.1923547047933125;14.0;0.0;0.0;13.0;0.0;0.0;2.0;120.0;14.99277828505022;19.602610459409274;0.0;11.0;0.0;6.046042095752652;4385.0;5334.0;8414.0;11035.0;11627.0;12047.0;12047.0;12047.0;12047.0;36.39910351124762;44.27658338175479;69.84311446833237;91.59956835726737;96.51365485183034;100.0;100.0;100.0;100.0;7690.0;6805.0;3633.0;1012.0;420.0;0.0;0.0;0.0;0.0;0.0;0.0;63.83331949863037;56.48709222212999;30.156885531667637;8.40043164273263;3.4863451481696686;0.0;0.0;0.0;0.0;0.0;0.0;3780.0;31034.0;31762.0;31762.0;31762.0;31762.0;31762.0;31762.0;31762.0;11.9010137900636;97.70795289969145;100.0;100.0;100.0;100.0;100.0;100.0;100.0;27982.0;3531.0;0.0;0.0;0.0;0.0;0.0;0.0;0.0;0.0;0.0;88.0989862099364;11.117058119765758;0.0;0.0;0.0;0.0;0.0;0.0;0.0;0.0;0.0;neos-933966;6;1637;0.05154;1600;0.05718;RED_SPLIT;24581;-3.874977476629199;3.874977476629199;8.507460056521072;8.507460056521072;0.45547994946611375;-521.2924173372858;521.2924173372858;<;-172.18177496245573;1
31762.0;12047.0;2.636507014194405;0.0;0.0;0.0;0.0;12047.0;180618.0;180618.0;0.04720350823326686;27982.0;0.0;27982.0;3780.0;88.0989862099364;88.0989862099364;3780.0;11.9010137900636;0.0;0.0;0.0;0.0;5075.0;42.1266705403835;0.0;0.0;0.0;0.0;0.0;0.0;0.0;0.0;0.0;0.0;55.0;0.4565451979745995;0.0;0.0;0.0;0.0;0.0;0.0;0.0;0.0;0.0;0.0;3243.0;26.919565036938657;0.0;0.0;0.0;0.0;0.0;0.0;0.0;0.0;137527.0;76.14246642084399;137527.0;76.14246642084399;0.0;0.0;0.0;0.0;0.0;0.0;0.0;0.0;760.0;0.4207775526248768;0.0;0.0;0.0;0.0;0.0;0.0;0.0;0.0;0.0;0.0;34983.0;19.368501478257983;0.0;0.0;0.0;0.0;0.0;0.0;-1.0;1.0;0.9249022799499497;0.38020490862610556;1.0;0.0;3.7548860025025195;2.0;6782.0;3.7548860025025195;-1.0;1000.0;20.69951514388263;139.31092283530572;1000.0;0.0;5.783640828663182;3.0;1837.0;5.783640828663182;0.0;14.0;1.2471154644309788;1.1923547047933125;14.0;0.0;0.0;13.0;0.0;0.0;2.0;120.0;14.99277828505022;19.602610459409274;0.0;11.0;0.0;6.046042095752652;4385.0;5334.0;8414.0;11035.0;11627.0;12047.0;12047.0;12047.0;12047.0;36.39910351124762;44.27658338175479;69.84311446833237;91.59956835726737;96.51365485183034;100.0;100.0;100.0;100.0;7690.0;6805.0;3633.0;1012.0;420.0;0.0;0.0;0.0;0.0;0.0;0.0;63.83331949863037;56.48709222212999;30.156885531667637;8.40043164273263;3.4863451481696686;0.0;0.0;0.0;0.0;0.0;0.0;3780.0;31034.0;31762.0;31762.0;31762.0;31762.0;31762.0;31762.0;31762.0;11.9010137900636;97.70795289969145;100.0;100.0;100.0;100.0;100.0;100.0;100.0;27982.0;3531.0;0.0;0.0;0.0;0.0;0.0;0.0;0.0;0.0;0.0;88.0989862099364;11.117058119765758;0.0;0.0;0.0;0.0;0.0;0.0;0.0;0.0;0.0;neos-933966;6;1637;0.05154;1600;0.05718;RED_SPLIT;23431;-7.657542661391541;7.657542661391541;18.30937902373453;18.30937902373453;0.4182306047335103;-880.9587854567187;880.9587854567187;<;-321.0049361639092;1
31762.0;12047.0;2.636507014194405;0.0;0.0;0.0;0.0;12047.0;180618.0;180618.0;0.04720350823326686;27982.0;0.0;27982.0;3780.0;88.0989862099364;88.0989862099364;3780.0;11.9010137900636;0.0;0.0;0.0;0.0;5075.0;42.1266705403835;0.0;0.0;0.0;0.0;0.0;0.0;0.0;0.0;0.0;0.0;55.0;0.4565451979745995;0.0;0.0;0.0;0.0;0.0;0.0;0.0;0.0;0.0;0.0;3243.0;26.919565036938657;0.0;0.0;0.0;0.0;0.0;0.0;0.0;0.0;137527.0;76.14246642084399;137527.0;76.14246642084399;0.0;0.0;0.0;0.0;0.0;0.0;0.0;0.0;760.0;0.4207775526248768;0.0;0.0;0.0;0.0;0.0;0.0;0.0;0.0;0.0;0.0;34983.0;19.368501478257983;0.0;0.0;0.0;0.0;0.0;0.0;-1.0;1.0;0.9249022799499497;0.38020490862610556;1.0;0.0;3.7548860025025195;2.0;6782.0;3.7548860025025195;-1.0;1000.0;20.69951514388263;139.31092283530572;1000.0;0.0;5.783640828663182;3.0;1837.0;5.783640828663182;0.0;14.0;1.2471154644309788;1.1923547047933125;14.0;0.0;0.0;13.0;0.0;0.0;2.0;120.0;14.99277828505022;19.602610459409274;0.0;11.0;0.0;6.046042095752652;4385.0;5334.0;8414.0;11035.0;11627.0;12047.0;12047.0;12047.0;12047.0;36.39910351124762;44.27658338175479;69.84311446833237;91.59956835726737;96.51365485183034;100.0;100.0;100.0;100.0;7690.0;6805.0;3633.0;1012.0;420.0;0.0;0.0;0.0;0.0;0.0;0.0;63.83331949863037;56.48709222212999;30.156885531667637;8.40043164273263;3.4863451481696686;0.0;0.0;0.0;0.0;0.0;0.0;3780.0;31034.0;31762.0;31762.0;31762.0;31762.0;31762.0;31762.0;31762.0;11.9010137900636;97.70795289969145;100.0;100.0;100.0;100.0;100.0;100.0;100.0;27982.0;3531.0;0.0;0.0;0.0;0.0;0.0;0.0;0.0;0.0;0.0;88.0989862099364;11.117058119765758;0.0;0.0;0.0;0.0;0.0;0.0;0.0;0.0;0.0;neos-933966;6;1637;0.05154;1600;0.05718;RED_SPLIT;23703;-2.8959486926156197;2.8959486926156197;4.6095833264522454;4.6095833264522454;0.6282452203428286;-350.06791163903375;350.06791163903375;<;-120.52933061076001;1
31762.0;12047.0;2.636507014194405;0.0;0.0;0.0;0.0;12047.0;180618.0;180618.0;0.04720350823326686;27982.0;0.0;27982.0;3780.0;88.0989862099364;88.0989862099364;3780.0;11.9010137900636;0.0;0.0;0.0;0.0;5075.0;42.1266705403835;0.0;0.0;0.0;0.0;0.0;0.0;0.0;0.0;0.0;0.0;55.0;0.4565451979745995;0.0;0.0;0.0;0.0;0.0;0.0;0.0;0.0;0.0;0.0;3243.0;26.919565036938657;0.0;0.0;0.0;0.0;0.0;0.0;0.0;0.0;137527.0;76.14246642084399;137527.0;76.14246642084399;0.0;0.0;0.0;0.0;0.0;0.0;0.0;0.0;760.0;0.4207775526248768;0.0;0.0;0.0;0.0;0.0;0.0;0.0;0.0;0.0;0.0;34983.0;19.368501478257983;0.0;0.0;0.0;0.0;0.0;0.0;-1.0;1.0;0.9249022799499497;0.38020490862610556;1.0;0.0;3.7548860025025195;2.0;6782.0;3.7548860025025195;-1.0;1000.0;20.69951514388263;139.31092283530572;1000.0;0.0;5.783640828663182;3.0;1837.0;5.783640828663182;0.0;14.0;1.2471154644309788;1.1923547047933125;14.0;0.0;0.0;13.0;0.0;0.0;2.0;120.0;14.99277828505022;19.602610459409274;0.0;11.0;0.0;6.046042095752652;4385.0;5334.0;8414.0;11035.0;11627.0;12047.0;12047.0;12047.0;12047.0;36.39910351124762;44.27658338175479;69.84311446833237;91.59956835726737;96.51365485183034;100.0;100.0;100.0;100.0;7690.0;6805.0;3633.0;1012.0;420.0;0.0;0.0;0.0;0.0;0.0;0.0;63.83331949863037;56.48709222212999;30.156885531667637;8.40043164273263;3.4863451481696686;0.0;0.0;0.0;0.0;0.0;0.0;3780.0;31034.0;31762.0;31762.0;31762.0;31762.0;31762.0;31762.0;31762.0;11.9010137900636;97.70795289969145;100.0;100.0;100.0;100.0;100.0;100.0;100.0;27982.0;3531.0;0.0;0.0;0.0;0.0;0.0;0.0;0.0;0.0;0.0;88.0989862099364;11.117058119765758;0.0;0.0;0.0;0.0;0.0;0.0;0.0;0.0;0.0;neos-933966;6;1637;0.05154;1600;0.05718;RED_SPLIT;23138;-2.6907694443118597;2.6907694443118597;8.575874824939785;8.575874824939785;0.31376034506552547;-433.4899825312179;433.4899825312179;<;-158.50094724691235;1
31762.0;12047.0;2.636507014194405;0.0;0.0;0.0;0.0;12047.0;180618.0;180618.0;0.04720350823326686;27982.0;0.0;27982.0;3780.0;88.0989862099364;88.0989862099364;3780.0;11.9010137900636;0.0;0.0;0.0;0.0;5075.0;42.1266705403835;0.0;0.0;0.0;0.0;0.0;0.0;0.0;0.0;0.0;0.0;55.0;0.4565451979745995;0.0;0.0;0.0;0.0;0.0;0.0;0.0;0.0;0.0;0.0;3243.0;26.919565036938657;0.0;0.0;0.0;0.0;0.0;0.0;0.0;0.0;137527.0;76.14246642084399;137527.0;76.14246642084399;0.0;0.0;0.0;0.0;0.0;0.0;0.0;0.0;760.0;0.4207775526248768;0.0;0.0;0.0;0.0;0.0;0.0;0.0;0.0;0.0;0.0;34983.0;19.368501478257983;0.0;0.0;0.0;0.0;0.0;0.0;-1.0;1.0;0.9249022799499497;0.38020490862610556;1.0;0.0;3.7548860025025195;2.0;6782.0;3.7548860025025195;-1.0;1000.0;20.69951514388263;139.31092283530572;1000.0;0.0;5.783640828663182;3.0;1837.0;5.783640828663182;0.0;14.0;1.2471154644309788;1.1923547047933125;14.0;0.0;0.0;13.0;0.0;0.0;2.0;120.0;14.99277828505022;19.602610459409274;0.0;11.0;0.0;6.046042095752652;4385.0;5334.0;8414.0;11035.0;11627.0;12047.0;12047.0;12047.0;12047.0;36.39910351124762;44.27658338175479;69.84311446833237;91.59956835726737;96.51365485183034;100.0;100.0;100.0;100.0;7690.0;6805.0;3633.0;1012.0;420.0;0.0;0.0;0.0;0.0;0.0;0.0;63.83331949863037;56.48709222212999;30.156885531667637;8.40043164273263;3.4863451481696686;0.0;0.0;0.0;0.0;0.0;0.0;3780.0;31034.0;31762.0;31762.0;31762.0;31762.0;31762.0;31762.0;31762.0;11.9010137900636;97.70795289969145;100.0;100.0;100.0;100.0;100.0;100.0;100.0;27982.0;3531.0;0.0;0.0;0.0;0.0;0.0;0.0;0.0;0.0;0.0;88.0989862099364;11.117058119765758;0.0;0.0;0.0;0.0;0.0;0.0;0.0;0.0;0.0;neos-933966;6;1637;0.05154;1600;0.05718;RED_SPLIT;23434;-3.53575597958113;3.53575597958113;17.093893974462482;17.093893974462482;0.20684321459249674;-617.339959154519;617.339959154519;<;-207.79640884220873;1
31762.0;12047.0;2.636507014194405;0.0;0.0;0.0;0.0;12047.0;180618.0;180618.0;0.04720350823326686;27982.0;0.0;27982.0;3780.0;88.0989862099364;88.0989862099364;3780.0;11.9010137900636;0.0;0.0;0.0;0.0;5075.0;42.1266705403835;0.0;0.0;0.0;0.0;0.0;0.0;0.0;0.0;0.0;0.0;55.0;0.4565451979745995;0.0;0.0;0.0;0.0;0.0;0.0;0.0;0.0;0.0;0.0;3243.0;26.919565036938657;0.0;0.0;0.0;0.0;0.0;0.0;0.0;0.0;137527.0;76.14246642084399;137527.0;76.14246642084399;0.0;0.0;0.0;0.0;0.0;0.0;0.0;0.0;760.0;0.4207775526248768;0.0;0.0;0.0;0.0;0.0;0.0;0.0;0.0;0.0;0.0;34983.0;19.368501478257983;0.0;0.0;0.0;0.0;0.0;0.0;-1.0;1.0;0.9249022799499497;0.38020490862610556;1.0;0.0;3.7548860025025195;2.0;6782.0;3.7548860025025195;-1.0;1000.0;20.69951514388263;139.31092283530572;1000.0;0.0;5.783640828663182;3.0;1837.0;5.783640828663182;0.0;14.0;1.2471154644309788;1.1923547047933125;14.0;0.0;0.0;13.0;0.0;0.0;2.0;120.0;14.99277828505022;19.602610459409274;0.0;11.0;0.0;6.046042095752652;4385.0;5334.0;8414.0;11035.0;11627.0;12047.0;12047.0;12047.0;12047.0;36.39910351124762;44.27658338175479;69.84311446833237;91.59956835726737;96.51365485183034;100.0;100.0;100.0;100.0;7690.0;6805.0;3633.0;1012.0;420.0;0.0;0.0;0.0;0.0;0.0;0.0;63.83331949863037;56.48709222212999;30.156885531667637;8.40043164273263;3.4863451481696686;0.0;0.0;0.0;0.0;0.0;0.0;3780.0;31034.0;31762.0;31762.0;31762.0;31762.0;31762.0;31762.0;31762.0;11.9010137900636;97.70795289969145;100.0;100.0;100.0;100.0;100.0;100.0;100.0;27982.0;3531.0;0.0;0.0;0.0;0.0;0.0;0.0;0.0;0.0;0.0;88.0989862099364;11.117058119765758;0.0;0.0;0.0;0.0;0.0;0.0;0.0;0.0;0.0;neos-933966;6;1637;0.05154;1600;0.05718;RED_SPLIT;23108;-11.19456590229337;11.19456590229337;17.08425916744075;17.08425916744075;0.6552561508565744;-869.233823753981;869.233823753981;<;-287.42613227335596;1
31762.0;12047.0;2.636507014194405;0.0;0.0;0.0;0.0;12047.0;180618.0;180618.0;0.04720350823326686;27982.0;0.0;27982.0;3780.0;88.0989862099364;88.0989862099364;3780.0;11.9010137900636;0.0;0.0;0.0;0.0;5075.0;42.1266705403835;0.0;0.0;0.0;0.0;0.0;0.0;0.0;0.0;0.0;0.0;55.0;0.4565451979745995;0.0;0.0;0.0;0.0;0.0;0.0;0.0;0.0;0.0;0.0;3243.0;26.919565036938657;0.0;0.0;0.0;0.0;0.0;0.0;0.0;0.0;137527.0;76.14246642084399;137527.0;76.14246642084399;0.0;0.0;0.0;0.0;0.0;0.0;0.0;0.0;760.0;0.4207775526248768;0.0;0.0;0.0;0.0;0.0;0.0;0.0;0.0;0.0;0.0;34983.0;19.368501478257983;0.0;0.0;0.0;0.0;0.0;0.0;-1.0;1.0;0.9249022799499497;0.38020490862610556;1.0;0.0;3.7548860025025195;2.0;6782.0;3.7548860025025195;-1.0;1000.0;20.69951514388263;139.31092283530572;1000.0;0.0;5.783640828663182;3.0;1837.0;5.783640828663182;0.0;14.0;1.2471154644309788;1.1923547047933125;14.0;0.0;0.0;13.0;0.0;0.0;2.0;120.0;14.99277828505022;19.602610459409274;0.0;11.0;0.0;6.046042095752652;4385.0;5334.0;8414.0;11035.0;11627.0;12047.0;12047.0;12047.0;12047.0;36.39910351124762;44.27658338175479;69.84311446833237;91.59956835726737;96.51365485183034;100.0;100.0;100.0;100.0;7690.0;6805.0;3633.0;1012.0;420.0;0.0;0.0;0.0;0.0;0.0;0.0;63.83331949863037;56.48709222212999;30.156885531667637;8.40043164273263;3.4863451481696686;0.0;0.0;0.0;0.0;0.0;0.0;3780.0;31034.0;31762.0;31762.0;31762.0;31762.0;31762.0;31762.0;31762.0;11.9010137900636;97.70795289969145;100.0;100.0;100.0;100.0;100.0;100.0;100.0;27982.0;3531.0;0.0;0.0;0.0;0.0;0.0;0.0;0.0;0.0;0.0;88.0989862099364;11.117058119765758;0.0;0.0;0.0;0.0;0.0;0.0;0.0;0.0;0.0;neos-933966;6;1637;0.05154;1600;0.05718;RED_SPLIT;24743;-12.095451923378842;12.095451923378842;35.48791603798115;35.48791603798115;0.3408329728472535;-1854.9539939921701;1854.9539939921701;<;-595.0924915983599;1
31762.0;12047.0;2.636507014194405;0.0;0.0;0.0;0.0;12047.0;180618.0;180618.0;0.04720350823326686;27982.0;0.0;27982.0;3780.0;88.0989862099364;88.0989862099364;3780.0;11.9010137900636;0.0;0.0;0.0;0.0;5075.0;42.1266705403835;0.0;0.0;0.0;0.0;0.0;0.0;0.0;0.0;0.0;0.0;55.0;0.4565451979745995;0.0;0.0;0.0;0.0;0.0;0.0;0.0;0.0;0.0;0.0;3243.0;26.919565036938657;0.0;0.0;0.0;0.0;0.0;0.0;0.0;0.0;137527.0;76.14246642084399;137527.0;76.14246642084399;0.0;0.0;0.0;0.0;0.0;0.0;0.0;0.0;760.0;0.4207775526248768;0.0;0.0;0.0;0.0;0.0;0.0;0.0;0.0;0.0;0.0;34983.0;19.368501478257983;0.0;0.0;0.0;0.0;0.0;0.0;-1.0;1.0;0.9249022799499497;0.38020490862610556;1.0;0.0;3.7548860025025195;2.0;6782.0;3.7548860025025195;-1.0;1000.0;20.69951514388263;139.31092283530572;1000.0;0.0;5.783640828663182;3.0;1837.0;5.783640828663182;0.0;14.0;1.2471154644309788;1.1923547047933125;14.0;0.0;0.0;13.0;0.0;0.0;2.0;120.0;14.99277828505022;19.602610459409274;0.0;11.0;0.0;6.046042095752652;4385.0;5334.0;8414.0;11035.0;11627.0;12047.0;12047.0;12047.0;12047.0;36.39910351124762;44.27658338175479;69.84311446833237;91.59956835726737;96.51365485183034;100.0;100.0;100.0;100.0;7690.0;6805.0;3633.0;1012.0;420.0;0.0;0.0;0.0;0.0;0.0;0.0;63.83331949863037;56.48709222212999;30.156885531667637;8.40043164273263;3.4863451481696686;0.0;0.0;0.0;0.0;0.0;0.0;3780.0;31034.0;31762.0;31762.0;31762.0;31762.0;31762.0;31762.0;31762.0;11.9010137900636;97.70795289969145;100.0;100.0;100.0;100.0;100.0;100.0;100.0;27982.0;3531.0;0.0;0.0;0.0;0.0;0.0;0.0;0.0;0.0;0.0;88.0989862099364;11.117058119765758;0.0;0.0;0.0;0.0;0.0;0.0;0.0;0.0;0.0;neos-933966;6;1637;0.05154;1600;0.05718;RED_SPLIT;23548;-2.8719777241732363;2.8719777241732363;4.819473440219418;4.819473440219418;0.5959111010356524;-318.51497961423735;318.51497961423735;<;-118.72824992966957;1
31762.0;12047.0;2.636507014194405;0.0;0.0;0.0;0.0;12047.0;180618.0;180618.0;0.04720350823326686;27982.0;0.0;27982.0;3780.0;88.0989862099364;88.0989862099364;3780.0;11.9010137900636;0.0;0.0;0.0;0.0;5075.0;42.1266705403835;0.0;0.0;0.0;0.0;0.0;0.0;0.0;0.0;0.0;0.0;55.0;0.4565451979745995;0.0;0.0;0.0;0.0;0.0;0.0;0.0;0.0;0.0;0.0;3243.0;26.919565036938657;0.0;0.0;0.0;0.0;0.0;0.0;0.0;0.0;137527.0;76.14246642084399;137527.0;76.14246642084399;0.0;0.0;0.0;0.0;0.0;0.0;0.0;0.0;760.0;0.4207775526248768;0.0;0.0;0.0;0.0;0.0;0.0;0.0;0.0;0.0;0.0;34983.0;19.368501478257983;0.0;0.0;0.0;0.0;0.0;0.0;-1.0;1.0;0.9249022799499497;0.38020490862610556;1.0;0.0;3.7548860025025195;2.0;6782.0;3.7548860025025195;-1.0;1000.0;20.69951514388263;139.31092283530572;1000.0;0.0;5.783640828663182;3.0;1837.0;5.783640828663182;0.0;14.0;1.2471154644309788;1.1923547047933125;14.0;0.0;0.0;13.0;0.0;0.0;2.0;120.0;14.99277828505022;19.602610459409274;0.0;11.0;0.0;6.046042095752652;4385.0;5334.0;8414.0;11035.0;11627.0;12047.0;12047.0;12047.0;12047.0;36.39910351124762;44.27658338175479;69.84311446833237;91.59956835726737;96.51365485183034;100.0;100.0;100.0;100.0;7690.0;6805.0;3633.0;1012.0;420.0;0.0;0.0;0.0;0.0;0.0;0.0;63.83331949863037;56.48709222212999;30.156885531667637;8.40043164273263;3.4863451481696686;0.0;0.0;0.0;0.0;0.0;0.0;3780.0;31034.0;31762.0;31762.0;31762.0;31762.0;31762.0;31762.0;31762.0;11.9010137900636;97.70795289969145;100.0;100.0;100.0;100.0;100.0;100.0;100.0;27982.0;3531.0;0.0;0.0;0.0;0.0;0.0;0.0;0.0;0.0;0.0;88.0989862099364;11.117058119765758;0.0;0.0;0.0;0.0;0.0;0.0;0.0;0.0;0.0;neos-933966;6;1637;0.05154;1600;0.05718;RED_SPLIT;24426;-9.6128041482579;9.6128041482579;26.406349809424523;26.406349809424523;0.36403381071726376;-980.7768644036344;980.7768644036344;<;-338.65957516843844;1
31762.0;12047.0;2.636507014194405;0.0;0.0;0.0;0.0;12047.0;180618.0;180618.0;0.04720350823326686;27982.0;0.0;27982.0;3780.0;88.0989862099364;88.0989862099364;3780.0;11.9010137900636;0.0;0.0;0.0;0.0;5075.0;42.1266705403835;0.0;0.0;0.0;0.0;0.0;0.0;0.0;0.0;0.0;0.0;55.0;0.4565451979745995;0.0;0.0;0.0;0.0;0.0;0.0;0.0;0.0;0.0;0.0;3243.0;26.919565036938657;0.0;0.0;0.0;0.0;0.0;0.0;0.0;0.0;137527.0;76.14246642084399;137527.0;76.14246642084399;0.0;0.0;0.0;0.0;0.0;0.0;0.0;0.0;760.0;0.4207775526248768;0.0;0.0;0.0;0.0;0.0;0.0;0.0;0.0;0.0;0.0;34983.0;19.368501478257983;0.0;0.0;0.0;0.0;0.0;0.0;-1.0;1.0;0.9249022799499497;0.38020490862610556;1.0;0.0;3.7548860025025195;2.0;6782.0;3.7548860025025195;-1.0;1000.0;20.69951514388263;139.31092283530572;1000.0;0.0;5.783640828663182;3.0;1837.0;5.783640828663182;0.0;14.0;1.2471154644309788;1.1923547047933125;14.0;0.0;0.0;13.0;0.0;0.0;2.0;120.0;14.99277828505022;19.602610459409274;0.0;11.0;0.0;6.046042095752652;4385.0;5334.0;8414.0;11035.0;11627.0;12047.0;12047.0;12047.0;12047.0;36.39910351124762;44.27658338175479;69.84311446833237;91.59956835726737;96.51365485183034;100.0;100.0;100.0;100.0;7690.0;6805.0;3633.0;1012.0;420.0;0.0;0.0;0.0;0.0;0.0;0.0;63.83331949863037;56.48709222212999;30.156885531667637;8.40043164273263;3.4863451481696686;0.0;0.0;0.0;0.0;0.0;0.0;3780.0;31034.0;31762.0;31762.0;31762.0;31762.0;31762.0;31762.0;31762.0;11.9010137900636;97.70795289969145;100.0;100.0;100.0;100.0;100.0;100.0;100.0;27982.0;3531.0;0.0;0.0;0.0;0.0;0.0;0.0;0.0;0.0;0.0;88.0989862099364;11.117058119765758;0.0;0.0;0.0;0.0;0.0;0.0;0.0;0.0;0.0;neos-933966;6;1637;0.05154;1600;0.05718;RED_SPLIT;23863;-5.797393497532453;5.797393497532453;15.212292311419663;15.212292311419663;0.38109927017247935;-762.6353369153305;762.6353369153305;<;-279.0350281904208;1
31762.0;12047.0;2.636507014194405;0.0;0.0;0.0;0.0;12047.0;180618.0;180618.0;0.04720350823326686;27982.0;0.0;27982.0;3780.0;88.0989862099364;88.0989862099364;3780.0;11.9010137900636;0.0;0.0;0.0;0.0;5075.0;42.1266705403835;0.0;0.0;0.0;0.0;0.0;0.0;0.0;0.0;0.0;0.0;55.0;0.4565451979745995;0.0;0.0;0.0;0.0;0.0;0.0;0.0;0.0;0.0;0.0;3243.0;26.919565036938657;0.0;0.0;0.0;0.0;0.0;0.0;0.0;0.0;137527.0;76.14246642084399;137527.0;76.14246642084399;0.0;0.0;0.0;0.0;0.0;0.0;0.0;0.0;760.0;0.4207775526248768;0.0;0.0;0.0;0.0;0.0;0.0;0.0;0.0;0.0;0.0;34983.0;19.368501478257983;0.0;0.0;0.0;0.0;0.0;0.0;-1.0;1.0;0.9249022799499497;0.38020490862610556;1.0;0.0;3.7548860025025195;2.0;6782.0;3.7548860025025195;-1.0;1000.0;20.69951514388263;139.31092283530572;1000.0;0.0;5.783640828663182;3.0;1837.0;5.783640828663182;0.0;14.0;1.2471154644309788;1.1923547047933125;14.0;0.0;0.0;13.0;0.0;0.0;2.0;120.0;14.99277828505022;19.602610459409274;0.0;11.0;0.0;6.046042095752652;4385.0;5334.0;8414.0;11035.0;11627.0;12047.0;12047.0;12047.0;12047.0;36.39910351124762;44.27658338175479;69.84311446833237;91.59956835726737;96.51365485183034;100.0;100.0;100.0;100.0;7690.0;6805.0;3633.0;1012.0;420.0;0.0;0.0;0.0;0.0;0.0;0.0;63.83331949863037;56.48709222212999;30.156885531667637;8.40043164273263;3.4863451481696686;0.0;0.0;0.0;0.0;0.0;0.0;3780.0;31034.0;31762.0;31762.0;31762.0;31762.0;31762.0;31762.0;31762.0;11.9010137900636;97.70795289969145;100.0;100.0;100.0;100.0;100.0;100.0;100.0;27982.0;3531.0;0.0;0.0;0.0;0.0;0.0;0.0;0.0;0.0;0.0;88.0989862099364;11.117058119765758;0.0;0.0;0.0;0.0;0.0;0.0;0.0;0.0;0.0;neos-933966;6;1637;0.05154;1600;0.05718;RED_SPLIT;23742;-5.350708199620088;5.350708199620088;12.575785090917277;12.575785090917277;0.425477070491971;-662.8017797265009;662.8017797265009;<;-253.37941823754932;1
31762.0;12047.0;2.636507014194405;0.0;0.0;0.0;0.0;12047.0;180618.0;180618.0;0.04720350823326686;27982.0;0.0;27982.0;3780.0;88.0989862099364;88.0989862099364;3780.0;11.9010137900636;0.0;0.0;0.0;0.0;5075.0;42.1266705403835;0.0;0.0;0.0;0.0;0.0;0.0;0.0;0.0;0.0;0.0;55.0;0.4565451979745995;0.0;0.0;0.0;0.0;0.0;0.0;0.0;0.0;0.0;0.0;3243.0;26.919565036938657;0.0;0.0;0.0;0.0;0.0;0.0;0.0;0.0;137527.0;76.14246642084399;137527.0;76.14246642084399;0.0;0.0;0.0;0.0;0.0;0.0;0.0;0.0;760.0;0.4207775526248768;0.0;0.0;0.0;0.0;0.0;0.0;0.0;0.0;0.0;0.0;34983.0;19.368501478257983;0.0;0.0;0.0;0.0;0.0;0.0;-1.0;1.0;0.9249022799499497;0.38020490862610556;1.0;0.0;3.7548860025025195;2.0;6782.0;3.7548860025025195;-1.0;1000.0;20.69951514388263;139.31092283530572;1000.0;0.0;5.783640828663182;3.0;1837.0;5.783640828663182;0.0;14.0;1.2471154644309788;1.1923547047933125;14.0;0.0;0.0;13.0;0.0;0.0;2.0;120.0;14.99277828505022;19.602610459409274;0.0;11.0;0.0;6.046042095752652;4385.0;5334.0;8414.0;11035.0;11627.0;12047.0;12047.0;12047.0;12047.0;36.39910351124762;44.27658338175479;69.84311446833237;91.59956835726737;96.51365485183034;100.0;100.0;100.0;100.0;7690.0;6805.0;3633.0;1012.0;420.0;0.0;0.0;0.0;0.0;0.0;0.0;63.83331949863037;56.48709222212999;30.156885531667637;8.40043164273263;3.4863451481696686;0.0;0.0;0.0;0.0;0.0;0.0;3780.0;31034.0;31762.0;31762.0;31762.0;31762.0;31762.0;31762.0;31762.0;11.9010137900636;97.70795289969145;100.0;100.0;100.0;100.0;100.0;100.0;100.0;27982.0;3531.0;0.0;0.0;0.0;0.0;0.0;0.0;0.0;0.0;0.0;88.0989862099364;11.117058119765758;0.0;0.0;0.0;0.0;0.0;0.0;0.0;0.0;0.0;neos-933966;6;1637;0.05154;1600;0.05718;MIR;23205;-4071.7264551086773;4071.7264551086773;8902.162587735527;8902.162587735527;0.4573862154257077;-551742.4017837913;551742.4017837913;<;-205630.45562018867;1
31762.0;12047.0;2.636507014194405;0.0;0.0;0.0;0.0;12047.0;180618.0;180618.0;0.04720350823326686;27982.0;0.0;27982.0;3780.0;88.0989862099364;88.0989862099364;3780.0;11.9010137900636;0.0;0.0;0.0;0.0;5075.0;42.1266705403835;0.0;0.0;0.0;0.0;0.0;0.0;0.0;0.0;0.0;0.0;55.0;0.4565451979745995;0.0;0.0;0.0;0.0;0.0;0.0;0.0;0.0;0.0;0.0;3243.0;26.919565036938657;0.0;0.0;0.0;0.0;0.0;0.0;0.0;0.0;137527.0;76.14246642084399;137527.0;76.14246642084399;0.0;0.0;0.0;0.0;0.0;0.0;0.0;0.0;760.0;0.4207775526248768;0.0;0.0;0.0;0.0;0.0;0.0;0.0;0.0;0.0;0.0;34983.0;19.368501478257983;0.0;0.0;0.0;0.0;0.0;0.0;-1.0;1.0;0.9249022799499497;0.38020490862610556;1.0;0.0;3.7548860025025195;2.0;6782.0;3.7548860025025195;-1.0;1000.0;20.69951514388263;139.31092283530572;1000.0;0.0;5.783640828663182;3.0;1837.0;5.783640828663182;0.0;14.0;1.2471154644309788;1.1923547047933125;14.0;0.0;0.0;13.0;0.0;0.0;2.0;120.0;14.99277828505022;19.602610459409274;0.0;11.0;0.0;6.046042095752652;4385.0;5334.0;8414.0;11035.0;11627.0;12047.0;12047.0;12047.0;12047.0;36.39910351124762;44.27658338175479;69.84311446833237;91.59956835726737;96.51365485183034;100.0;100.0;100.0;100.0;7690.0;6805.0;3633.0;1012.0;420.0;0.0;0.0;0.0;0.0;0.0;0.0;63.83331949863037;56.48709222212999;30.156885531667637;8.40043164273263;3.4863451481696686;0.0;0.0;0.0;0.0;0.0;0.0;3780.0;31034.0;31762.0;31762.0;31762.0;31762.0;31762.0;31762.0;31762.0;11.9010137900636;97.70795289969145;100.0;100.0;100.0;100.0;100.0;100.0;100.0;27982.0;3531.0;0.0;0.0;0.0;0.0;0.0;0.0;0.0;0.0;0.0;88.0989862099364;11.117058119765758;0.0;0.0;0.0;0.0;0.0;0.0;0.0;0.0;0.0;neos-933966;6;1637;0.05154;1600;0.05718;MIR;23205;-64305.02297294096;64305.02297294096;140592.32477467752;140592.32477467752;0.45738644037646015;-8713883.82979632;8713883.82979632;<;-3247982.1711256998;1
31762.0;12047.0;2.636507014194405;0.0;0.0;0.0;0.0;12047.0;180618.0;180618.0;0.04720350823326686;27982.0;0.0;27982.0;3780.0;88.0989862099364;88.0989862099364;3780.0;11.9010137900636;0.0;0.0;0.0;0.0;5075.0;42.1266705403835;0.0;0.0;0.0;0.0;0.0;0.0;0.0;0.0;0.0;0.0;55.0;0.4565451979745995;0.0;0.0;0.0;0.0;0.0;0.0;0.0;0.0;0.0;0.0;3243.0;26.919565036938657;0.0;0.0;0.0;0.0;0.0;0.0;0.0;0.0;137527.0;76.14246642084399;137527.0;76.14246642084399;0.0;0.0;0.0;0.0;0.0;0.0;0.0;0.0;760.0;0.4207775526248768;0.0;0.0;0.0;0.0;0.0;0.0;0.0;0.0;0.0;0.0;34983.0;19.368501478257983;0.0;0.0;0.0;0.0;0.0;0.0;-1.0;1.0;0.9249022799499497;0.38020490862610556;1.0;0.0;3.7548860025025195;2.0;6782.0;3.7548860025025195;-1.0;1000.0;20.69951514388263;139.31092283530572;1000.0;0.0;5.783640828663182;3.0;1837.0;5.783640828663182;0.0;14.0;1.2471154644309788;1.1923547047933125;14.0;0.0;0.0;13.0;0.0;0.0;2.0;120.0;14.99277828505022;19.602610459409274;0.0;11.0;0.0;6.046042095752652;4385.0;5334.0;8414.0;11035.0;11627.0;12047.0;12047.0;12047.0;12047.0;36.39910351124762;44.27658338175479;69.84311446833237;91.59956835726737;96.51365485183034;100.0;100.0;100.0;100.0;7690.0;6805.0;3633.0;1012.0;420.0;0.0;0.0;0.0;0.0;0.0;0.0;63.83331949863037;56.48709222212999;30.156885531667637;8.40043164273263;3.4863451481696686;0.0;0.0;0.0;0.0;0.0;0.0;3780.0;31034.0;31762.0;31762.0;31762.0;31762.0;31762.0;31762.0;31762.0;11.9010137900636;97.70795289969145;100.0;100.0;100.0;100.0;100.0;100.0;100.0;27982.0;3531.0;0.0;0.0;0.0;0.0;0.0;0.0;0.0;0.0;0.0;88.0989862099364;11.117058119765758;0.0;0.0;0.0;0.0;0.0;0.0;0.0;0.0;0.0;neos-933966;6;1637;0.05154;1600;0.05718;MIR;24126;-1.7747068460599404;1.7747068460599404;4.019853827045282;4.019853827045282;0.44148541773331224;-243.48590707224534;243.48590707224534;<;-89.53903413816874;1
31762.0;12047.0;2.636507014194405;0.0;0.0;0.0;0.0;12047.0;180618.0;180618.0;0.04720350823326686;27982.0;0.0;27982.0;3780.0;88.0989862099364;88.0989862099364;3780.0;11.9010137900636;0.0;0.0;0.0;0.0;5075.0;42.1266705403835;0.0;0.0;0.0;0.0;0.0;0.0;0.0;0.0;0.0;0.0;55.0;0.4565451979745995;0.0;0.0;0.0;0.0;0.0;0.0;0.0;0.0;0.0;0.0;3243.0;26.919565036938657;0.0;0.0;0.0;0.0;0.0;0.0;0.0;0.0;137527.0;76.14246642084399;137527.0;76.14246642084399;0.0;0.0;0.0;0.0;0.0;0.0;0.0;0.0;760.0;0.4207775526248768;0.0;0.0;0.0;0.0;0.0;0.0;0.0;0.0;0.0;0.0;34983.0;19.368501478257983;0.0;0.0;0.0;0.0;0.0;0.0;-1.0;1.0;0.9249022799499497;0.38020490862610556;1.0;0.0;3.7548860025025195;2.0;6782.0;3.7548860025025195;-1.0;1000.0;20.69951514388263;139.31092283530572;1000.0;0.0;5.783640828663182;3.0;1837.0;5.783640828663182;0.0;14.0;1.2471154644309788;1.1923547047933125;14.0;0.0;0.0;13.0;0.0;0.0;2.0;120.0;14.99277828505022;19.602610459409274;0.0;11.0;0.0;6.046042095752652;4385.0;5334.0;8414.0;11035.0;11627.0;12047.0;12047.0;12047.0;12047.0;36.39910351124762;44.27658338175479;69.84311446833237;91.59956835726737;96.51365485183034;100.0;100.0;100.0;100.0;7690.0;6805.0;3633.0;1012.0;420.0;0.0;0.0;0.0;0.0;0.0;0.0;63.83331949863037;56.48709222212999;30.156885531667637;8.40043164273263;3.4863451481696686;0.0;0.0;0.0;0.0;0.0;0.0;3780.0;31034.0;31762.0;31762.0;31762.0;31762.0;31762.0;31762.0;31762.0;11.9010137900636;97.70795289969145;100.0;100.0;100.0;100.0;100.0;100.0;100.0;27982.0;3531.0;0.0;0.0;0.0;0.0;0.0;0.0;0.0;0.0;0.0;88.0989862099364;11.117058119765758;0.0;0.0;0.0;0.0;0.0;0.0;0.0;0.0;0.0;neos-933966;6;1637;0.05154;1600;0.05718;MIR;24126;-23447.283440030602;23447.283440030602;53108.498904338456;53108.498904338456;0.4414977625759101;-3217039.31838809;3217039.31838809;<;-1183353.4772349158;1
31762.0;12047.0;2.636507014194405;0.0;0.0;0.0;0.0;12047.0;180618.0;180618.0;0.04720350823326686;27982.0;0.0;27982.0;3780.0;88.0989862099364;88.0989862099364;3780.0;11.9010137900636;0.0;0.0;0.0;0.0;5075.0;42.1266705403835;0.0;0.0;0.0;0.0;0.0;0.0;0.0;0.0;0.0;0.0;55.0;0.4565451979745995;0.0;0.0;0.0;0.0;0.0;0.0;0.0;0.0;0.0;0.0;3243.0;26.919565036938657;0.0;0.0;0.0;0.0;0.0;0.0;0.0;0.0;137527.0;76.14246642084399;137527.0;76.14246642084399;0.0;0.0;0.0;0.0;0.0;0.0;0.0;0.0;760.0;0.4207775526248768;0.0;0.0;0.0;0.0;0.0;0.0;0.0;0.0;0.0;0.0;34983.0;19.368501478257983;0.0;0.0;0.0;0.0;0.0;0.0;-1.0;1.0;0.9249022799499497;0.38020490862610556;1.0;0.0;3.7548860025025195;2.0;6782.0;3.7548860025025195;-1.0;1000.0;20.69951514388263;139.31092283530572;1000.0;0.0;5.783640828663182;3.0;1837.0;5.783640828663182;0.0;14.0;1.2471154644309788;1.1923547047933125;14.0;0.0;0.0;13.0;0.0;0.0;2.0;120.0;14.99277828505022;19.602610459409274;0.0;11.0;0.0;6.046042095752652;4385.0;5334.0;8414.0;11035.0;11627.0;12047.0;12047.0;12047.0;12047.0;36.39910351124762;44.27658338175479;69.84311446833237;91.59956835726737;96.51365485183034;100.0;100.0;100.0;100.0;7690.0;6805.0;3633.0;1012.0;420.0;0.0;0.0;0.0;0.0;0.0;0.0;63.83331949863037;56.48709222212999;30.156885531667637;8.40043164273263;3.4863451481696686;0.0;0.0;0.0;0.0;0.0;0.0;3780.0;31034.0;31762.0;31762.0;31762.0;31762.0;31762.0;31762.0;31762.0;11.9010137900636;97.70795289969145;100.0;100.0;100.0;100.0;100.0;100.0;100.0;27982.0;3531.0;0.0;0.0;0.0;0.0;0.0;0.0;0.0;0.0;0.0;88.0989862099364;11.117058119765758;0.0;0.0;0.0;0.0;0.0;0.0;0.0;0.0;0.0;neos-933966;6;1637;0.05154;1600;0.05718;MIR;23306;-112.52101698780562;112.52101698780562;235.86634956262628;235.86634956262628;0.47705413339569874;-15124.450504618791;15124.450504618791;<;-5228.314927353986;1
31762.0;12047.0;2.636507014194405;0.0;0.0;0.0;0.0;12047.0;180618.0;180618.0;0.04720350823326686;27982.0;0.0;27982.0;3780.0;88.0989862099364;88.0989862099364;3780.0;11.9010137900636;0.0;0.0;0.0;0.0;5075.0;42.1266705403835;0.0;0.0;0.0;0.0;0.0;0.0;0.0;0.0;0.0;0.0;55.0;0.4565451979745995;0.0;0.0;0.0;0.0;0.0;0.0;0.0;0.0;0.0;0.0;3243.0;26.919565036938657;0.0;0.0;0.0;0.0;0.0;0.0;0.0;0.0;137527.0;76.14246642084399;137527.0;76.14246642084399;0.0;0.0;0.0;0.0;0.0;0.0;0.0;0.0;760.0;0.4207775526248768;0.0;0.0;0.0;0.0;0.0;0.0;0.0;0.0;0.0;0.0;34983.0;19.368501478257983;0.0;0.0;0.0;0.0;0.0;0.0;-1.0;1.0;0.9249022799499497;0.38020490862610556;1.0;0.0;3.7548860025025195;2.0;6782.0;3.7548860025025195;-1.0;1000.0;20.69951514388263;139.31092283530572;1000.0;0.0;5.783640828663182;3.0;1837.0;5.783640828663182;0.0;14.0;1.2471154644309788;1.1923547047933125;14.0;0.0;0.0;13.0;0.0;0.0;2.0;120.0;14.99277828505022;19.602610459409274;0.0;11.0;0.0;6.046042095752652;4385.0;5334.0;8414.0;11035.0;11627.0;12047.0;12047.0;12047.0;12047.0;36.39910351124762;44.27658338175479;69.84311446833237;91.59956835726737;96.51365485183034;100.0;100.0;100.0;100.0;7690.0;6805.0;3633.0;1012.0;420.0;0.0;0.0;0.0;0.0;0.0;0.0;63.83331949863037;56.48709222212999;30.156885531667637;8.40043164273263;3.4863451481696686;0.0;0.0;0.0;0.0;0.0;0.0;3780.0;31034.0;31762.0;31762.0;31762.0;31762.0;31762.0;31762.0;31762.0;11.9010137900636;97.70795289969145;100.0;100.0;100.0;100.0;100.0;100.0;100.0;27982.0;3531.0;0.0;0.0;0.0;0.0;0.0;0.0;0.0;0.0;0.0;88.0989862099364;11.117058119765758;0.0;0.0;0.0;0.0;0.0;0.0;0.0;0.0;0.0;neos-933966;6;1637;0.05154;1600;0.05718;MIR;23304;-14562.34105210962;14562.34105210962;30525.698342014446;30525.698342014446;0.47705185607716466;-1957594.028245953;1957594.028245953;<;-677020.5442153106;1
31762.0;12047.0;2.636507014194405;0.0;0.0;0.0;0.0;12047.0;180618.0;180618.0;0.04720350823326686;27982.0;0.0;27982.0;3780.0;88.0989862099364;88.0989862099364;3780.0;11.9010137900636;0.0;0.0;0.0;0.0;5075.0;42.1266705403835;0.0;0.0;0.0;0.0;0.0;0.0;0.0;0.0;0.0;0.0;55.0;0.4565451979745995;0.0;0.0;0.0;0.0;0.0;0.0;0.0;0.0;0.0;0.0;3243.0;26.919565036938657;0.0;0.0;0.0;0.0;0.0;0.0;0.0;0.0;137527.0;76.14246642084399;137527.0;76.14246642084399;0.0;0.0;0.0;0.0;0.0;0.0;0.0;0.0;760.0;0.4207775526248768;0.0;0.0;0.0;0.0;0.0;0.0;0.0;0.0;0.0;0.0;34983.0;19.368501478257983;0.0;0.0;0.0;0.0;0.0;0.0;-1.0;1.0;0.9249022799499497;0.38020490862610556;1.0;0.0;3.7548860025025195;2.0;6782.0;3.7548860025025195;-1.0;1000.0;20.69951514388263;139.31092283530572;1000.0;0.0;5.783640828663182;3.0;1837.0;5.783640828663182;0.0;14.0;1.2471154644309788;1.1923547047933125;14.0;0.0;0.0;13.0;0.0;0.0;2.0;120.0;14.99277828505022;19.602610459409274;0.0;11.0;0.0;6.046042095752652;4385.0;5334.0;8414.0;11035.0;11627.0;12047.0;12047.0;12047.0;12047.0;36.39910351124762;44.27658338175479;69.84311446833237;91.59956835726737;96.51365485183034;100.0;100.0;100.0;100.0;7690.0;6805.0;3633.0;1012.0;420.0;0.0;0.0;0.0;0.0;0.0;0.0;63.83331949863037;56.48709222212999;30.156885531667637;8.40043164273263;3.4863451481696686;0.0;0.0;0.0;0.0;0.0;0.0;3780.0;31034.0;31762.0;31762.0;31762.0;31762.0;31762.0;31762.0;31762.0;11.9010137900636;97.70795289969145;100.0;100.0;100.0;100.0;100.0;100.0;100.0;27982.0;3531.0;0.0;0.0;0.0;0.0;0.0;0.0;0.0;0.0;0.0;88.0989862099364;11.117058119765758;0.0;0.0;0.0;0.0;0.0;0.0;0.0;0.0;0.0;neos-933966;6;1637;0.05154;1600;0.05718;MIR;23508;-3436.9154283454136;3436.9154283454136;6327.763604555755;6327.763604555755;0.5431485186758498;-333933.66609750467;333933.66609750467;<;-111486.52932112754;1
31762.0;12047.0;2.636507014194405;0.0;0.0;0.0;0.0;12047.0;180618.0;180618.0;0.04720350823326686;27982.0;0.0;27982.0;3780.0;88.0989862099364;88.0989862099364;3780.0;11.9010137900636;0.0;0.0;0.0;0.0;5075.0;42.1266705403835;0.0;0.0;0.0;0.0;0.0;0.0;0.0;0.0;0.0;0.0;55.0;0.4565451979745995;0.0;0.0;0.0;0.0;0.0;0.0;0.0;0.0;0.0;0.0;3243.0;26.919565036938657;0.0;0.0;0.0;0.0;0.0;0.0;0.0;0.0;137527.0;76.14246642084399;137527.0;76.14246642084399;0.0;0.0;0.0;0.0;0.0;0.0;0.0;0.0;760.0;0.4207775526248768;0.0;0.0;0.0;0.0;0.0;0.0;0.0;0.0;0.0;0.0;34983.0;19.368501478257983;0.0;0.0;0.0;0.0;0.0;0.0;-1.0;1.0;0.9249022799499497;0.38020490862610556;1.0;0.0;3.7548860025025195;2.0;6782.0;3.7548860025025195;-1.0;1000.0;20.69951514388263;139.31092283530572;1000.0;0.0;5.783640828663182;3.0;1837.0;5.783640828663182;0.0;14.0;1.2471154644309788;1.1923547047933125;14.0;0.0;0.0;13.0;0.0;0.0;2.0;120.0;14.99277828505022;19.602610459409274;0.0;11.0;0.0;6.046042095752652;4385.0;5334.0;8414.0;11035.0;11627.0;12047.0;12047.0;12047.0;12047.0;36.39910351124762;44.27658338175479;69.84311446833237;91.59956835726737;96.51365485183034;100.0;100.0;100.0;100.0;7690.0;6805.0;3633.0;1012.0;420.0;0.0;0.0;0.0;0.0;0.0;0.0;63.83331949863037;56.48709222212999;30.156885531667637;8.40043164273263;3.4863451481696686;0.0;0.0;0.0;0.0;0.0;0.0;3780.0;31034.0;31762.0;31762.0;31762.0;31762.0;31762.0;31762.0;31762.0;11.9010137900636;97.70795289969145;100.0;100.0;100.0;100.0;100.0;100.0;100.0;27982.0;3531.0;0.0;0.0;0.0;0.0;0.0;0.0;0.0;0.0;0.0;88.0989862099364;11.117058119765758;0.0;0.0;0.0;0.0;0.0;0.0;0.0;0.0;0.0;neos-933966;6;1637;0.05154;1600;0.05718;MIR;23483;-20656.593515609562;20656.593515609562;38029.59809659284;38029.59809659284;0.5431714914036979;-2007217.8483153367;2007217.8483153367;<;-670506.1630798387;1
31762.0;12047.0;2.636507014194405;0.0;0.0;0.0;0.0;12047.0;180618.0;180618.0;0.04720350823326686;27982.0;0.0;27982.0;3780.0;88.0989862099364;88.0989862099364;3780.0;11.9010137900636;0.0;0.0;0.0;0.0;5075.0;42.1266705403835;0.0;0.0;0.0;0.0;0.0;0.0;0.0;0.0;0.0;0.0;55.0;0.4565451979745995;0.0;0.0;0.0;0.0;0.0;0.0;0.0;0.0;0.0;0.0;3243.0;26.919565036938657;0.0;0.0;0.0;0.0;0.0;0.0;0.0;0.0;137527.0;76.14246642084399;137527.0;76.14246642084399;0.0;0.0;0.0;0.0;0.0;0.0;0.0;0.0;760.0;0.4207775526248768;0.0;0.0;0.0;0.0;0.0;0.0;0.0;0.0;0.0;0.0;34983.0;19.368501478257983;0.0;0.0;0.0;0.0;0.0;0.0;-1.0;1.0;0.9249022799499497;0.38020490862610556;1.0;0.0;3.7548860025025195;2.0;6782.0;3.7548860025025195;-1.0;1000.0;20.69951514388263;139.31092283530572;1000.0;0.0;5.783640828663182;3.0;1837.0;5.783640828663182;0.0;14.0;1.2471154644309788;1.1923547047933125;14.0;0.0;0.0;13.0;0.0;0.0;2.0;120.0;14.99277828505022;19.602610459409274;0.0;11.0;0.0;6.046042095752652;4385.0;5334.0;8414.0;11035.0;11627.0;12047.0;12047.0;12047.0;12047.0;36.39910351124762;44.27658338175479;69.84311446833237;91.59956835726737;96.51365485183034;100.0;100.0;100.0;100.0;7690.0;6805.0;3633.0;1012.0;420.0;0.0;0.0;0.0;0.0;0.0;0.0;63.83331949863037;56.48709222212999;30.156885531667637;8.40043164273263;3.4863451481696686;0.0;0.0;0.0;0.0;0.0;0.0;3780.0;31034.0;31762.0;31762.0;31762.0;31762.0;31762.0;31762.0;31762.0;11.9010137900636;97.70795289969145;100.0;100.0;100.0;100.0;100.0;100.0;100.0;27982.0;3531.0;0.0;0.0;0.0;0.0;0.0;0.0;0.0;0.0;0.0;88.0989862099364;11.117058119765758;0.0;0.0;0.0;0.0;0.0;0.0;0.0;0.0;0.0;neos-933966;6;1637;0.05154;1600;0.05718;MIR;24159;-232.65673754530363;232.65673754530363;618.8522638419904;618.8522638419904;0.37594875407082157;-33162.32252858954;33162.32252858954;<;-11084.939025216168;1
31762.0;12047.0;2.636507014194405;0.0;0.0;0.0;0.0;12047.0;180618.0;180618.0;0.04720350823326686;27982.0;0.0;27982.0;3780.0;88.0989862099364;88.0989862099364;3780.0;11.9010137900636;0.0;0.0;0.0;0.0;5075.0;42.1266705403835;0.0;0.0;0.0;0.0;0.0;0.0;0.0;0.0;0.0;0.0;55.0;0.4565451979745995;0.0;0.0;0.0;0.0;0.0;0.0;0.0;0.0;0.0;0.0;3243.0;26.919565036938657;0.0;0.0;0.0;0.0;0.0;0.0;0.0;0.0;137527.0;76.14246642084399;137527.0;76.14246642084399;0.0;0.0;0.0;0.0;0.0;0.0;0.0;0.0;760.0;0.4207775526248768;0.0;0.0;0.0;0.0;0.0;0.0;0.0;0.0;0.0;0.0;34983.0;19.368501478257983;0.0;0.0;0.0;0.0;0.0;0.0;-1.0;1.0;0.9249022799499497;0.38020490862610556;1.0;0.0;3.7548860025025195;2.0;6782.0;3.7548860025025195;-1.0;1000.0;20.69951514388263;139.31092283530572;1000.0;0.0;5.783640828663182;3.0;1837.0;5.783640828663182;0.0;14.0;1.2471154644309788;1.1923547047933125;14.0;0.0;0.0;13.0;0.0;0.0;2.0;120.0;14.99277828505022;19.602610459409274;0.0;11.0;0.0;6.046042095752652;4385.0;5334.0;8414.0;11035.0;11627.0;12047.0;12047.0;12047.0;12047.0;36.39910351124762;44.27658338175479;69.84311446833237;91.59956835726737;96.51365485183034;100.0;100.0;100.0;100.0;7690.0;6805.0;3633.0;1012.0;420.0;0.0;0.0;0.0;0.0;0.0;0.0;63.83331949863037;56.48709222212999;30.156885531667637;8.40043164273263;3.4863451481696686;0.0;0.0;0.0;0.0;0.0;0.0;3780.0;31034.0;31762.0;31762.0;31762.0;31762.0;31762.0;31762.0;31762.0;11.9010137900636;97.70795289969145;100.0;100.0;100.0;100.0;100.0;100.0;100.0;27982.0;3531.0;0.0;0.0;0.0;0.0;0.0;0.0;0.0;0.0;0.0;88.0989862099364;11.117058119765758;0.0;0.0;0.0;0.0;0.0;0.0;0.0;0.0;0.0;neos-933966;6;1637;0.05154;1600;0.05718;MIR;24145;-27852.59933227313;27852.59933227313;74083.59425131373;74083.59425131373;0.37596177147923976;-3970158.206805978;3970158.206805978;<;-1327420.441891727;1
31762.0;12047.0;2.636507014194405;0.0;0.0;0.0;0.0;12047.0;180618.0;180618.0;0.04720350823326686;27982.0;0.0;27982.0;3780.0;88.0989862099364;88.0989862099364;3780.0;11.9010137900636;0.0;0.0;0.0;0.0;5075.0;42.1266705403835;0.0;0.0;0.0;0.0;0.0;0.0;0.0;0.0;0.0;0.0;55.0;0.4565451979745995;0.0;0.0;0.0;0.0;0.0;0.0;0.0;0.0;0.0;0.0;3243.0;26.919565036938657;0.0;0.0;0.0;0.0;0.0;0.0;0.0;0.0;137527.0;76.14246642084399;137527.0;76.14246642084399;0.0;0.0;0.0;0.0;0.0;0.0;0.0;0.0;760.0;0.4207775526248768;0.0;0.0;0.0;0.0;0.0;0.0;0.0;0.0;0.0;0.0;34983.0;19.368501478257983;0.0;0.0;0.0;0.0;0.0;0.0;-1.0;1.0;0.9249022799499497;0.38020490862610556;1.0;0.0;3.7548860025025195;2.0;6782.0;3.7548860025025195;-1.0;1000.0;20.69951514388263;139.31092283530572;1000.0;0.0;5.783640828663182;3.0;1837.0;5.783640828663182;0.0;14.0;1.2471154644309788;1.1923547047933125;14.0;0.0;0.0;13.0;0.0;0.0;2.0;120.0;14.99277828505022;19.602610459409274;0.0;11.0;0.0;6.046042095752652;4385.0;5334.0;8414.0;11035.0;11627.0;12047.0;12047.0;12047.0;12047.0;36.39910351124762;44.27658338175479;69.84311446833237;91.59956835726737;96.51365485183034;100.0;100.0;100.0;100.0;7690.0;6805.0;3633.0;1012.0;420.0;0.0;0.0;0.0;0.0;0.0;0.0;63.83331949863037;56.48709222212999;30.156885531667637;8.40043164273263;3.4863451481696686;0.0;0.0;0.0;0.0;0.0;0.0;3780.0;31034.0;31762.0;31762.0;31762.0;31762.0;31762.0;31762.0;31762.0;11.9010137900636;97.70795289969145;100.0;100.0;100.0;100.0;100.0;100.0;100.0;27982.0;3531.0;0.0;0.0;0.0;0.0;0.0;0.0;0.0;0.0;0.0;88.0989862099364;11.117058119765758;0.0;0.0;0.0;0.0;0.0;0.0;0.0;0.0;0.0;neos-933966;6;1637;0.05154;1600;0.05718;MIR;23378;-90.00127424368517;90.00127424368517;204.16815153993173;204.16815153993173;0.4408193617116747;-11758.63235275291;11758.63235275291;<;-4434.461909872993;1
31762.0;12047.0;2.636507014194405;0.0;0.0;0.0;0.0;12047.0;180618.0;180618.0;0.04720350823326686;27982.0;0.0;27982.0;3780.0;88.0989862099364;88.0989862099364;3780.0;11.9010137900636;0.0;0.0;0.0;0.0;5075.0;42.1266705403835;0.0;0.0;0.0;0.0;0.0;0.0;0.0;0.0;0.0;0.0;55.0;0.4565451979745995;0.0;0.0;0.0;0.0;0.0;0.0;0.0;0.0;0.0;0.0;3243.0;26.919565036938657;0.0;0.0;0.0;0.0;0.0;0.0;0.0;0.0;137527.0;76.14246642084399;137527.0;76.14246642084399;0.0;0.0;0.0;0.0;0.0;0.0;0.0;0.0;760.0;0.4207775526248768;0.0;0.0;0.0;0.0;0.0;0.0;0.0;0.0;0.0;0.0;34983.0;19.368501478257983;0.0;0.0;0.0;0.0;0.0;0.0;-1.0;1.0;0.9249022799499497;0.38020490862610556;1.0;0.0;3.7548860025025195;2.0;6782.0;3.7548860025025195;-1.0;1000.0;20.69951514388263;139.31092283530572;1000.0;0.0;5.783640828663182;3.0;1837.0;5.783640828663182;0.0;14.0;1.2471154644309788;1.1923547047933125;14.0;0.0;0.0;13.0;0.0;0.0;2.0;120.0;14.99277828505022;19.602610459409274;0.0;11.0;0.0;6.046042095752652;4385.0;5334.0;8414.0;11035.0;11627.0;12047.0;12047.0;12047.0;12047.0;36.39910351124762;44.27658338175479;69.84311446833237;91.59956835726737;96.51365485183034;100.0;100.0;100.0;100.0;7690.0;6805.0;3633.0;1012.0;420.0;0.0;0.0;0.0;0.0;0.0;0.0;63.83331949863037;56.48709222212999;30.156885531667637;8.40043164273263;3.4863451481696686;0.0;0.0;0.0;0.0;0.0;0.0;3780.0;31034.0;31762.0;31762.0;31762.0;31762.0;31762.0;31762.0;31762.0;11.9010137900636;97.70795289969145;100.0;100.0;100.0;100.0;100.0;100.0;100.0;27982.0;3531.0;0.0;0.0;0.0;0.0;0.0;0.0;0.0;0.0;0.0;88.0989862099364;11.117058119765758;0.0;0.0;0.0;0.0;0.0;0.0;0.0;0.0;0.0;neos-933966;6;1637;0.05154;1600;0.05718;MIR;23378;-59988.08478767484;59988.08478767484;136081.9763261794;136081.9763261794;0.44082314504227516;-7837462.218577803;7837462.218577803;<;-2955888.8022560365;1
31762.0;12047.0;2.636507014194405;0.0;0.0;0.0;0.0;12047.0;180618.0;180618.0;0.04720350823326686;27982.0;0.0;27982.0;3780.0;88.0989862099364;88.0989862099364;3780.0;11.9010137900636;0.0;0.0;0.0;0.0;5075.0;42.1266705403835;0.0;0.0;0.0;0.0;0.0;0.0;0.0;0.0;0.0;0.0;55.0;0.4565451979745995;0.0;0.0;0.0;0.0;0.0;0.0;0.0;0.0;0.0;0.0;3243.0;26.919565036938657;0.0;0.0;0.0;0.0;0.0;0.0;0.0;0.0;137527.0;76.14246642084399;137527.0;76.14246642084399;0.0;0.0;0.0;0.0;0.0;0.0;0.0;0.0;760.0;0.4207775526248768;0.0;0.0;0.0;0.0;0.0;0.0;0.0;0.0;0.0;0.0;34983.0;19.368501478257983;0.0;0.0;0.0;0.0;0.0;0.0;-1.0;1.0;0.9249022799499497;0.38020490862610556;1.0;0.0;3.7548860025025195;2.0;6782.0;3.7548860025025195;-1.0;1000.0;20.69951514388263;139.31092283530572;1000.0;0.0;5.783640828663182;3.0;1837.0;5.783640828663182;0.0;14.0;1.2471154644309788;1.1923547047933125;14.0;0.0;0.0;13.0;0.0;0.0;2.0;120.0;14.99277828505022;19.602610459409274;0.0;11.0;0.0;6.046042095752652;4385.0;5334.0;8414.0;11035.0;11627.0;12047.0;12047.0;12047.0;12047.0;36.39910351124762;44.27658338175479;69.84311446833237;91.59956835726737;96.51365485183034;100.0;100.0;100.0;100.0;7690.0;6805.0;3633.0;1012.0;420.0;0.0;0.0;0.0;0.0;0.0;0.0;63.83331949863037;56.48709222212999;30.156885531667637;8.40043164273263;3.4863451481696686;0.0;0.0;0.0;0.0;0.0;0.0;3780.0;31034.0;31762.0;31762.0;31762.0;31762.0;31762.0;31762.0;31762.0;11.9010137900636;97.70795289969145;100.0;100.0;100.0;100.0;100.0;100.0;100.0;27982.0;3531.0;0.0;0.0;0.0;0.0;0.0;0.0;0.0;0.0;0.0;88.0989862099364;11.117058119765758;0.0;0.0;0.0;0.0;0.0;0.0;0.0;0.0;0.0;neos-933966;6;1637;0.05154;1600;0.05718;MIR;21160;-1846.9930994704623;1846.9930994704623;4915.431519461111;4915.431519461111;0.3757540090138316;-212268.96840077866;212268.96840077866;<;-78222.13093281502;1
31762.0;12047.0;2.636507014194405;0.0;0.0;0.0;0.0;12047.0;180618.0;180618.0;0.04720350823326686;27982.0;0.0;27982.0;3780.0;88.0989862099364;88.0989862099364;3780.0;11.9010137900636;0.0;0.0;0.0;0.0;5075.0;42.1266705403835;0.0;0.0;0.0;0.0;0.0;0.0;0.0;0.0;0.0;0.0;55.0;0.4565451979745995;0.0;0.0;0.0;0.0;0.0;0.0;0.0;0.0;0.0;0.0;3243.0;26.919565036938657;0.0;0.0;0.0;0.0;0.0;0.0;0.0;0.0;137527.0;76.14246642084399;137527.0;76.14246642084399;0.0;0.0;0.0;0.0;0.0;0.0;0.0;0.0;760.0;0.4207775526248768;0.0;0.0;0.0;0.0;0.0;0.0;0.0;0.0;0.0;0.0;34983.0;19.368501478257983;0.0;0.0;0.0;0.0;0.0;0.0;-1.0;1.0;0.9249022799499497;0.38020490862610556;1.0;0.0;3.7548860025025195;2.0;6782.0;3.7548860025025195;-1.0;1000.0;20.69951514388263;139.31092283530572;1000.0;0.0;5.783640828663182;3.0;1837.0;5.783640828663182;0.0;14.0;1.2471154644309788;1.1923547047933125;14.0;0.0;0.0;13.0;0.0;0.0;2.0;120.0;14.99277828505022;19.602610459409274;0.0;11.0;0.0;6.046042095752652;4385.0;5334.0;8414.0;11035.0;11627.0;12047.0;12047.0;12047.0;12047.0;36.39910351124762;44.27658338175479;69.84311446833237;91.59956835726737;96.51365485183034;100.0;100.0;100.0;100.0;7690.0;6805.0;3633.0;1012.0;420.0;0.0;0.0;0.0;0.0;0.0;0.0;63.83331949863037;56.48709222212999;30.156885531667637;8.40043164273263;3.4863451481696686;0.0;0.0;0.0;0.0;0.0;0.0;3780.0;31034.0;31762.0;31762.0;31762.0;31762.0;31762.0;31762.0;31762.0;11.9010137900636;97.70795289969145;100.0;100.0;100.0;100.0;100.0;100.0;100.0;27982.0;3531.0;0.0;0.0;0.0;0.0;0.0;0.0;0.0;0.0;0.0;88.0989862099364;11.117058119765758;0.0;0.0;0.0;0.0;0.0;0.0;0.0;0.0;0.0;neos-933966;6;1637;0.05154;1600;0.05718;MIR;21160;-60400.12126708645;60400.12126708645;160740.44049925;160740.44049925;0.3757618249613312;-6941719.659054553;6941719.659054553;<;-2558422.6561170667;1
31762.0;12047.0;2.636507014194405;0.0;0.0;0.0;0.0;12047.0;180618.0;180618.0;0.04720350823326686;27982.0;0.0;27982.0;3780.0;88.0989862099364;88.0989862099364;3780.0;11.9010137900636;0.0;0.0;0.0;0.0;5075.0;42.1266705403835;0.0;0.0;0.0;0.0;0.0;0.0;0.0;0.0;0.0;0.0;55.0;0.4565451979745995;0.0;0.0;0.0;0.0;0.0;0.0;0.0;0.0;0.0;0.0;3243.0;26.919565036938657;0.0;0.0;0.0;0.0;0.0;0.0;0.0;0.0;137527.0;76.14246642084399;137527.0;76.14246642084399;0.0;0.0;0.0;0.0;0.0;0.0;0.0;0.0;760.0;0.4207775526248768;0.0;0.0;0.0;0.0;0.0;0.0;0.0;0.0;0.0;0.0;34983.0;19.368501478257983;0.0;0.0;0.0;0.0;0.0;0.0;-1.0;1.0;0.9249022799499497;0.38020490862610556;1.0;0.0;3.7548860025025195;2.0;6782.0;3.7548860025025195;-1.0;1000.0;20.69951514388263;139.31092283530572;1000.0;0.0;5.783640828663182;3.0;1837.0;5.783640828663182;0.0;14.0;1.2471154644309788;1.1923547047933125;14.0;0.0;0.0;13.0;0.0;0.0;2.0;120.0;14.99277828505022;19.602610459409274;0.0;11.0;0.0;6.046042095752652;4385.0;5334.0;8414.0;11035.0;11627.0;12047.0;12047.0;12047.0;12047.0;36.39910351124762;44.27658338175479;69.84311446833237;91.59956835726737;96.51365485183034;100.0;100.0;100.0;100.0;7690.0;6805.0;3633.0;1012.0;420.0;0.0;0.0;0.0;0.0;0.0;0.0;63.83331949863037;56.48709222212999;30.156885531667637;8.40043164273263;3.4863451481696686;0.0;0.0;0.0;0.0;0.0;0.0;3780.0;31034.0;31762.0;31762.0;31762.0;31762.0;31762.0;31762.0;31762.0;11.9010137900636;97.70795289969145;100.0;100.0;100.0;100.0;100.0;100.0;100.0;27982.0;3531.0;0.0;0.0;0.0;0.0;0.0;0.0;0.0;0.0;0.0;88.0989862099364;11.117058119765758;0.0;0.0;0.0;0.0;0.0;0.0;0.0;0.0;0.0;neos-933966;6;1637;0.05154;1600;0.05718;MIR;22804;-3064.3063691453663;3064.3063691453663;10802.1987098853;10802.1987098853;0.28367431959395084;-489452.2599917057;489452.2599917057;<;-179193.64158291504;1
31762.0;12047.0;2.636507014194405;0.0;0.0;0.0;0.0;12047.0;180618.0;180618.0;0.04720350823326686;27982.0;0.0;27982.0;3780.0;88.0989862099364;88.0989862099364;3780.0;11.9010137900636;0.0;0.0;0.0;0.0;5075.0;42.1266705403835;0.0;0.0;0.0;0.0;0.0;0.0;0.0;0.0;0.0;0.0;55.0;0.4565451979745995;0.0;0.0;0.0;0.0;0.0;0.0;0.0;0.0;0.0;0.0;3243.0;26.919565036938657;0.0;0.0;0.0;0.0;0.0;0.0;0.0;0.0;137527.0;76.14246642084399;137527.0;76.14246642084399;0.0;0.0;0.0;0.0;0.0;0.0;0.0;0.0;760.0;0.4207775526248768;0.0;0.0;0.0;0.0;0.0;0.0;0.0;0.0;0.0;0.0;34983.0;19.368501478257983;0.0;0.0;0.0;0.0;0.0;0.0;-1.0;1.0;0.9249022799499497;0.38020490862610556;1.0;0.0;3.7548860025025195;2.0;6782.0;3.7548860025025195;-1.0;1000.0;20.69951514388263;139.31092283530572;1000.0;0.0;5.783640828663182;3.0;1837.0;5.783640828663182;0.0;14.0;1.2471154644309788;1.1923547047933125;14.0;0.0;0.0;13.0;0.0;0.0;2.0;120.0;14.99277828505022;19.602610459409274;0.0;11.0;0.0;6.046042095752652;4385.0;5334.0;8414.0;11035.0;11627.0;12047.0;12047.0;12047.0;12047.0;36.39910351124762;44.27658338175479;69.84311446833237;91.59956835726737;96.51365485183034;100.0;100.0;100.0;100.0;7690.0;6805.0;3633.0;1012.0;420.0;0.0;0.0;0.0;0.0;0.0;0.0;63.83331949863037;56.48709222212999;30.156885531667637;8.40043164273263;3.4863451481696686;0.0;0.0;0.0;0.0;0.0;0.0;3780.0;31034.0;31762.0;31762.0;31762.0;31762.0;31762.0;31762.0;31762.0;11.9010137900636;97.70795289969145;100.0;100.0;100.0;100.0;100.0;100.0;100.0;27982.0;3531.0;0.0;0.0;0.0;0.0;0.0;0.0;0.0;0.0;0.0;88.0989862099364;11.117058119765758;0.0;0.0;0.0;0.0;0.0;0.0;0.0;0.0;0.0;neos-933966;6;1637;0.05154;1600;0.05718;MIR;22803;-498117.80335481477;498117.80335481477;1755948.284568007;1755948.284568007;0.2836745294451312;-79562948.04327497;79562948.04327497;<;-29129183.825799756;1
31762.0;12047.0;2.636507014194405;0.0;0.0;0.0;0.0;12047.0;180618.0;180618.0;0.04720350823326686;27982.0;0.0;27982.0;3780.0;88.0989862099364;88.0989862099364;3780.0;11.9010137900636;0.0;0.0;0.0;0.0;5075.0;42.1266705403835;0.0;0.0;0.0;0.0;0.0;0.0;0.0;0.0;0.0;0.0;55.0;0.4565451979745995;0.0;0.0;0.0;0.0;0.0;0.0;0.0;0.0;0.0;0.0;3243.0;26.919565036938657;0.0;0.0;0.0;0.0;0.0;0.0;0.0;0.0;137527.0;76.14246642084399;137527.0;76.14246642084399;0.0;0.0;0.0;0.0;0.0;0.0;0.0;0.0;760.0;0.4207775526248768;0.0;0.0;0.0;0.0;0.0;0.0;0.0;0.0;0.0;0.0;34983.0;19.368501478257983;0.0;0.0;0.0;0.0;0.0;0.0;-1.0;1.0;0.9249022799499497;0.38020490862610556;1.0;0.0;3.7548860025025195;2.0;6782.0;3.7548860025025195;-1.0;1000.0;20.69951514388263;139.31092283530572;1000.0;0.0;5.783640828663182;3.0;1837.0;5.783640828663182;0.0;14.0;1.2471154644309788;1.1923547047933125;14.0;0.0;0.0;13.0;0.0;0.0;2.0;120.0;14.99277828505022;19.602610459409274;0.0;11.0;0.0;6.046042095752652;4385.0;5334.0;8414.0;11035.0;11627.0;12047.0;12047.0;12047.0;12047.0;36.39910351124762;44.27658338175479;69.84311446833237;91.59956835726737;96.51365485183034;100.0;100.0;100.0;100.0;7690.0;6805.0;3633.0;1012.0;420.0;0.0;0.0;0.0;0.0;0.0;0.0;63.83331949863037;56.48709222212999;30.156885531667637;8.40043164273263;3.4863451481696686;0.0;0.0;0.0;0.0;0.0;0.0;3780.0;31034.0;31762.0;31762.0;31762.0;31762.0;31762.0;31762.0;31762.0;11.9010137900636;97.70795289969145;100.0;100.0;100.0;100.0;100.0;100.0;100.0;27982.0;3531.0;0.0;0.0;0.0;0.0;0.0;0.0;0.0;0.0;0.0;88.0989862099364;11.117058119765758;0.0;0.0;0.0;0.0;0.0;0.0;0.0;0.0;0.0;neos-933966;6;1637;0.05154;1600;0.05718;MIR;23424;-11.329064727339485;11.329064727339485;28.823788968429234;28.823788968429234;0.39304564503120104;-1605.8637736186022;1605.8637736186022;<;-555.4789914413022;1
31762.0;12047.0;2.636507014194405;0.0;0.0;0.0;0.0;12047.0;180618.0;180618.0;0.04720350823326686;27982.0;0.0;27982.0;3780.0;88.0989862099364;88.0989862099364;3780.0;11.9010137900636;0.0;0.0;0.0;0.0;5075.0;42.1266705403835;0.0;0.0;0.0;0.0;0.0;0.0;0.0;0.0;0.0;0.0;55.0;0.4565451979745995;0.0;0.0;0.0;0.0;0.0;0.0;0.0;0.0;0.0;0.0;3243.0;26.919565036938657;0.0;0.0;0.0;0.0;0.0;0.0;0.0;0.0;137527.0;76.14246642084399;137527.0;76.14246642084399;0.0;0.0;0.0;0.0;0.0;0.0;0.0;0.0;760.0;0.4207775526248768;0.0;0.0;0.0;0.0;0.0;0.0;0.0;0.0;0.0;0.0;34983.0;19.368501478257983;0.0;0.0;0.0;0.0;0.0;0.0;-1.0;1.0;0.9249022799499497;0.38020490862610556;1.0;0.0;3.7548860025025195;2.0;6782.0;3.7548860025025195;-1.0;1000.0;20.69951514388263;139.31092283530572;1000.0;0.0;5.783640828663182;3.0;1837.0;5.783640828663182;0.0;14.0;1.2471154644309788;1.1923547047933125;14.0;0.0;0.0;13.0;0.0;0.0;2.0;120.0;14.99277828505022;19.602610459409274;0.0;11.0;0.0;6.046042095752652;4385.0;5334.0;8414.0;11035.0;11627.0;12047.0;12047.0;12047.0;12047.0;36.39910351124762;44.27658338175479;69.84311446833237;91.59956835726737;96.51365485183034;100.0;100.0;100.0;100.0;7690.0;6805.0;3633.0;1012.0;420.0;0.0;0.0;0.0;0.0;0.0;0.0;63.83331949863037;56.48709222212999;30.156885531667637;8.40043164273263;3.4863451481696686;0.0;0.0;0.0;0.0;0.0;0.0;3780.0;31034.0;31762.0;31762.0;31762.0;31762.0;31762.0;31762.0;31762.0;11.9010137900636;97.70795289969145;100.0;100.0;100.0;100.0;100.0;100.0;100.0;27982.0;3531.0;0.0;0.0;0.0;0.0;0.0;0.0;0.0;0.0;0.0;88.0989862099364;11.117058119765758;0.0;0.0;0.0;0.0;0.0;0.0;0.0;0.0;0.0;neos-933966;6;1637;0.05154;1600;0.05718;MIR;23425;-47650.91507886517;47650.91507886517;121237.3204049481;121237.3204049481;0.3930383393471997;-6753636.801260286;6753636.801260286;<;-2334791.838468289;1
31762.0;12047.0;2.636507014194405;0.0;0.0;0.0;0.0;12047.0;180618.0;180618.0;0.04720350823326686;27982.0;0.0;27982.0;3780.0;88.0989862099364;88.0989862099364;3780.0;11.9010137900636;0.0;0.0;0.0;0.0;5075.0;42.1266705403835;0.0;0.0;0.0;0.0;0.0;0.0;0.0;0.0;0.0;0.0;55.0;0.4565451979745995;0.0;0.0;0.0;0.0;0.0;0.0;0.0;0.0;0.0;0.0;3243.0;26.919565036938657;0.0;0.0;0.0;0.0;0.0;0.0;0.0;0.0;137527.0;76.14246642084399;137527.0;76.14246642084399;0.0;0.0;0.0;0.0;0.0;0.0;0.0;0.0;760.0;0.4207775526248768;0.0;0.0;0.0;0.0;0.0;0.0;0.0;0.0;0.0;0.0;34983.0;19.368501478257983;0.0;0.0;0.0;0.0;0.0;0.0;-1.0;1.0;0.9249022799499497;0.38020490862610556;1.0;0.0;3.7548860025025195;2.0;6782.0;3.7548860025025195;-1.0;1000.0;20.69951514388263;139.31092283530572;1000.0;0.0;5.783640828663182;3.0;1837.0;5.783640828663182;0.0;14.0;1.2471154644309788;1.1923547047933125;14.0;0.0;0.0;13.0;0.0;0.0;2.0;120.0;14.99277828505022;19.602610459409274;0.0;11.0;0.0;6.046042095752652;4385.0;5334.0;8414.0;11035.0;11627.0;12047.0;12047.0;12047.0;12047.0;36.39910351124762;44.27658338175479;69.84311446833237;91.59956835726737;96.51365485183034;100.0;100.0;100.0;100.0;7690.0;6805.0;3633.0;1012.0;420.0;0.0;0.0;0.0;0.0;0.0;0.0;63.83331949863037;56.48709222212999;30.156885531667637;8.40043164273263;3.4863451481696686;0.0;0.0;0.0;0.0;0.0;0.0;3780.0;31034.0;31762.0;31762.0;31762.0;31762.0;31762.0;31762.0;31762.0;11.9010137900636;97.70795289969145;100.0;100.0;100.0;100.0;100.0;100.0;100.0;27982.0;3531.0;0.0;0.0;0.0;0.0;0.0;0.0;0.0;0.0;0.0;88.0989862099364;11.117058119765758;0.0;0.0;0.0;0.0;0.0;0.0;0.0;0.0;0.0;neos-933966;6;1637;0.05154;1600;0.05718;MIR;23281;-4741.858490502488;4741.858490502488;10003.127869589034;10003.127869589034;0.47403757627835874;-613920.3906323793;613920.3906323793;<;-205157.58322212915;1
31762.0;12047.0;2.636507014194405;0.0;0.0;0.0;0.0;12047.0;180618.0;180618.0;0.04720350823326686;27982.0;0.0;27982.0;3780.0;88.0989862099364;88.0989862099364;3780.0;11.9010137900636;0.0;0.0;0.0;0.0;5075.0;42.1266705403835;0.0;0.0;0.0;0.0;0.0;0.0;0.0;0.0;0.0;0.0;55.0;0.4565451979745995;0.0;0.0;0.0;0.0;0.0;0.0;0.0;0.0;0.0;0.0;3243.0;26.919565036938657;0.0;0.0;0.0;0.0;0.0;0.0;0.0;0.0;137527.0;76.14246642084399;137527.0;76.14246642084399;0.0;0.0;0.0;0.0;0.0;0.0;0.0;0.0;760.0;0.4207775526248768;0.0;0.0;0.0;0.0;0.0;0.0;0.0;0.0;0.0;0.0;34983.0;19.368501478257983;0.0;0.0;0.0;0.0;0.0;0.0;-1.0;1.0;0.9249022799499497;0.38020490862610556;1.0;0.0;3.7548860025025195;2.0;6782.0;3.7548860025025195;-1.0;1000.0;20.69951514388263;139.31092283530572;1000.0;0.0;5.783640828663182;3.0;1837.0;5.783640828663182;0.0;14.0;1.2471154644309788;1.1923547047933125;14.0;0.0;0.0;13.0;0.0;0.0;2.0;120.0;14.99277828505022;19.602610459409274;0.0;11.0;0.0;6.046042095752652;4385.0;5334.0;8414.0;11035.0;11627.0;12047.0;12047.0;12047.0;12047.0;36.39910351124762;44.27658338175479;69.84311446833237;91.59956835726737;96.51365485183034;100.0;100.0;100.0;100.0;7690.0;6805.0;3633.0;1012.0;420.0;0.0;0.0;0.0;0.0;0.0;0.0;63.83331949863037;56.48709222212999;30.156885531667637;8.40043164273263;3.4863451481696686;0.0;0.0;0.0;0.0;0.0;0.0;3780.0;31034.0;31762.0;31762.0;31762.0;31762.0;31762.0;31762.0;31762.0;11.9010137900636;97.70795289969145;100.0;100.0;100.0;100.0;100.0;100.0;100.0;27982.0;3531.0;0.0;0.0;0.0;0.0;0.0;0.0;0.0;0.0;0.0;88.0989862099364;11.117058119765758;0.0;0.0;0.0;0.0;0.0;0.0;0.0;0.0;0.0;neos-933966;6;1637;0.05154;1600;0.05718;MIR;23278;-27815.59466089245;27815.59466089245;58675.571015106834;58675.571015106834;0.47405750263139224;-3601383.5029374636;3601383.5029374636;<;-1203892.4388081962;1
31762.0;12047.0;2.636507014194405;0.0;0.0;0.0;0.0;12047.0;180618.0;180618.0;0.04720350823326686;27982.0;0.0;27982.0;3780.0;88.0989862099364;88.0989862099364;3780.0;11.9010137900636;0.0;0.0;0.0;0.0;5075.0;42.1266705403835;0.0;0.0;0.0;0.0;0.0;0.0;0.0;0.0;0.0;0.0;55.0;0.4565451979745995;0.0;0.0;0.0;0.0;0.0;0.0;0.0;0.0;0.0;0.0;3243.0;26.919565036938657;0.0;0.0;0.0;0.0;0.0;0.0;0.0;0.0;137527.0;76.14246642084399;137527.0;76.14246642084399;0.0;0.0;0.0;0.0;0.0;0.0;0.0;0.0;760.0;0.4207775526248768;0.0;0.0;0.0;0.0;0.0;0.0;0.0;0.0;0.0;0.0;34983.0;19.368501478257983;0.0;0.0;0.0;0.0;0.0;0.0;-1.0;1.0;0.9249022799499497;0.38020490862610556;1.0;0.0;3.7548860025025195;2.0;6782.0;3.7548860025025195;-1.0;1000.0;20.69951514388263;139.31092283530572;1000.0;0.0;5.783640828663182;3.0;1837.0;5.783640828663182;0.0;14.0;1.2471154644309788;1.1923547047933125;14.0;0.0;0.0;13.0;0.0;0.0;2.0;120.0;14.99277828505022;19.602610459409274;0.0;11.0;0.0;6.046042095752652;4385.0;5334.0;8414.0;11035.0;11627.0;12047.0;12047.0;12047.0;12047.0;36.39910351124762;44.27658338175479;69.84311446833237;91.59956835726737;96.51365485183034;100.0;100.0;100.0;100.0;7690.0;6805.0;3633.0;1012.0;420.0;0.0;0.0;0.0;0.0;0.0;0.0;63.83331949863037;56.48709222212999;30.156885531667637;8.40043164273263;3.4863451481696686;0.0;0.0;0.0;0.0;0.0;0.0;3780.0;31034.0;31762.0;31762.0;31762.0;31762.0;31762.0;31762.0;31762.0;11.9010137900636;97.70795289969145;100.0;100.0;100.0;100.0;100.0;100.0;100.0;27982.0;3531.0;0.0;0.0;0.0;0.0;0.0;0.0;0.0;0.0;0.0;88.0989862099364;11.117058119765758;0.0;0.0;0.0;0.0;0.0;0.0;0.0;0.0;0.0;neos-933966;6;1637;0.05154;1600;0.05718;MIR;24581;-304624.4456704842;304624.4456704842;668798.7913774251;668798.7913774251;0.45547995839390604;-40980476.01718471;40980476.01718471;<;-13535768.244585257;1
31762.0;12047.0;2.636507014194405;0.0;0.0;0.0;0.0;12047.0;180618.0;180618.0;0.04720350823326686;27982.0;0.0;27982.0;3780.0;88.0989862099364;88.0989862099364;3780.0;11.9010137900636;0.0;0.0;0.0;0.0;5075.0;42.1266705403835;0.0;0.0;0.0;0.0;0.0;0.0;0.0;0.0;0.0;0.0;55.0;0.4565451979745995;0.0;0.0;0.0;0.0;0.0;0.0;0.0;0.0;0.0;0.0;3243.0;26.919565036938657;0.0;0.0;0.0;0.0;0.0;0.0;0.0;0.0;137527.0;76.14246642084399;137527.0;76.14246642084399;0.0;0.0;0.0;0.0;0.0;0.0;0.0;0.0;760.0;0.4207775526248768;0.0;0.0;0.0;0.0;0.0;0.0;0.0;0.0;0.0;0.0;34983.0;19.368501478257983;0.0;0.0;0.0;0.0;0.0;0.0;-1.0;1.0;0.9249022799499497;0.38020490862610556;1.0;0.0;3.7548860025025195;2.0;6782.0;3.7548860025025195;-1.0;1000.0;20.69951514388263;139.31092283530572;1000.0;0.0;5.783640828663182;3.0;1837.0;5.783640828663182;0.0;14.0;1.2471154644309788;1.1923547047933125;14.0;0.0;0.0;13.0;0.0;0.0;2.0;120.0;14.99277828505022;19.602610459409274;0.0;11.0;0.0;6.046042095752652;4385.0;5334.0;8414.0;11035.0;11627.0;12047.0;12047.0;12047.0;12047.0;36.39910351124762;44.27658338175479;69.84311446833237;91.59956835726737;96.51365485183034;100.0;100.0;100.0;100.0;7690.0;6805.0;3633.0;1012.0;420.0;0.0;0.0;0.0;0.0;0.0;0.0;63.83331949863037;56.48709222212999;30.156885531667637;8.40043164273263;3.4863451481696686;0.0;0.0;0.0;0.0;0.0;0.0;3780.0;31034.0;31762.0;31762.0;31762.0;31762.0;31762.0;31762.0;31762.0;11.9010137900636;97.70795289969145;100.0;100.0;100.0;100.0;100.0;100.0;100.0;27982.0;3531.0;0.0;0.0;0.0;0.0;0.0;0.0;0.0;0.0;0.0;88.0989862099364;11.117058119765758;0.0;0.0;0.0;0.0;0.0;0.0;0.0;0.0;0.0;neos-933966;6;1637;0.05154;1600;0.05718;MIR;24580;-15413.453404473854;15413.453404473854;33839.394562480265;33839.394562480265;0.45548845077635225;-2073781.9762127758;2073781.9762127758;<;-685357.9284432912;1
31762.0;12047.0;2.636507014194405;0.0;0.0;0.0;0.0;12047.0;180618.0;180618.0;0.04720350823326686;27982.0;0.0;27982.0;3780.0;88.0989862099364;88.0989862099364;3780.0;11.9010137900636;0.0;0.0;0.0;0.0;5075.0;42.1266705403835;0.0;0.0;0.0;0.0;0.0;0.0;0.0;0.0;0.0;0.0;55.0;0.4565451979745995;0.0;0.0;0.0;0.0;0.0;0.0;0.0;0.0;0.0;0.0;3243.0;26.919565036938657;0.0;0.0;0.0;0.0;0.0;0.0;0.0;0.0;137527.0;76.14246642084399;137527.0;76.14246642084399;0.0;0.0;0.0;0.0;0.0;0.0;0.0;0.0;760.0;0.4207775526248768;0.0;0.0;0.0;0.0;0.0;0.0;0.0;0.0;0.0;0.0;34983.0;19.368501478257983;0.0;0.0;0.0;0.0;0.0;0.0;-1.0;1.0;0.9249022799499497;0.38020490862610556;1.0;0.0;3.7548860025025195;2.0;6782.0;3.7548860025025195;-1.0;1000.0;20.69951514388263;139.31092283530572;1000.0;0.0;5.783640828663182;3.0;1837.0;5.783640828663182;0.0;14.0;1.2471154644309788;1.1923547047933125;14.0;0.0;0.0;13.0;0.0;0.0;2.0;120.0;14.99277828505022;19.602610459409274;0.0;11.0;0.0;6.046042095752652;4385.0;5334.0;8414.0;11035.0;11627.0;12047.0;12047.0;12047.0;12047.0;36.39910351124762;44.27658338175479;69.84311446833237;91.59956835726737;96.51365485183034;100.0;100.0;100.0;100.0;7690.0;6805.0;3633.0;1012.0;420.0;0.0;0.0;0.0;0.0;0.0;0.0;63.83331949863037;56.48709222212999;30.156885531667637;8.40043164273263;3.4863451481696686;0.0;0.0;0.0;0.0;0.0;0.0;3780.0;31034.0;31762.0;31762.0;31762.0;31762.0;31762.0;31762.0;31762.0;11.9010137900636;97.70795289969145;100.0;100.0;100.0;100.0;100.0;100.0;100.0;27982.0;3531.0;0.0;0.0;0.0;0.0;0.0;0.0;0.0;0.0;0.0;88.0989862099364;11.117058119765758;0.0;0.0;0.0;0.0;0.0;0.0;0.0;0.0;0.0;neos-933966;6;1637;0.05154;1600;0.05718;MIR;23431;-3369.3130585272997;3369.3130585272997;8056.110483370353;8056.110483370353;0.41823074118488435;-387621.5558662741;387621.5558662741;<;-141242.69714419596;1
31762.0;12047.0;2.636507014194405;0.0;0.0;0.0;0.0;12047.0;180618.0;180618.0;0.04720350823326686;27982.0;0.0;27982.0;3780.0;88.0989862099364;88.0989862099364;3780.0;11.9010137900636;0.0;0.0;0.0;0.0;5075.0;42.1266705403835;0.0;0.0;0.0;0.0;0.0;0.0;0.0;0.0;0.0;0.0;55.0;0.4565451979745995;0.0;0.0;0.0;0.0;0.0;0.0;0.0;0.0;0.0;0.0;3243.0;26.919565036938657;0.0;0.0;0.0;0.0;0.0;0.0;0.0;0.0;137527.0;76.14246642084399;137527.0;76.14246642084399;0.0;0.0;0.0;0.0;0.0;0.0;0.0;0.0;760.0;0.4207775526248768;0.0;0.0;0.0;0.0;0.0;0.0;0.0;0.0;0.0;0.0;34983.0;19.368501478257983;0.0;0.0;0.0;0.0;0.0;0.0;-1.0;1.0;0.9249022799499497;0.38020490862610556;1.0;0.0;3.7548860025025195;2.0;6782.0;3.7548860025025195;-1.0;1000.0;20.69951514388263;139.31092283530572;1000.0;0.0;5.783640828663182;3.0;1837.0;5.783640828663182;0.0;14.0;1.2471154644309788;1.1923547047933125;14.0;0.0;0.0;13.0;0.0;0.0;2.0;120.0;14.99277828505022;19.602610459409274;0.0;11.0;0.0;6.046042095752652;4385.0;5334.0;8414.0;11035.0;11627.0;12047.0;12047.0;12047.0;12047.0;36.39910351124762;44.27658338175479;69.84311446833237;91.59956835726737;96.51365485183034;100.0;100.0;100.0;100.0;7690.0;6805.0;3633.0;1012.0;420.0;0.0;0.0;0.0;0.0;0.0;0.0;63.83331949863037;56.48709222212999;30.156885531667637;8.40043164273263;3.4863451481696686;0.0;0.0;0.0;0.0;0.0;0.0;3780.0;31034.0;31762.0;31762.0;31762.0;31762.0;31762.0;31762.0;31762.0;11.9010137900636;97.70795289969145;100.0;100.0;100.0;100.0;100.0;100.0;100.0;27982.0;3531.0;0.0;0.0;0.0;0.0;0.0;0.0;0.0;0.0;0.0;88.0989862099364;11.117058119765758;0.0;0.0;0.0;0.0;0.0;0.0;0.0;0.0;0.0;neos-933966;6;1637;0.05154;1600;0.05718;MIR;23431;-58654.11977305898;58654.11977305898;140243.30442805548;140243.30442805548;0.41823115914348996;-6748079.538603164;6748079.538603164;<;-2459268.338465063;1
31762.0;12047.0;2.636507014194405;0.0;0.0;0.0;0.0;12047.0;180618.0;180618.0;0.04720350823326686;27982.0;0.0;27982.0;3780.0;88.0989862099364;88.0989862099364;3780.0;11.9010137900636;0.0;0.0;0.0;0.0;5075.0;42.1266705403835;0.0;0.0;0.0;0.0;0.0;0.0;0.0;0.0;0.0;0.0;55.0;0.4565451979745995;0.0;0.0;0.0;0.0;0.0;0.0;0.0;0.0;0.0;0.0;3243.0;26.919565036938657;0.0;0.0;0.0;0.0;0.0;0.0;0.0;0.0;137527.0;76.14246642084399;137527.0;76.14246642084399;0.0;0.0;0.0;0.0;0.0;0.0;0.0;0.0;760.0;0.4207775526248768;0.0;0.0;0.0;0.0;0.0;0.0;0.0;0.0;0.0;0.0;34983.0;19.368501478257983;0.0;0.0;0.0;0.0;0.0;0.0;-1.0;1.0;0.9249022799499497;0.38020490862610556;1.0;0.0;3.7548860025025195;2.0;6782.0;3.7548860025025195;-1.0;1000.0;20.69951514388263;139.31092283530572;1000.0;0.0;5.783640828663182;3.0;1837.0;5.783640828663182;0.0;14.0;1.2471154644309788;1.1923547047933125;14.0;0.0;0.0;13.0;0.0;0.0;2.0;120.0;14.99277828505022;19.602610459409274;0.0;11.0;0.0;6.046042095752652;4385.0;5334.0;8414.0;11035.0;11627.0;12047.0;12047.0;12047.0;12047.0;36.39910351124762;44.27658338175479;69.84311446833237;91.59956835726737;96.51365485183034;100.0;100.0;100.0;100.0;7690.0;6805.0;3633.0;1012.0;420.0;0.0;0.0;0.0;0.0;0.0;0.0;63.83331949863037;56.48709222212999;30.156885531667637;8.40043164273263;3.4863451481696686;0.0;0.0;0.0;0.0;0.0;0.0;3780.0;31034.0;31762.0;31762.0;31762.0;31762.0;31762.0;31762.0;31762.0;11.9010137900636;97.70795289969145;100.0;100.0;100.0;100.0;100.0;100.0;100.0;27982.0;3531.0;0.0;0.0;0.0;0.0;0.0;0.0;0.0;0.0;0.0;88.0989862099364;11.117058119765758;0.0;0.0;0.0;0.0;0.0;0.0;0.0;0.0;0.0;neos-933966;6;1637;0.05154;1600;0.05718;MIR;23703;-2551.97499357359;2551.97499357359;4062.065883557472;4062.065883557472;0.6282455939239036;-308487.82413381705;308487.82413381705;<;-106213.57236935332;1
31762.0;12047.0;2.636507014194405;0.0;0.0;0.0;0.0;12047.0;180618.0;180618.0;0.04720350823326686;27982.0;0.0;27982.0;3780.0;88.0989862099364;88.0989862099364;3780.0;11.9010137900636;0.0;0.0;0.0;0.0;5075.0;42.1266705403835;0.0;0.0;0.0;0.0;0.0;0.0;0.0;0.0;0.0;0.0;55.0;0.4565451979745995;0.0;0.0;0.0;0.0;0.0;0.0;0.0;0.0;0.0;0.0;3243.0;26.919565036938657;0.0;0.0;0.0;0.0;0.0;0.0;0.0;0.0;137527.0;76.14246642084399;137527.0;76.14246642084399;0.0;0.0;0.0;0.0;0.0;0.0;0.0;0.0;760.0;0.4207775526248768;0.0;0.0;0.0;0.0;0.0;0.0;0.0;0.0;0.0;0.0;34983.0;19.368501478257983;0.0;0.0;0.0;0.0;0.0;0.0;-1.0;1.0;0.9249022799499497;0.38020490862610556;1.0;0.0;3.7548860025025195;2.0;6782.0;3.7548860025025195;-1.0;1000.0;20.69951514388263;139.31092283530572;1000.0;0.0;5.783640828663182;3.0;1837.0;5.783640828663182;0.0;14.0;1.2471154644309788;1.1923547047933125;14.0;0.0;0.0;13.0;0.0;0.0;2.0;120.0;14.99277828505022;19.602610459409274;0.0;11.0;0.0;6.046042095752652;4385.0;5334.0;8414.0;11035.0;11627.0;12047.0;12047.0;12047.0;12047.0;36.39910351124762;44.27658338175479;69.84311446833237;91.59956835726737;96.51365485183034;100.0;100.0;100.0;100.0;7690.0;6805.0;3633.0;1012.0;420.0;0.0;0.0;0.0;0.0;0.0;0.0;63.83331949863037;56.48709222212999;30.156885531667637;8.40043164273263;3.4863451481696686;0.0;0.0;0.0;0.0;0.0;0.0;3780.0;31034.0;31762.0;31762.0;31762.0;31762.0;31762.0;31762.0;31762.0;11.9010137900636;97.70795289969145;100.0;100.0;100.0;100.0;100.0;100.0;100.0;27982.0;3531.0;0.0;0.0;0.0;0.0;0.0;0.0;0.0;0.0;0.0;88.0989862099364;11.117058119765758;0.0;0.0;0.0;0.0;0.0;0.0;0.0;0.0;0.0;neos-933966;6;1637;0.05154;1600;0.05718;MIR;23701;-14786.984871672445;14786.984871672445;23534.798284835953;23534.798284835953;0.628303021453983;-1787611.4243397089;1787611.4243397089;<;-615877.92655715;1
31762.0;12047.0;2.636507014194405;0.0;0.0;0.0;0.0;12047.0;180618.0;180618.0;0.04720350823326686;27982.0;0.0;27982.0;3780.0;88.0989862099364;88.0989862099364;3780.0;11.9010137900636;0.0;0.0;0.0;0.0;5075.0;42.1266705403835;0.0;0.0;0.0;0.0;0.0;0.0;0.0;0.0;0.0;0.0;55.0;0.4565451979745995;0.0;0.0;0.0;0.0;0.0;0.0;0.0;0.0;0.0;0.0;3243.0;26.919565036938657;0.0;0.0;0.0;0.0;0.0;0.0;0.0;0.0;137527.0;76.14246642084399;137527.0;76.14246642084399;0.0;0.0;0.0;0.0;0.0;0.0;0.0;0.0;760.0;0.4207775526248768;0.0;0.0;0.0;0.0;0.0;0.0;0.0;0.0;0.0;0.0;34983.0;19.368501478257983;0.0;0.0;0.0;0.0;0.0;0.0;-1.0;1.0;0.9249022799499497;0.38020490862610556;1.0;0.0;3.7548860025025195;2.0;6782.0;3.7548860025025195;-1.0;1000.0;20.69951514388263;139.31092283530572;1000.0;0.0;5.783640828663182;3.0;1837.0;5.783640828663182;0.0;14.0;1.2471154644309788;1.1923547047933125;14.0;0.0;0.0;13.0;0.0;0.0;2.0;120.0;14.99277828505022;19.602610459409274;0.0;11.0;0.0;6.046042095752652;4385.0;5334.0;8414.0;11035.0;11627.0;12047.0;12047.0;12047.0;12047.0;36.39910351124762;44.27658338175479;69.84311446833237;91.59956835726737;96.51365485183034;100.0;100.0;100.0;100.0;7690.0;6805.0;3633.0;1012.0;420.0;0.0;0.0;0.0;0.0;0.0;0.0;63.83331949863037;56.48709222212999;30.156885531667637;8.40043164273263;3.4863451481696686;0.0;0.0;0.0;0.0;0.0;0.0;3780.0;31034.0;31762.0;31762.0;31762.0;31762.0;31762.0;31762.0;31762.0;11.9010137900636;97.70795289969145;100.0;100.0;100.0;100.0;100.0;100.0;100.0;27982.0;3531.0;0.0;0.0;0.0;0.0;0.0;0.0;0.0;0.0;0.0;88.0989862099364;11.117058119765758;0.0;0.0;0.0;0.0;0.0;0.0;0.0;0.0;0.0;neos-933966;6;1637;0.05154;1600;0.05718;MIR;23136;-31.535098671461338;31.535098671461338;100.50488262086222;100.50488262086222;0.3137668325072544;-5080.5354271635815;5080.5354271635815;<;-1857.9971431273311;1
31762.0;12047.0;2.636507014194405;0.0;0.0;0.0;0.0;12047.0;180618.0;180618.0;0.04720350823326686;27982.0;0.0;27982.0;3780.0;88.0989862099364;88.0989862099364;3780.0;11.9010137900636;0.0;0.0;0.0;0.0;5075.0;42.1266705403835;0.0;0.0;0.0;0.0;0.0;0.0;0.0;0.0;0.0;0.0;55.0;0.4565451979745995;0.0;0.0;0.0;0.0;0.0;0.0;0.0;0.0;0.0;0.0;3243.0;26.919565036938657;0.0;0.0;0.0;0.0;0.0;0.0;0.0;0.0;137527.0;76.14246642084399;137527.0;76.14246642084399;0.0;0.0;0.0;0.0;0.0;0.0;0.0;0.0;760.0;0.4207775526248768;0.0;0.0;0.0;0.0;0.0;0.0;0.0;0.0;0.0;0.0;34983.0;19.368501478257983;0.0;0.0;0.0;0.0;0.0;0.0;-1.0;1.0;0.9249022799499497;0.38020490862610556;1.0;0.0;3.7548860025025195;2.0;6782.0;3.7548860025025195;-1.0;1000.0;20.69951514388263;139.31092283530572;1000.0;0.0;5.783640828663182;3.0;1837.0;5.783640828663182;0.0;14.0;1.2471154644309788;1.1923547047933125;14.0;0.0;0.0;13.0;0.0;0.0;2.0;120.0;14.99277828505022;19.602610459409274;0.0;11.0;0.0;6.046042095752652;4385.0;5334.0;8414.0;11035.0;11627.0;12047.0;12047.0;12047.0;12047.0;36.39910351124762;44.27658338175479;69.84311446833237;91.59956835726737;96.51365485183034;100.0;100.0;100.0;100.0;7690.0;6805.0;3633.0;1012.0;420.0;0.0;0.0;0.0;0.0;0.0;0.0;63.83331949863037;56.48709222212999;30.156885531667637;8.40043164273263;3.4863451481696686;0.0;0.0;0.0;0.0;0.0;0.0;3780.0;31034.0;31762.0;31762.0;31762.0;31762.0;31762.0;31762.0;31762.0;11.9010137900636;97.70795289969145;100.0;100.0;100.0;100.0;100.0;100.0;100.0;27982.0;3531.0;0.0;0.0;0.0;0.0;0.0;0.0;0.0;0.0;0.0;88.0989862099364;11.117058119765758;0.0;0.0;0.0;0.0;0.0;0.0;0.0;0.0;0.0;neos-933966;6;1637;0.05154;1600;0.05718;MIR;23136;-8700.878079627837;8700.878079627837;27729.588013863984;27729.588013863984;0.3137759592849938;-1401945.6114048918;1401945.6114048918;<;-512986.5658549095;1
31762.0;12047.0;2.636507014194405;0.0;0.0;0.0;0.0;12047.0;180618.0;180618.0;0.04720350823326686;27982.0;0.0;27982.0;3780.0;88.0989862099364;88.0989862099364;3780.0;11.9010137900636;0.0;0.0;0.0;0.0;5075.0;42.1266705403835;0.0;0.0;0.0;0.0;0.0;0.0;0.0;0.0;0.0;0.0;55.0;0.4565451979745995;0.0;0.0;0.0;0.0;0.0;0.0;0.0;0.0;0.0;0.0;3243.0;26.919565036938657;0.0;0.0;0.0;0.0;0.0;0.0;0.0;0.0;137527.0;76.14246642084399;137527.0;76.14246642084399;0.0;0.0;0.0;0.0;0.0;0.0;0.0;0.0;760.0;0.4207775526248768;0.0;0.0;0.0;0.0;0.0;0.0;0.0;0.0;0.0;0.0;34983.0;19.368501478257983;0.0;0.0;0.0;0.0;0.0;0.0;-1.0;1.0;0.9249022799499497;0.38020490862610556;1.0;0.0;3.7548860025025195;2.0;6782.0;3.7548860025025195;-1.0;1000.0;20.69951514388263;139.31092283530572;1000.0;0.0;5.783640828663182;3.0;1837.0;5.783640828663182;0.0;14.0;1.2471154644309788;1.1923547047933125;14.0;0.0;0.0;13.0;0.0;0.0;2.0;120.0;14.99277828505022;19.602610459409274;0.0;11.0;0.0;6.046042095752652;4385.0;5334.0;8414.0;11035.0;11627.0;12047.0;12047.0;12047.0;12047.0;36.39910351124762;44.27658338175479;69.84311446833237;91.59956835726737;96.51365485183034;100.0;100.0;100.0;100.0;7690.0;6805.0;3633.0;1012.0;420.0;0.0;0.0;0.0;0.0;0.0;0.0;63.83331949863037;56.48709222212999;30.156885531667637;8.40043164273263;3.4863451481696686;0.0;0.0;0.0;0.0;0.0;0.0;3780.0;31034.0;31762.0;31762.0;31762.0;31762.0;31762.0;31762.0;31762.0;11.9010137900636;97.70795289969145;100.0;100.0;100.0;100.0;100.0;100.0;100.0;27982.0;3531.0;0.0;0.0;0.0;0.0;0.0;0.0;0.0;0.0;0.0;88.0989862099364;11.117058119765758;0.0;0.0;0.0;0.0;0.0;0.0;0.0;0.0;0.0;neos-933966;6;1637;0.05154;1600;0.05718;MIR;23433;-56.296840715810035;56.296840715810035;272.17102188265477;272.17102188265477;0.20684362474151324;-9829.460602179382;9829.460602179382;<;-3308.7589167190145;1
31762.0;12047.0;2.636507014194405;0.0;0.0;0.0;0.0;12047.0;180618.0;180618.0;0.04720350823326686;27982.0;0.0;27982.0;3780.0;88.0989862099364;88.0989862099364;3780.0;11.9010137900636;0.0;0.0;0.0;0.0;5075.0;42.1266705403835;0.0;0.0;0.0;0.0;0.0;0.0;0.0;0.0;0.0;0.0;55.0;0.4565451979745995;0.0;0.0;0.0;0.0;0.0;0.0;0.0;0.0;0.0;0.0;3243.0;26.919565036938657;0.0;0.0;0.0;0.0;0.0;0.0;0.0;0.0;137527.0;76.14246642084399;137527.0;76.14246642084399;0.0;0.0;0.0;0.0;0.0;0.0;0.0;0.0;760.0;0.4207775526248768;0.0;0.0;0.0;0.0;0.0;0.0;0.0;0.0;0.0;0.0;34983.0;19.368501478257983;0.0;0.0;0.0;0.0;0.0;0.0;-1.0;1.0;0.9249022799499497;0.38020490862610556;1.0;0.0;3.7548860025025195;2.0;6782.0;3.7548860025025195;-1.0;1000.0;20.69951514388263;139.31092283530572;1000.0;0.0;5.783640828663182;3.0;1837.0;5.783640828663182;0.0;14.0;1.2471154644309788;1.1923547047933125;14.0;0.0;0.0;13.0;0.0;0.0;2.0;120.0;14.99277828505022;19.602610459409274;0.0;11.0;0.0;6.046042095752652;4385.0;5334.0;8414.0;11035.0;11627.0;12047.0;12047.0;12047.0;12047.0;36.39910351124762;44.27658338175479;69.84311446833237;91.59956835726737;96.51365485183034;100.0;100.0;100.0;100.0;7690.0;6805.0;3633.0;1012.0;420.0;0.0;0.0;0.0;0.0;0.0;0.0;63.83331949863037;56.48709222212999;30.156885531667637;8.40043164273263;3.4863451481696686;0.0;0.0;0.0;0.0;0.0;0.0;3780.0;31034.0;31762.0;31762.0;31762.0;31762.0;31762.0;31762.0;31762.0;11.9010137900636;97.70795289969145;100.0;100.0;100.0;100.0;100.0;100.0;100.0;27982.0;3531.0;0.0;0.0;0.0;0.0;0.0;0.0;0.0;0.0;0.0;88.0989862099364;11.117058119765758;0.0;0.0;0.0;0.0;0.0;0.0;0.0;0.0;0.0;neos-933966;6;1637;0.05154;1600;0.05718;MIR;23433;-37028.276771598634;37028.276771598634;179016.16154692395;179016.16154692395;0.2068432059520656;-6465341.936324619;6465341.936324619;<;-2176634.759278735;1
31762.0;12047.0;2.636507014194405;0.0;0.0;0.0;0.0;12047.0;180618.0;180618.0;0.04720350823326686;27982.0;0.0;27982.0;3780.0;88.0989862099364;88.0989862099364;3780.0;11.9010137900636;0.0;0.0;0.0;0.0;5075.0;42.1266705403835;0.0;0.0;0.0;0.0;0.0;0.0;0.0;0.0;0.0;0.0;55.0;0.4565451979745995;0.0;0.0;0.0;0.0;0.0;0.0;0.0;0.0;0.0;0.0;3243.0;26.919565036938657;0.0;0.0;0.0;0.0;0.0;0.0;0.0;0.0;137527.0;76.14246642084399;137527.0;76.14246642084399;0.0;0.0;0.0;0.0;0.0;0.0;0.0;0.0;760.0;0.4207775526248768;0.0;0.0;0.0;0.0;0.0;0.0;0.0;0.0;0.0;0.0;34983.0;19.368501478257983;0.0;0.0;0.0;0.0;0.0;0.0;-1.0;1.0;0.9249022799499497;0.38020490862610556;1.0;0.0;3.7548860025025195;2.0;6782.0;3.7548860025025195;-1.0;1000.0;20.69951514388263;139.31092283530572;1000.0;0.0;5.783640828663182;3.0;1837.0;5.783640828663182;0.0;14.0;1.2471154644309788;1.1923547047933125;14.0;0.0;0.0;13.0;0.0;0.0;2.0;120.0;14.99277828505022;19.602610459409274;0.0;11.0;0.0;6.046042095752652;4385.0;5334.0;8414.0;11035.0;11627.0;12047.0;12047.0;12047.0;12047.0;36.39910351124762;44.27658338175479;69.84311446833237;91.59956835726737;96.51365485183034;100.0;100.0;100.0;100.0;7690.0;6805.0;3633.0;1012.0;420.0;0.0;0.0;0.0;0.0;0.0;0.0;63.83331949863037;56.48709222212999;30.156885531667637;8.40043164273263;3.4863451481696686;0.0;0.0;0.0;0.0;0.0;0.0;3780.0;31034.0;31762.0;31762.0;31762.0;31762.0;31762.0;31762.0;31762.0;11.9010137900636;97.70795289969145;100.0;100.0;100.0;100.0;100.0;100.0;100.0;27982.0;3531.0;0.0;0.0;0.0;0.0;0.0;0.0;0.0;0.0;0.0;88.0989862099364;11.117058119765758;0.0;0.0;0.0;0.0;0.0;0.0;0.0;0.0;0.0;neos-933966;6;1637;0.05154;1600;0.05718;MIR;23108;-3178702.438439179;3178702.438439179;4851083.7282475745;4851083.7282475745;0.6552561482148375;-246819439.35319507;246819439.35319507;<;-81614948.50477886;1
31762.0;12047.0;2.636507014194405;0.0;0.0;0.0;0.0;12047.0;180618.0;180618.0;0.04720350823326686;27982.0;0.0;27982.0;3780.0;88.0989862099364;88.0989862099364;3780.0;11.9010137900636;0.0;0.0;0.0;0.0;5075.0;42.1266705403835;0.0;0.0;0.0;0.0;0.0;0.0;0.0;0.0;0.0;0.0;55.0;0.4565451979745995;0.0;0.0;0.0;0.0;0.0;0.0;0.0;0.0;0.0;0.0;3243.0;26.919565036938657;0.0;0.0;0.0;0.0;0.0;0.0;0.0;0.0;137527.0;76.14246642084399;137527.0;76.14246642084399;0.0;0.0;0.0;0.0;0.0;0.0;0.0;0.0;760.0;0.4207775526248768;0.0;0.0;0.0;0.0;0.0;0.0;0.0;0.0;0.0;0.0;34983.0;19.368501478257983;0.0;0.0;0.0;0.0;0.0;0.0;-1.0;1.0;0.9249022799499497;0.38020490862610556;1.0;0.0;3.7548860025025195;2.0;6782.0;3.7548860025025195;-1.0;1000.0;20.69951514388263;139.31092283530572;1000.0;0.0;5.783640828663182;3.0;1837.0;5.783640828663182;0.0;14.0;1.2471154644309788;1.1923547047933125;14.0;0.0;0.0;13.0;0.0;0.0;2.0;120.0;14.99277828505022;19.602610459409274;0.0;11.0;0.0;6.046042095752652;4385.0;5334.0;8414.0;11035.0;11627.0;12047.0;12047.0;12047.0;12047.0;36.39910351124762;44.27658338175479;69.84311446833237;91.59956835726737;96.51365485183034;100.0;100.0;100.0;100.0;7690.0;6805.0;3633.0;1012.0;420.0;0.0;0.0;0.0;0.0;0.0;0.0;63.83331949863037;56.48709222212999;30.156885531667637;8.40043164273263;3.4863451481696686;0.0;0.0;0.0;0.0;0.0;0.0;3780.0;31034.0;31762.0;31762.0;31762.0;31762.0;31762.0;31762.0;31762.0;11.9010137900636;97.70795289969145;100.0;100.0;100.0;100.0;100.0;100.0;100.0;27982.0;3531.0;0.0;0.0;0.0;0.0;0.0;0.0;0.0;0.0;0.0;88.0989862099364;11.117058119765758;0.0;0.0;0.0;0.0;0.0;0.0;0.0;0.0;0.0;neos-933966;6;1637;0.05154;1600;0.05718;MIR;23108;-1524895.4556407607;1524895.4556407607;2327173.6591622345;2327173.6591622345;0.6552564092658697;-118405018.58435075;118405018.58435075;<;-39152914.53401455;1
31762.0;12047.0;2.636507014194405;0.0;0.0;0.0;0.0;12047.0;180618.0;180618.0;0.04720350823326686;27982.0;0.0;27982.0;3780.0;88.0989862099364;88.0989862099364;3780.0;11.9010137900636;0.0;0.0;0.0;0.0;5075.0;42.1266705403835;0.0;0.0;0.0;0.0;0.0;0.0;0.0;0.0;0.0;0.0;55.0;0.4565451979745995;0.0;0.0;0.0;0.0;0.0;0.0;0.0;0.0;0.0;0.0;3243.0;26.919565036938657;0.0;0.0;0.0;0.0;0.0;0.0;0.0;0.0;137527.0;76.14246642084399;137527.0;76.14246642084399;0.0;0.0;0.0;0.0;0.0;0.0;0.0;0.0;760.0;0.4207775526248768;0.0;0.0;0.0;0.0;0.0;0.0;0.0;0.0;0.0;0.0;34983.0;19.368501478257983;0.0;0.0;0.0;0.0;0.0;0.0;-1.0;1.0;0.9249022799499497;0.38020490862610556;1.0;0.0;3.7548860025025195;2.0;6782.0;3.7548860025025195;-1.0;1000.0;20.69951514388263;139.31092283530572;1000.0;0.0;5.783640828663182;3.0;1837.0;5.783640828663182;0.0;14.0;1.2471154644309788;1.1923547047933125;14.0;0.0;0.0;13.0;0.0;0.0;2.0;120.0;14.99277828505022;19.602610459409274;0.0;11.0;0.0;6.046042095752652;4385.0;5334.0;8414.0;11035.0;11627.0;12047.0;12047.0;12047.0;12047.0;36.39910351124762;44.27658338175479;69.84311446833237;91.59956835726737;96.51365485183034;100.0;100.0;100.0;100.0;7690.0;6805.0;3633.0;1012.0;420.0;0.0;0.0;0.0;0.0;0.0;0.0;63.83331949863037;56.48709222212999;30.156885531667637;8.40043164273263;3.4863451481696686;0.0;0.0;0.0;0.0;0.0;0.0;3780.0;31034.0;31762.0;31762.0;31762.0;31762.0;31762.0;31762.0;31762.0;11.9010137900636;97.70795289969145;100.0;100.0;100.0;100.0;100.0;100.0;100.0;27982.0;3531.0;0.0;0.0;0.0;0.0;0.0;0.0;0.0;0.0;0.0;88.0989862099364;11.117058119765758;0.0;0.0;0.0;0.0;0.0;0.0;0.0;0.0;0.0;neos-933966;6;1637;0.05154;1600;0.05718;MIR;24743;-2799.5069866029976;2799.5069866029976;8213.719150390603;8213.719150390603;0.3408330544720253;-429331.52943299233;429331.52943299233;<;-137735.38069439563;1
31762.0;12047.0;2.636507014194405;0.0;0.0;0.0;0.0;12047.0;180618.0;180618.0;0.04720350823326686;27982.0;0.0;27982.0;3780.0;88.0989862099364;88.0989862099364;3780.0;11.9010137900636;0.0;0.0;0.0;0.0;5075.0;42.1266705403835;0.0;0.0;0.0;0.0;0.0;0.0;0.0;0.0;0.0;0.0;55.0;0.4565451979745995;0.0;0.0;0.0;0.0;0.0;0.0;0.0;0.0;0.0;0.0;3243.0;26.919565036938657;0.0;0.0;0.0;0.0;0.0;0.0;0.0;0.0;137527.0;76.14246642084399;137527.0;76.14246642084399;0.0;0.0;0.0;0.0;0.0;0.0;0.0;0.0;760.0;0.4207775526248768;0.0;0.0;0.0;0.0;0.0;0.0;0.0;0.0;0.0;0.0;34983.0;19.368501478257983;0.0;0.0;0.0;0.0;0.0;0.0;-1.0;1.0;0.9249022799499497;0.38020490862610556;1.0;0.0;3.7548860025025195;2.0;6782.0;3.7548860025025195;-1.0;1000.0;20.69951514388263;139.31092283530572;1000.0;0.0;5.783640828663182;3.0;1837.0;5.783640828663182;0.0;14.0;1.2471154644309788;1.1923547047933125;14.0;0.0;0.0;13.0;0.0;0.0;2.0;120.0;14.99277828505022;19.602610459409274;0.0;11.0;0.0;6.046042095752652;4385.0;5334.0;8414.0;11035.0;11627.0;12047.0;12047.0;12047.0;12047.0;36.39910351124762;44.27658338175479;69.84311446833237;91.59956835726737;96.51365485183034;100.0;100.0;100.0;100.0;7690.0;6805.0;3633.0;1012.0;420.0;0.0;0.0;0.0;0.0;0.0;0.0;63.83331949863037;56.48709222212999;30.156885531667637;8.40043164273263;3.4863451481696686;0.0;0.0;0.0;0.0;0.0;0.0;3780.0;31034.0;31762.0;31762.0;31762.0;31762.0;31762.0;31762.0;31762.0;11.9010137900636;97.70795289969145;100.0;100.0;100.0;100.0;100.0;100.0;100.0;27982.0;3531.0;0.0;0.0;0.0;0.0;0.0;0.0;0.0;0.0;0.0;88.0989862099364;11.117058119765758;0.0;0.0;0.0;0.0;0.0;0.0;0.0;0.0;0.0;neos-933966;6;1637;0.05154;1600;0.05718;MIR;24743;-210973.40738743896;210973.40738743896;618990.4147989422;618990.4147989422;0.3408346920137147;-32354930.15355418;32354930.15355418;<;-10380266.750835802;1
31762.0;12047.0;2.636507014194405;0.0;0.0;0.0;0.0;12047.0;180618.0;180618.0;0.04720350823326686;27982.0;0.0;27982.0;3780.0;88.0989862099364;88.0989862099364;3780.0;11.9010137900636;0.0;0.0;0.0;0.0;5075.0;42.1266705403835;0.0;0.0;0.0;0.0;0.0;0.0;0.0;0.0;0.0;0.0;55.0;0.4565451979745995;0.0;0.0;0.0;0.0;0.0;0.0;0.0;0.0;0.0;0.0;3243.0;26.919565036938657;0.0;0.0;0.0;0.0;0.0;0.0;0.0;0.0;137527.0;76.14246642084399;137527.0;76.14246642084399;0.0;0.0;0.0;0.0;0.0;0.0;0.0;0.0;760.0;0.4207775526248768;0.0;0.0;0.0;0.0;0.0;0.0;0.0;0.0;0.0;0.0;34983.0;19.368501478257983;0.0;0.0;0.0;0.0;0.0;0.0;-1.0;1.0;0.9249022799499497;0.38020490862610556;1.0;0.0;3.7548860025025195;2.0;6782.0;3.7548860025025195;-1.0;1000.0;20.69951514388263;139.31092283530572;1000.0;0.0;5.783640828663182;3.0;1837.0;5.783640828663182;0.0;14.0;1.2471154644309788;1.1923547047933125;14.0;0.0;0.0;13.0;0.0;0.0;2.0;120.0;14.99277828505022;19.602610459409274;0.0;11.0;0.0;6.046042095752652;4385.0;5334.0;8414.0;11035.0;11627.0;12047.0;12047.0;12047.0;12047.0;36.39910351124762;44.27658338175479;69.84311446833237;91.59956835726737;96.51365485183034;100.0;100.0;100.0;100.0;7690.0;6805.0;3633.0;1012.0;420.0;0.0;0.0;0.0;0.0;0.0;0.0;63.83331949863037;56.48709222212999;30.156885531667637;8.40043164273263;3.4863451481696686;0.0;0.0;0.0;0.0;0.0;0.0;3780.0;31034.0;31762.0;31762.0;31762.0;31762.0;31762.0;31762.0;31762.0;11.9010137900636;97.70795289969145;100.0;100.0;100.0;100.0;100.0;100.0;100.0;27982.0;3531.0;0.0;0.0;0.0;0.0;0.0;0.0;0.0;0.0;0.0;88.0989862099364;11.117058119765758;0.0;0.0;0.0;0.0;0.0;0.0;0.0;0.0;0.0;neos-933966;6;1637;0.05154;1600;0.05718;MIR;23548;-35.80001862035297;35.80001862035297;60.075607610419596;60.075607610419596;0.5959160472002245;-3970.4413972835273;3970.4413972835273;<;-1480.154950219613;1
31762.0;12047.0;2.636507014194405;0.0;0.0;0.0;0.0;12047.0;180618.0;180618.0;0.04720350823326686;27982.0;0.0;27982.0;3780.0;88.0989862099364;88.0989862099364;3780.0;11.9010137900636;0.0;0.0;0.0;0.0;5075.0;42.1266705403835;0.0;0.0;0.0;0.0;0.0;0.0;0.0;0.0;0.0;0.0;55.0;0.4565451979745995;0.0;0.0;0.0;0.0;0.0;0.0;0.0;0.0;0.0;0.0;3243.0;26.919565036938657;0.0;0.0;0.0;0.0;0.0;0.0;0.0;0.0;137527.0;76.14246642084399;137527.0;76.14246642084399;0.0;0.0;0.0;0.0;0.0;0.0;0.0;0.0;760.0;0.4207775526248768;0.0;0.0;0.0;0.0;0.0;0.0;0.0;0.0;0.0;0.0;34983.0;19.368501478257983;0.0;0.0;0.0;0.0;0.0;0.0;-1.0;1.0;0.9249022799499497;0.38020490862610556;1.0;0.0;3.7548860025025195;2.0;6782.0;3.7548860025025195;-1.0;1000.0;20.69951514388263;139.31092283530572;1000.0;0.0;5.783640828663182;3.0;1837.0;5.783640828663182;0.0;14.0;1.2471154644309788;1.1923547047933125;14.0;0.0;0.0;13.0;0.0;0.0;2.0;120.0;14.99277828505022;19.602610459409274;0.0;11.0;0.0;6.046042095752652;4385.0;5334.0;8414.0;11035.0;11627.0;12047.0;12047.0;12047.0;12047.0;36.39910351124762;44.27658338175479;69.84311446833237;91.59956835726737;96.51365485183034;100.0;100.0;100.0;100.0;7690.0;6805.0;3633.0;1012.0;420.0;0.0;0.0;0.0;0.0;0.0;0.0;63.83331949863037;56.48709222212999;30.156885531667637;8.40043164273263;3.4863451481696686;0.0;0.0;0.0;0.0;0.0;0.0;3780.0;31034.0;31762.0;31762.0;31762.0;31762.0;31762.0;31762.0;31762.0;11.9010137900636;97.70795289969145;100.0;100.0;100.0;100.0;100.0;100.0;100.0;27982.0;3531.0;0.0;0.0;0.0;0.0;0.0;0.0;0.0;0.0;0.0;88.0989862099364;11.117058119765758;0.0;0.0;0.0;0.0;0.0;0.0;0.0;0.0;0.0;neos-933966;6;1637;0.05154;1600;0.05718;MIR;23548;-192659.08964636215;192659.08964636215;323300.9909274111;323300.9909274111;0.5959124625436696;-21366921.66310898;21366921.66310898;<;-7965035.799822077;1
31762.0;12047.0;2.636507014194405;0.0;0.0;0.0;0.0;12047.0;180618.0;180618.0;0.04720350823326686;27982.0;0.0;27982.0;3780.0;88.0989862099364;88.0989862099364;3780.0;11.9010137900636;0.0;0.0;0.0;0.0;5075.0;42.1266705403835;0.0;0.0;0.0;0.0;0.0;0.0;0.0;0.0;0.0;0.0;55.0;0.4565451979745995;0.0;0.0;0.0;0.0;0.0;0.0;0.0;0.0;0.0;0.0;3243.0;26.919565036938657;0.0;0.0;0.0;0.0;0.0;0.0;0.0;0.0;137527.0;76.14246642084399;137527.0;76.14246642084399;0.0;0.0;0.0;0.0;0.0;0.0;0.0;0.0;760.0;0.4207775526248768;0.0;0.0;0.0;0.0;0.0;0.0;0.0;0.0;0.0;0.0;34983.0;19.368501478257983;0.0;0.0;0.0;0.0;0.0;0.0;-1.0;1.0;0.9249022799499497;0.38020490862610556;1.0;0.0;3.7548860025025195;2.0;6782.0;3.7548860025025195;-1.0;1000.0;20.69951514388263;139.31092283530572;1000.0;0.0;5.783640828663182;3.0;1837.0;5.783640828663182;0.0;14.0;1.2471154644309788;1.1923547047933125;14.0;0.0;0.0;13.0;0.0;0.0;2.0;120.0;14.99277828505022;19.602610459409274;0.0;11.0;0.0;6.046042095752652;4385.0;5334.0;8414.0;11035.0;11627.0;12047.0;12047.0;12047.0;12047.0;36.39910351124762;44.27658338175479;69.84311446833237;91.59956835726737;96.51365485183034;100.0;100.0;100.0;100.0;7690.0;6805.0;3633.0;1012.0;420.0;0.0;0.0;0.0;0.0;0.0;0.0;63.83331949863037;56.48709222212999;30.156885531667637;8.40043164273263;3.4863451481696686;0.0;0.0;0.0;0.0;0.0;0.0;3780.0;31034.0;31762.0;31762.0;31762.0;31762.0;31762.0;31762.0;31762.0;11.9010137900636;97.70795289969145;100.0;100.0;100.0;100.0;100.0;100.0;100.0;27982.0;3531.0;0.0;0.0;0.0;0.0;0.0;0.0;0.0;0.0;0.0;88.0989862099364;11.117058119765758;0.0;0.0;0.0;0.0;0.0;0.0;0.0;0.0;0.0;neos-933966;6;1637;0.05154;1600;0.05718;MIR;24426;-2556.275447566592;2556.275447566592;7022.0813737864355;7022.0813737864355;0.3640338685206949;-260812.263386027;260812.263386027;<;-90058.02441205306;1
31762.0;12047.0;2.636507014194405;0.0;0.0;0.0;0.0;12047.0;180618.0;180618.0;0.04720350823326686;27982.0;0.0;27982.0;3780.0;88.0989862099364;88.0989862099364;3780.0;11.9010137900636;0.0;0.0;0.0;0.0;5075.0;42.1266705403835;0.0;0.0;0.0;0.0;0.0;0.0;0.0;0.0;0.0;0.0;55.0;0.4565451979745995;0.0;0.0;0.0;0.0;0.0;0.0;0.0;0.0;0.0;0.0;3243.0;26.919565036938657;0.0;0.0;0.0;0.0;0.0;0.0;0.0;0.0;137527.0;76.14246642084399;137527.0;76.14246642084399;0.0;0.0;0.0;0.0;0.0;0.0;0.0;0.0;760.0;0.4207775526248768;0.0;0.0;0.0;0.0;0.0;0.0;0.0;0.0;0.0;0.0;34983.0;19.368501478257983;0.0;0.0;0.0;0.0;0.0;0.0;-1.0;1.0;0.9249022799499497;0.38020490862610556;1.0;0.0;3.7548860025025195;2.0;6782.0;3.7548860025025195;-1.0;1000.0;20.69951514388263;139.31092283530572;1000.0;0.0;5.783640828663182;3.0;1837.0;5.783640828663182;0.0;14.0;1.2471154644309788;1.1923547047933125;14.0;0.0;0.0;13.0;0.0;0.0;2.0;120.0;14.99277828505022;19.602610459409274;0.0;11.0;0.0;6.046042095752652;4385.0;5334.0;8414.0;11035.0;11627.0;12047.0;12047.0;12047.0;12047.0;36.39910351124762;44.27658338175479;69.84311446833237;91.59956835726737;96.51365485183034;100.0;100.0;100.0;100.0;7690.0;6805.0;3633.0;1012.0;420.0;0.0;0.0;0.0;0.0;0.0;0.0;63.83331949863037;56.48709222212999;30.156885531667637;8.40043164273263;3.4863451481696686;0.0;0.0;0.0;0.0;0.0;0.0;3780.0;31034.0;31762.0;31762.0;31762.0;31762.0;31762.0;31762.0;31762.0;11.9010137900636;97.70795289969145;100.0;100.0;100.0;100.0;100.0;100.0;100.0;27982.0;3531.0;0.0;0.0;0.0;0.0;0.0;0.0;0.0;0.0;0.0;88.0989862099364;11.117058119765758;0.0;0.0;0.0;0.0;0.0;0.0;0.0;0.0;0.0;neos-933966;6;1637;0.05154;1600;0.05718;MIR;24426;-161252.94419003007;161252.94419003007;442959.06364346;442959.06364346;0.364035770853587;-16452525.96092183;16452525.96092183;<;-5681412.787452983;1
31762.0;12047.0;2.636507014194405;0.0;0.0;0.0;0.0;12047.0;180618.0;180618.0;0.04720350823326686;27982.0;0.0;27982.0;3780.0;88.0989862099364;88.0989862099364;3780.0;11.9010137900636;0.0;0.0;0.0;0.0;5075.0;42.1266705403835;0.0;0.0;0.0;0.0;0.0;0.0;0.0;0.0;0.0;0.0;55.0;0.4565451979745995;0.0;0.0;0.0;0.0;0.0;0.0;0.0;0.0;0.0;0.0;3243.0;26.919565036938657;0.0;0.0;0.0;0.0;0.0;0.0;0.0;0.0;137527.0;76.14246642084399;137527.0;76.14246642084399;0.0;0.0;0.0;0.0;0.0;0.0;0.0;0.0;760.0;0.4207775526248768;0.0;0.0;0.0;0.0;0.0;0.0;0.0;0.0;0.0;0.0;34983.0;19.368501478257983;0.0;0.0;0.0;0.0;0.0;0.0;-1.0;1.0;0.9249022799499497;0.38020490862610556;1.0;0.0;3.7548860025025195;2.0;6782.0;3.7548860025025195;-1.0;1000.0;20.69951514388263;139.31092283530572;1000.0;0.0;5.783640828663182;3.0;1837.0;5.783640828663182;0.0;14.0;1.2471154644309788;1.1923547047933125;14.0;0.0;0.0;13.0;0.0;0.0;2.0;120.0;14.99277828505022;19.602610459409274;0.0;11.0;0.0;6.046042095752652;4385.0;5334.0;8414.0;11035.0;11627.0;12047.0;12047.0;12047.0;12047.0;36.39910351124762;44.27658338175479;69.84311446833237;91.59956835726737;96.51365485183034;100.0;100.0;100.0;100.0;7690.0;6805.0;3633.0;1012.0;420.0;0.0;0.0;0.0;0.0;0.0;0.0;63.83331949863037;56.48709222212999;30.156885531667637;8.40043164273263;3.4863451481696686;0.0;0.0;0.0;0.0;0.0;0.0;3780.0;31034.0;31762.0;31762.0;31762.0;31762.0;31762.0;31762.0;31762.0;11.9010137900636;97.70795289969145;100.0;100.0;100.0;100.0;100.0;100.0;100.0;27982.0;3531.0;0.0;0.0;0.0;0.0;0.0;0.0;0.0;0.0;0.0;88.0989862099364;11.117058119765758;0.0;0.0;0.0;0.0;0.0;0.0;0.0;0.0;0.0;neos-933966;6;1637;0.05154;1600;0.05718;MIR;23863;-35838.8690935043;35838.8690935043;94040.76669292923;94040.76669292923;0.3810992865522752;-4714530.788014319;4714530.788014319;<;-1724966.0189373381;1
31762.0;12047.0;2.636507014194405;0.0;0.0;0.0;0.0;12047.0;180618.0;180618.0;0.04720350823326686;27982.0;0.0;27982.0;3780.0;88.0989862099364;88.0989862099364;3780.0;11.9010137900636;0.0;0.0;0.0;0.0;5075.0;42.1266705403835;0.0;0.0;0.0;0.0;0.0;0.0;0.0;0.0;0.0;0.0;55.0;0.4565451979745995;0.0;0.0;0.0;0.0;0.0;0.0;0.0;0.0;0.0;0.0;3243.0;26.919565036938657;0.0;0.0;0.0;0.0;0.0;0.0;0.0;0.0;137527.0;76.14246642084399;137527.0;76.14246642084399;0.0;0.0;0.0;0.0;0.0;0.0;0.0;0.0;760.0;0.4207775526248768;0.0;0.0;0.0;0.0;0.0;0.0;0.0;0.0;0.0;0.0;34983.0;19.368501478257983;0.0;0.0;0.0;0.0;0.0;0.0;-1.0;1.0;0.9249022799499497;0.38020490862610556;1.0;0.0;3.7548860025025195;2.0;6782.0;3.7548860025025195;-1.0;1000.0;20.69951514388263;139.31092283530572;1000.0;0.0;5.783640828663182;3.0;1837.0;5.783640828663182;0.0;14.0;1.2471154644309788;1.1923547047933125;14.0;0.0;0.0;13.0;0.0;0.0;2.0;120.0;14.99277828505022;19.602610459409274;0.0;11.0;0.0;6.046042095752652;4385.0;5334.0;8414.0;11035.0;11627.0;12047.0;12047.0;12047.0;12047.0;36.39910351124762;44.27658338175479;69.84311446833237;91.59956835726737;96.51365485183034;100.0;100.0;100.0;100.0;7690.0;6805.0;3633.0;1012.0;420.0;0.0;0.0;0.0;0.0;0.0;0.0;63.83331949863037;56.48709222212999;30.156885531667637;8.40043164273263;3.4863451481696686;0.0;0.0;0.0;0.0;0.0;0.0;3780.0;31034.0;31762.0;31762.0;31762.0;31762.0;31762.0;31762.0;31762.0;11.9010137900636;97.70795289969145;100.0;100.0;100.0;100.0;100.0;100.0;100.0;27982.0;3531.0;0.0;0.0;0.0;0.0;0.0;0.0;0.0;0.0;0.0;88.0989862099364;11.117058119765758;0.0;0.0;0.0;0.0;0.0;0.0;0.0;0.0;0.0;neos-933966;6;1637;0.05154;1600;0.05718;MIR;23862;-29316.271698688994;29316.271698688994;76924.26348424578;76924.26348424578;0.3811056534157525;-3856644.8073409633;3856644.8073409633;<;-1411476.9031271976;1
31762.0;12047.0;2.636507014194405;0.0;0.0;0.0;0.0;12047.0;180618.0;180618.0;0.04720350823326686;27982.0;0.0;27982.0;3780.0;88.0989862099364;88.0989862099364;3780.0;11.9010137900636;0.0;0.0;0.0;0.0;5075.0;42.1266705403835;0.0;0.0;0.0;0.0;0.0;0.0;0.0;0.0;0.0;0.0;55.0;0.4565451979745995;0.0;0.0;0.0;0.0;0.0;0.0;0.0;0.0;0.0;0.0;3243.0;26.919565036938657;0.0;0.0;0.0;0.0;0.0;0.0;0.0;0.0;137527.0;76.14246642084399;137527.0;76.14246642084399;0.0;0.0;0.0;0.0;0.0;0.0;0.0;0.0;760.0;0.4207775526248768;0.0;0.0;0.0;0.0;0.0;0.0;0.0;0.0;0.0;0.0;34983.0;19.368501478257983;0.0;0.0;0.0;0.0;0.0;0.0;-1.0;1.0;0.9249022799499497;0.38020490862610556;1.0;0.0;3.7548860025025195;2.0;6782.0;3.7548860025025195;-1.0;1000.0;20.69951514388263;139.31092283530572;1000.0;0.0;5.783640828663182;3.0;1837.0;5.783640828663182;0.0;14.0;1.2471154644309788;1.1923547047933125;14.0;0.0;0.0;13.0;0.0;0.0;2.0;120.0;14.99277828505022;19.602610459409274;0.0;11.0;0.0;6.046042095752652;4385.0;5334.0;8414.0;11035.0;11627.0;12047.0;12047.0;12047.0;12047.0;36.39910351124762;44.27658338175479;69.84311446833237;91.59956835726737;96.51365485183034;100.0;100.0;100.0;100.0;7690.0;6805.0;3633.0;1012.0;420.0;0.0;0.0;0.0;0.0;0.0;0.0;63.83331949863037;56.48709222212999;30.156885531667637;8.40043164273263;3.4863451481696686;0.0;0.0;0.0;0.0;0.0;0.0;3780.0;31034.0;31762.0;31762.0;31762.0;31762.0;31762.0;31762.0;31762.0;11.9010137900636;97.70795289969145;100.0;100.0;100.0;100.0;100.0;100.0;100.0;27982.0;3531.0;0.0;0.0;0.0;0.0;0.0;0.0;0.0;0.0;0.0;88.0989862099364;11.117058119765758;0.0;0.0;0.0;0.0;0.0;0.0;0.0;0.0;0.0;neos-933966;6;1637;0.05154;1600;0.05718;MIR;23742;-16908.068428064747;16908.068428064747;39739.079611954236;39739.079611954236;0.4254771019653534;-2094433.2884749726;2094433.2884749726;<;-800672.2530558992;1
31762.0;12047.0;2.636507014194405;0.0;0.0;0.0;0.0;12047.0;180618.0;180618.0;0.04720350823326686;27982.0;0.0;27982.0;3780.0;88.0989862099364;88.0989862099364;3780.0;11.9010137900636;0.0;0.0;0.0;0.0;5075.0;42.1266705403835;0.0;0.0;0.0;0.0;0.0;0.0;0.0;0.0;0.0;0.0;55.0;0.4565451979745995;0.0;0.0;0.0;0.0;0.0;0.0;0.0;0.0;0.0;0.0;3243.0;26.919565036938657;0.0;0.0;0.0;0.0;0.0;0.0;0.0;0.0;137527.0;76.14246642084399;137527.0;76.14246642084399;0.0;0.0;0.0;0.0;0.0;0.0;0.0;0.0;760.0;0.4207775526248768;0.0;0.0;0.0;0.0;0.0;0.0;0.0;0.0;0.0;0.0;34983.0;19.368501478257983;0.0;0.0;0.0;0.0;0.0;0.0;-1.0;1.0;0.9249022799499497;0.38020490862610556;1.0;0.0;3.7548860025025195;2.0;6782.0;3.7548860025025195;-1.0;1000.0;20.69951514388263;139.31092283530572;1000.0;0.0;5.783640828663182;3.0;1837.0;5.783640828663182;0.0;14.0;1.2471154644309788;1.1923547047933125;14.0;0.0;0.0;13.0;0.0;0.0;2.0;120.0;14.99277828505022;19.602610459409274;0.0;11.0;0.0;6.046042095752652;4385.0;5334.0;8414.0;11035.0;11627.0;12047.0;12047.0;12047.0;12047.0;36.39910351124762;44.27658338175479;69.84311446833237;91.59956835726737;96.51365485183034;100.0;100.0;100.0;100.0;7690.0;6805.0;3633.0;1012.0;420.0;0.0;0.0;0.0;0.0;0.0;0.0;63.83331949863037;56.48709222212999;30.156885531667637;8.40043164273263;3.4863451481696686;0.0;0.0;0.0;0.0;0.0;0.0;3780.0;31034.0;31762.0;31762.0;31762.0;31762.0;31762.0;31762.0;31762.0;11.9010137900636;97.70795289969145;100.0;100.0;100.0;100.0;100.0;100.0;100.0;27982.0;3531.0;0.0;0.0;0.0;0.0;0.0;0.0;0.0;0.0;0.0;88.0989862099364;11.117058119765758;0.0;0.0;0.0;0.0;0.0;0.0;0.0;0.0;0.0;neos-933966;6;1637;0.05154;1600;0.05718;MIR;23742;-32256.65505798041;32256.65505798041;75811.37472058908;75811.37472058908;0.4254856896721073;-3995864.660481421;3995864.660481421;<;-1527940.4705238538;1
31762.0;12047.0;2.636507014194405;0.0;0.0;0.0;0.0;12047.0;180618.0;180618.0;0.04720350823326686;27982.0;0.0;27982.0;3780.0;88.0989862099364;88.0989862099364;3780.0;11.9010137900636;0.0;0.0;0.0;0.0;5075.0;42.1266705403835;0.0;0.0;0.0;0.0;0.0;0.0;0.0;0.0;0.0;0.0;55.0;0.4565451979745995;0.0;0.0;0.0;0.0;0.0;0.0;0.0;0.0;0.0;0.0;3243.0;26.919565036938657;0.0;0.0;0.0;0.0;0.0;0.0;0.0;0.0;137527.0;76.14246642084399;137527.0;76.14246642084399;0.0;0.0;0.0;0.0;0.0;0.0;0.0;0.0;760.0;0.4207775526248768;0.0;0.0;0.0;0.0;0.0;0.0;0.0;0.0;0.0;0.0;34983.0;19.368501478257983;0.0;0.0;0.0;0.0;0.0;0.0;-1.0;1.0;0.9249022799499497;0.38020490862610556;1.0;0.0;3.7548860025025195;2.0;6782.0;3.7548860025025195;-1.0;1000.0;20.69951514388263;139.31092283530572;1000.0;0.0;5.783640828663182;3.0;1837.0;5.783640828663182;0.0;14.0;1.2471154644309788;1.1923547047933125;14.0;0.0;0.0;13.0;0.0;0.0;2.0;120.0;14.99277828505022;19.602610459409274;0.0;11.0;0.0;6.046042095752652;4385.0;5334.0;8414.0;11035.0;11627.0;12047.0;12047.0;12047.0;12047.0;36.39910351124762;44.27658338175479;69.84311446833237;91.59956835726737;96.51365485183034;100.0;100.0;100.0;100.0;7690.0;6805.0;3633.0;1012.0;420.0;0.0;0.0;0.0;0.0;0.0;0.0;63.83331949863037;56.48709222212999;30.156885531667637;8.40043164273263;3.4863451481696686;0.0;0.0;0.0;0.0;0.0;0.0;3780.0;31034.0;31762.0;31762.0;31762.0;31762.0;31762.0;31762.0;31762.0;11.9010137900636;97.70795289969145;100.0;100.0;100.0;100.0;100.0;100.0;100.0;27982.0;3531.0;0.0;0.0;0.0;0.0;0.0;0.0;0.0;0.0;0.0;88.0989862099364;11.117058119765758;0.0;0.0;0.0;0.0;0.0;0.0;0.0;0.0;0.0;neos-933966;9;1610;0.05069;1567;0.056;RED_SPLIT;25397;-4.9977016756021655;4.9977016756021655;14.633280445268678;14.633280445268678;0.3415298226733605;-918.4395140130148;918.4395140130148;<;-320.8189513139681;1
31762.0;12047.0;2.636507014194405;0.0;0.0;0.0;0.0;12047.0;180618.0;180618.0;0.04720350823326686;27982.0;0.0;27982.0;3780.0;88.0989862099364;88.0989862099364;3780.0;11.9010137900636;0.0;0.0;0.0;0.0;5075.0;42.1266705403835;0.0;0.0;0.0;0.0;0.0;0.0;0.0;0.0;0.0;0.0;55.0;0.4565451979745995;0.0;0.0;0.0;0.0;0.0;0.0;0.0;0.0;0.0;0.0;3243.0;26.919565036938657;0.0;0.0;0.0;0.0;0.0;0.0;0.0;0.0;137527.0;76.14246642084399;137527.0;76.14246642084399;0.0;0.0;0.0;0.0;0.0;0.0;0.0;0.0;760.0;0.4207775526248768;0.0;0.0;0.0;0.0;0.0;0.0;0.0;0.0;0.0;0.0;34983.0;19.368501478257983;0.0;0.0;0.0;0.0;0.0;0.0;-1.0;1.0;0.9249022799499497;0.38020490862610556;1.0;0.0;3.7548860025025195;2.0;6782.0;3.7548860025025195;-1.0;1000.0;20.69951514388263;139.31092283530572;1000.0;0.0;5.783640828663182;3.0;1837.0;5.783640828663182;0.0;14.0;1.2471154644309788;1.1923547047933125;14.0;0.0;0.0;13.0;0.0;0.0;2.0;120.0;14.99277828505022;19.602610459409274;0.0;11.0;0.0;6.046042095752652;4385.0;5334.0;8414.0;11035.0;11627.0;12047.0;12047.0;12047.0;12047.0;36.39910351124762;44.27658338175479;69.84311446833237;91.59956835726737;96.51365485183034;100.0;100.0;100.0;100.0;7690.0;6805.0;3633.0;1012.0;420.0;0.0;0.0;0.0;0.0;0.0;0.0;63.83331949863037;56.48709222212999;30.156885531667637;8.40043164273263;3.4863451481696686;0.0;0.0;0.0;0.0;0.0;0.0;3780.0;31034.0;31762.0;31762.0;31762.0;31762.0;31762.0;31762.0;31762.0;11.9010137900636;97.70795289969145;100.0;100.0;100.0;100.0;100.0;100.0;100.0;27982.0;3531.0;0.0;0.0;0.0;0.0;0.0;0.0;0.0;0.0;0.0;88.0989862099364;11.117058119765758;0.0;0.0;0.0;0.0;0.0;0.0;0.0;0.0;0.0;neos-933966;9;1610;0.05069;1567;0.056;RED_SPLIT;24425;-10.96648018512758;10.96648018512758;22.396328237237924;22.396328237237924;0.4896552715678561;-1363.3275189764609;1363.3275189764609;<;-454.52242471666966;1
31762.0;12047.0;2.636507014194405;0.0;0.0;0.0;0.0;12047.0;180618.0;180618.0;0.04720350823326686;27982.0;0.0;27982.0;3780.0;88.0989862099364;88.0989862099364;3780.0;11.9010137900636;0.0;0.0;0.0;0.0;5075.0;42.1266705403835;0.0;0.0;0.0;0.0;0.0;0.0;0.0;0.0;0.0;0.0;55.0;0.4565451979745995;0.0;0.0;0.0;0.0;0.0;0.0;0.0;0.0;0.0;0.0;3243.0;26.919565036938657;0.0;0.0;0.0;0.0;0.0;0.0;0.0;0.0;137527.0;76.14246642084399;137527.0;76.14246642084399;0.0;0.0;0.0;0.0;0.0;0.0;0.0;0.0;760.0;0.4207775526248768;0.0;0.0;0.0;0.0;0.0;0.0;0.0;0.0;0.0;0.0;34983.0;19.368501478257983;0.0;0.0;0.0;0.0;0.0;0.0;-1.0;1.0;0.9249022799499497;0.38020490862610556;1.0;0.0;3.7548860025025195;2.0;6782.0;3.7548860025025195;-1.0;1000.0;20.69951514388263;139.31092283530572;1000.0;0.0;5.783640828663182;3.0;1837.0;5.783640828663182;0.0;14.0;1.2471154644309788;1.1923547047933125;14.0;0.0;0.0;13.0;0.0;0.0;2.0;120.0;14.99277828505022;19.602610459409274;0.0;11.0;0.0;6.046042095752652;4385.0;5334.0;8414.0;11035.0;11627.0;12047.0;12047.0;12047.0;12047.0;36.39910351124762;44.27658338175479;69.84311446833237;91.59956835726737;96.51365485183034;100.0;100.0;100.0;100.0;7690.0;6805.0;3633.0;1012.0;420.0;0.0;0.0;0.0;0.0;0.0;0.0;63.83331949863037;56.48709222212999;30.156885531667637;8.40043164273263;3.4863451481696686;0.0;0.0;0.0;0.0;0.0;0.0;3780.0;31034.0;31762.0;31762.0;31762.0;31762.0;31762.0;31762.0;31762.0;11.9010137900636;97.70795289969145;100.0;100.0;100.0;100.0;100.0;100.0;100.0;27982.0;3531.0;0.0;0.0;0.0;0.0;0.0;0.0;0.0;0.0;0.0;88.0989862099364;11.117058119765758;0.0;0.0;0.0;0.0;0.0;0.0;0.0;0.0;0.0;neos-933966;9;1610;0.05069;1567;0.056;RED_SPLIT;24899;-11.720717891620767;11.720717891620767;28.694539444013408;28.694539444013408;0.408465098890656;-1624.419636566567;1624.419636566567;<;-470.98182252327297;1
31762.0;12047.0;2.636507014194405;0.0;0.0;0.0;0.0;12047.0;180618.0;180618.0;0.04720350823326686;27982.0;0.0;27982.0;3780.0;88.0989862099364;88.0989862099364;3780.0;11.9010137900636;0.0;0.0;0.0;0.0;5075.0;42.1266705403835;0.0;0.0;0.0;0.0;0.0;0.0;0.0;0.0;0.0;0.0;55.0;0.4565451979745995;0.0;0.0;0.0;0.0;0.0;0.0;0.0;0.0;0.0;0.0;3243.0;26.919565036938657;0.0;0.0;0.0;0.0;0.0;0.0;0.0;0.0;137527.0;76.14246642084399;137527.0;76.14246642084399;0.0;0.0;0.0;0.0;0.0;0.0;0.0;0.0;760.0;0.4207775526248768;0.0;0.0;0.0;0.0;0.0;0.0;0.0;0.0;0.0;0.0;34983.0;19.368501478257983;0.0;0.0;0.0;0.0;0.0;0.0;-1.0;1.0;0.9249022799499497;0.38020490862610556;1.0;0.0;3.7548860025025195;2.0;6782.0;3.7548860025025195;-1.0;1000.0;20.69951514388263;139.31092283530572;1000.0;0.0;5.783640828663182;3.0;1837.0;5.783640828663182;0.0;14.0;1.2471154644309788;1.1923547047933125;14.0;0.0;0.0;13.0;0.0;0.0;2.0;120.0;14.99277828505022;19.602610459409274;0.0;11.0;0.0;6.046042095752652;4385.0;5334.0;8414.0;11035.0;11627.0;12047.0;12047.0;12047.0;12047.0;36.39910351124762;44.27658338175479;69.84311446833237;91.59956835726737;96.51365485183034;100.0;100.0;100.0;100.0;7690.0;6805.0;3633.0;1012.0;420.0;0.0;0.0;0.0;0.0;0.0;0.0;63.83331949863037;56.48709222212999;30.156885531667637;8.40043164273263;3.4863451481696686;0.0;0.0;0.0;0.0;0.0;0.0;3780.0;31034.0;31762.0;31762.0;31762.0;31762.0;31762.0;31762.0;31762.0;11.9010137900636;97.70795289969145;100.0;100.0;100.0;100.0;100.0;100.0;100.0;27982.0;3531.0;0.0;0.0;0.0;0.0;0.0;0.0;0.0;0.0;0.0;88.0989862099364;11.117058119765758;0.0;0.0;0.0;0.0;0.0;0.0;0.0;0.0;0.0;neos-933966;9;1610;0.05069;1567;0.056;RED_SPLIT;24729;-6.488705352504209;6.488705352504209;14.326214976225627;14.326214976225627;0.45292530953027194;-866.7251895474485;866.7251895474485;<;-292.27690147745557;1
31762.0;12047.0;2.636507014194405;0.0;0.0;0.0;0.0;12047.0;180618.0;180618.0;0.04720350823326686;27982.0;0.0;27982.0;3780.0;88.0989862099364;88.0989862099364;3780.0;11.9010137900636;0.0;0.0;0.0;0.0;5075.0;42.1266705403835;0.0;0.0;0.0;0.0;0.0;0.0;0.0;0.0;0.0;0.0;55.0;0.4565451979745995;0.0;0.0;0.0;0.0;0.0;0.0;0.0;0.0;0.0;0.0;3243.0;26.919565036938657;0.0;0.0;0.0;0.0;0.0;0.0;0.0;0.0;137527.0;76.14246642084399;137527.0;76.14246642084399;0.0;0.0;0.0;0.0;0.0;0.0;0.0;0.0;760.0;0.4207775526248768;0.0;0.0;0.0;0.0;0.0;0.0;0.0;0.0;0.0;0.0;34983.0;19.368501478257983;0.0;0.0;0.0;0.0;0.0;0.0;-1.0;1.0;0.9249022799499497;0.38020490862610556;1.0;0.0;3.7548860025025195;2.0;6782.0;3.7548860025025195;-1.0;1000.0;20.69951514388263;139.31092283530572;1000.0;0.0;5.783640828663182;3.0;1837.0;5.783640828663182;0.0;14.0;1.2471154644309788;1.1923547047933125;14.0;0.0;0.0;13.0;0.0;0.0;2.0;120.0;14.99277828505022;19.602610459409274;0.0;11.0;0.0;6.046042095752652;4385.0;5334.0;8414.0;11035.0;11627.0;12047.0;12047.0;12047.0;12047.0;36.39910351124762;44.27658338175479;69.84311446833237;91.59956835726737;96.51365485183034;100.0;100.0;100.0;100.0;7690.0;6805.0;3633.0;1012.0;420.0;0.0;0.0;0.0;0.0;0.0;0.0;63.83331949863037;56.48709222212999;30.156885531667637;8.40043164273263;3.4863451481696686;0.0;0.0;0.0;0.0;0.0;0.0;3780.0;31034.0;31762.0;31762.0;31762.0;31762.0;31762.0;31762.0;31762.0;11.9010137900636;97.70795289969145;100.0;100.0;100.0;100.0;100.0;100.0;100.0;27982.0;3531.0;0.0;0.0;0.0;0.0;0.0;0.0;0.0;0.0;0.0;88.0989862099364;11.117058119765758;0.0;0.0;0.0;0.0;0.0;0.0;0.0;0.0;0.0;neos-933966;9;1610;0.05069;1567;0.056;RED_SPLIT;25105;-9.558763416017568;9.558763416017568;24.379474518306854;24.379474518306854;0.3920824219914901;-1308.474108417536;1308.474108417536;<;-466.54433954612557;1
31762.0;12047.0;2.636507014194405;0.0;0.0;0.0;0.0;12047.0;180618.0;180618.0;0.04720350823326686;27982.0;0.0;27982.0;3780.0;88.0989862099364;88.0989862099364;3780.0;11.9010137900636;0.0;0.0;0.0;0.0;5075.0;42.1266705403835;0.0;0.0;0.0;0.0;0.0;0.0;0.0;0.0;0.0;0.0;55.0;0.4565451979745995;0.0;0.0;0.0;0.0;0.0;0.0;0.0;0.0;0.0;0.0;3243.0;26.919565036938657;0.0;0.0;0.0;0.0;0.0;0.0;0.0;0.0;137527.0;76.14246642084399;137527.0;76.14246642084399;0.0;0.0;0.0;0.0;0.0;0.0;0.0;0.0;760.0;0.4207775526248768;0.0;0.0;0.0;0.0;0.0;0.0;0.0;0.0;0.0;0.0;34983.0;19.368501478257983;0.0;0.0;0.0;0.0;0.0;0.0;-1.0;1.0;0.9249022799499497;0.38020490862610556;1.0;0.0;3.7548860025025195;2.0;6782.0;3.7548860025025195;-1.0;1000.0;20.69951514388263;139.31092283530572;1000.0;0.0;5.783640828663182;3.0;1837.0;5.783640828663182;0.0;14.0;1.2471154644309788;1.1923547047933125;14.0;0.0;0.0;13.0;0.0;0.0;2.0;120.0;14.99277828505022;19.602610459409274;0.0;11.0;0.0;6.046042095752652;4385.0;5334.0;8414.0;11035.0;11627.0;12047.0;12047.0;12047.0;12047.0;36.39910351124762;44.27658338175479;69.84311446833237;91.59956835726737;96.51365485183034;100.0;100.0;100.0;100.0;7690.0;6805.0;3633.0;1012.0;420.0;0.0;0.0;0.0;0.0;0.0;0.0;63.83331949863037;56.48709222212999;30.156885531667637;8.40043164273263;3.4863451481696686;0.0;0.0;0.0;0.0;0.0;0.0;3780.0;31034.0;31762.0;31762.0;31762.0;31762.0;31762.0;31762.0;31762.0;11.9010137900636;97.70795289969145;100.0;100.0;100.0;100.0;100.0;100.0;100.0;27982.0;3531.0;0.0;0.0;0.0;0.0;0.0;0.0;0.0;0.0;0.0;88.0989862099364;11.117058119765758;0.0;0.0;0.0;0.0;0.0;0.0;0.0;0.0;0.0;neos-933966;9;1610;0.05069;1567;0.056;RED_SPLIT;24935;-2.4613390520349903;2.4613390520349903;6.098285779044387;6.098285779044387;0.4036116281222699;-406.5004316390573;406.5004316390573;<;-149.0018455314526;1
31762.0;12047.0;2.636507014194405;0.0;0.0;0.0;0.0;12047.0;180618.0;180618.0;0.04720350823326686;27982.0;0.0;27982.0;3780.0;88.0989862099364;88.0989862099364;3780.0;11.9010137900636;0.0;0.0;0.0;0.0;5075.0;42.1266705403835;0.0;0.0;0.0;0.0;0.0;0.0;0.0;0.0;0.0;0.0;55.0;0.4565451979745995;0.0;0.0;0.0;0.0;0.0;0.0;0.0;0.0;0.0;0.0;3243.0;26.919565036938657;0.0;0.0;0.0;0.0;0.0;0.0;0.0;0.0;137527.0;76.14246642084399;137527.0;76.14246642084399;0.0;0.0;0.0;0.0;0.0;0.0;0.0;0.0;760.0;0.4207775526248768;0.0;0.0;0.0;0.0;0.0;0.0;0.0;0.0;0.0;0.0;34983.0;19.368501478257983;0.0;0.0;0.0;0.0;0.0;0.0;-1.0;1.0;0.9249022799499497;0.38020490862610556;1.0;0.0;3.7548860025025195;2.0;6782.0;3.7548860025025195;-1.0;1000.0;20.69951514388263;139.31092283530572;1000.0;0.0;5.783640828663182;3.0;1837.0;5.783640828663182;0.0;14.0;1.2471154644309788;1.1923547047933125;14.0;0.0;0.0;13.0;0.0;0.0;2.0;120.0;14.99277828505022;19.602610459409274;0.0;11.0;0.0;6.046042095752652;4385.0;5334.0;8414.0;11035.0;11627.0;12047.0;12047.0;12047.0;12047.0;36.39910351124762;44.27658338175479;69.84311446833237;91.59956835726737;96.51365485183034;100.0;100.0;100.0;100.0;7690.0;6805.0;3633.0;1012.0;420.0;0.0;0.0;0.0;0.0;0.0;0.0;63.83331949863037;56.48709222212999;30.156885531667637;8.40043164273263;3.4863451481696686;0.0;0.0;0.0;0.0;0.0;0.0;3780.0;31034.0;31762.0;31762.0;31762.0;31762.0;31762.0;31762.0;31762.0;11.9010137900636;97.70795289969145;100.0;100.0;100.0;100.0;100.0;100.0;100.0;27982.0;3531.0;0.0;0.0;0.0;0.0;0.0;0.0;0.0;0.0;0.0;88.0989862099364;11.117058119765758;0.0;0.0;0.0;0.0;0.0;0.0;0.0;0.0;0.0;neos-933966;9;1610;0.05069;1567;0.056;RED_SPLIT;24451;-7.313354068978879;7.313354068978879;17.834087260012335;17.834087260012335;0.4100772841555459;-1035.0566309715803;1035.0566309715803;<;-362.01414862178694;1
31762.0;12047.0;2.636507014194405;0.0;0.0;0.0;0.0;12047.0;180618.0;180618.0;0.04720350823326686;27982.0;0.0;27982.0;3780.0;88.0989862099364;88.0989862099364;3780.0;11.9010137900636;0.0;0.0;0.0;0.0;5075.0;42.1266705403835;0.0;0.0;0.0;0.0;0.0;0.0;0.0;0.0;0.0;0.0;55.0;0.4565451979745995;0.0;0.0;0.0;0.0;0.0;0.0;0.0;0.0;0.0;0.0;3243.0;26.919565036938657;0.0;0.0;0.0;0.0;0.0;0.0;0.0;0.0;137527.0;76.14246642084399;137527.0;76.14246642084399;0.0;0.0;0.0;0.0;0.0;0.0;0.0;0.0;760.0;0.4207775526248768;0.0;0.0;0.0;0.0;0.0;0.0;0.0;0.0;0.0;0.0;34983.0;19.368501478257983;0.0;0.0;0.0;0.0;0.0;0.0;-1.0;1.0;0.9249022799499497;0.38020490862610556;1.0;0.0;3.7548860025025195;2.0;6782.0;3.7548860025025195;-1.0;1000.0;20.69951514388263;139.31092283530572;1000.0;0.0;5.783640828663182;3.0;1837.0;5.783640828663182;0.0;14.0;1.2471154644309788;1.1923547047933125;14.0;0.0;0.0;13.0;0.0;0.0;2.0;120.0;14.99277828505022;19.602610459409274;0.0;11.0;0.0;6.046042095752652;4385.0;5334.0;8414.0;11035.0;11627.0;12047.0;12047.0;12047.0;12047.0;36.39910351124762;44.27658338175479;69.84311446833237;91.59956835726737;96.51365485183034;100.0;100.0;100.0;100.0;7690.0;6805.0;3633.0;1012.0;420.0;0.0;0.0;0.0;0.0;0.0;0.0;63.83331949863037;56.48709222212999;30.156885531667637;8.40043164273263;3.4863451481696686;0.0;0.0;0.0;0.0;0.0;0.0;3780.0;31034.0;31762.0;31762.0;31762.0;31762.0;31762.0;31762.0;31762.0;11.9010137900636;97.70795289969145;100.0;100.0;100.0;100.0;100.0;100.0;100.0;27982.0;3531.0;0.0;0.0;0.0;0.0;0.0;0.0;0.0;0.0;0.0;88.0989862099364;11.117058119765758;0.0;0.0;0.0;0.0;0.0;0.0;0.0;0.0;0.0;neos-933966;9;1610;0.05069;1567;0.056;RED_SPLIT;24745;-2.29641584155215;2.29641584155215;5.297733894658047;5.297733894658047;0.4334713459027705;-335.94652086654406;335.94652086654406;<;-121.31667034287727;1
31762.0;12047.0;2.636507014194405;0.0;0.0;0.0;0.0;12047.0;180618.0;180618.0;0.04720350823326686;27982.0;0.0;27982.0;3780.0;88.0989862099364;88.0989862099364;3780.0;11.9010137900636;0.0;0.0;0.0;0.0;5075.0;42.1266705403835;0.0;0.0;0.0;0.0;0.0;0.0;0.0;0.0;0.0;0.0;55.0;0.4565451979745995;0.0;0.0;0.0;0.0;0.0;0.0;0.0;0.0;0.0;0.0;3243.0;26.919565036938657;0.0;0.0;0.0;0.0;0.0;0.0;0.0;0.0;137527.0;76.14246642084399;137527.0;76.14246642084399;0.0;0.0;0.0;0.0;0.0;0.0;0.0;0.0;760.0;0.4207775526248768;0.0;0.0;0.0;0.0;0.0;0.0;0.0;0.0;0.0;0.0;34983.0;19.368501478257983;0.0;0.0;0.0;0.0;0.0;0.0;-1.0;1.0;0.9249022799499497;0.38020490862610556;1.0;0.0;3.7548860025025195;2.0;6782.0;3.7548860025025195;-1.0;1000.0;20.69951514388263;139.31092283530572;1000.0;0.0;5.783640828663182;3.0;1837.0;5.783640828663182;0.0;14.0;1.2471154644309788;1.1923547047933125;14.0;0.0;0.0;13.0;0.0;0.0;2.0;120.0;14.99277828505022;19.602610459409274;0.0;11.0;0.0;6.046042095752652;4385.0;5334.0;8414.0;11035.0;11627.0;12047.0;12047.0;12047.0;12047.0;36.39910351124762;44.27658338175479;69.84311446833237;91.59956835726737;96.51365485183034;100.0;100.0;100.0;100.0;7690.0;6805.0;3633.0;1012.0;420.0;0.0;0.0;0.0;0.0;0.0;0.0;63.83331949863037;56.48709222212999;30.156885531667637;8.40043164273263;3.4863451481696686;0.0;0.0;0.0;0.0;0.0;0.0;3780.0;31034.0;31762.0;31762.0;31762.0;31762.0;31762.0;31762.0;31762.0;11.9010137900636;97.70795289969145;100.0;100.0;100.0;100.0;100.0;100.0;100.0;27982.0;3531.0;0.0;0.0;0.0;0.0;0.0;0.0;0.0;0.0;0.0;88.0989862099364;11.117058119765758;0.0;0.0;0.0;0.0;0.0;0.0;0.0;0.0;0.0;neos-933966;9;1610;0.05069;1567;0.056;RED_SPLIT;24937;-5.554563330437101;5.554563330437101;12.767571434649941;12.767571434649941;0.43505245761637634;-883.094618283747;883.094618283747;<;-290.1964181531149;1
31762.0;12047.0;2.636507014194405;0.0;0.0;0.0;0.0;12047.0;180618.0;180618.0;0.04720350823326686;27982.0;0.0;27982.0;3780.0;88.0989862099364;88.0989862099364;3780.0;11.9010137900636;0.0;0.0;0.0;0.0;5075.0;42.1266705403835;0.0;0.0;0.0;0.0;0.0;0.0;0.0;0.0;0.0;0.0;55.0;0.4565451979745995;0.0;0.0;0.0;0.0;0.0;0.0;0.0;0.0;0.0;0.0;3243.0;26.919565036938657;0.0;0.0;0.0;0.0;0.0;0.0;0.0;0.0;137527.0;76.14246642084399;137527.0;76.14246642084399;0.0;0.0;0.0;0.0;0.0;0.0;0.0;0.0;760.0;0.4207775526248768;0.0;0.0;0.0;0.0;0.0;0.0;0.0;0.0;0.0;0.0;34983.0;19.368501478257983;0.0;0.0;0.0;0.0;0.0;0.0;-1.0;1.0;0.9249022799499497;0.38020490862610556;1.0;0.0;3.7548860025025195;2.0;6782.0;3.7548860025025195;-1.0;1000.0;20.69951514388263;139.31092283530572;1000.0;0.0;5.783640828663182;3.0;1837.0;5.783640828663182;0.0;14.0;1.2471154644309788;1.1923547047933125;14.0;0.0;0.0;13.0;0.0;0.0;2.0;120.0;14.99277828505022;19.602610459409274;0.0;11.0;0.0;6.046042095752652;4385.0;5334.0;8414.0;11035.0;11627.0;12047.0;12047.0;12047.0;12047.0;36.39910351124762;44.27658338175479;69.84311446833237;91.59956835726737;96.51365485183034;100.0;100.0;100.0;100.0;7690.0;6805.0;3633.0;1012.0;420.0;0.0;0.0;0.0;0.0;0.0;0.0;63.83331949863037;56.48709222212999;30.156885531667637;8.40043164273263;3.4863451481696686;0.0;0.0;0.0;0.0;0.0;0.0;3780.0;31034.0;31762.0;31762.0;31762.0;31762.0;31762.0;31762.0;31762.0;11.9010137900636;97.70795289969145;100.0;100.0;100.0;100.0;100.0;100.0;100.0;27982.0;3531.0;0.0;0.0;0.0;0.0;0.0;0.0;0.0;0.0;0.0;88.0989862099364;11.117058119765758;0.0;0.0;0.0;0.0;0.0;0.0;0.0;0.0;0.0;neos-933966;9;1610;0.05069;1567;0.056;RED_SPLIT;24689;-6.842374268525588;6.842374268525588;10.651209366349047;10.651209366349047;0.6424035086703936;-720.9605864907857;720.9605864907857;<;-258.6314394819075;1
31762.0;12047.0;2.636507014194405;0.0;0.0;0.0;0.0;12047.0;180618.0;180618.0;0.04720350823326686;27982.0;0.0;27982.0;3780.0;88.0989862099364;88.0989862099364;3780.0;11.9010137900636;0.0;0.0;0.0;0.0;5075.0;42.1266705403835;0.0;0.0;0.0;0.0;0.0;0.0;0.0;0.0;0.0;0.0;55.0;0.4565451979745995;0.0;0.0;0.0;0.0;0.0;0.0;0.0;0.0;0.0;0.0;3243.0;26.919565036938657;0.0;0.0;0.0;0.0;0.0;0.0;0.0;0.0;137527.0;76.14246642084399;137527.0;76.14246642084399;0.0;0.0;0.0;0.0;0.0;0.0;0.0;0.0;760.0;0.4207775526248768;0.0;0.0;0.0;0.0;0.0;0.0;0.0;0.0;0.0;0.0;34983.0;19.368501478257983;0.0;0.0;0.0;0.0;0.0;0.0;-1.0;1.0;0.9249022799499497;0.38020490862610556;1.0;0.0;3.7548860025025195;2.0;6782.0;3.7548860025025195;-1.0;1000.0;20.69951514388263;139.31092283530572;1000.0;0.0;5.783640828663182;3.0;1837.0;5.783640828663182;0.0;14.0;1.2471154644309788;1.1923547047933125;14.0;0.0;0.0;13.0;0.0;0.0;2.0;120.0;14.99277828505022;19.602610459409274;0.0;11.0;0.0;6.046042095752652;4385.0;5334.0;8414.0;11035.0;11627.0;12047.0;12047.0;12047.0;12047.0;36.39910351124762;44.27658338175479;69.84311446833237;91.59956835726737;96.51365485183034;100.0;100.0;100.0;100.0;7690.0;6805.0;3633.0;1012.0;420.0;0.0;0.0;0.0;0.0;0.0;0.0;63.83331949863037;56.48709222212999;30.156885531667637;8.40043164273263;3.4863451481696686;0.0;0.0;0.0;0.0;0.0;0.0;3780.0;31034.0;31762.0;31762.0;31762.0;31762.0;31762.0;31762.0;31762.0;11.9010137900636;97.70795289969145;100.0;100.0;100.0;100.0;100.0;100.0;100.0;27982.0;3531.0;0.0;0.0;0.0;0.0;0.0;0.0;0.0;0.0;0.0;88.0989862099364;11.117058119765758;0.0;0.0;0.0;0.0;0.0;0.0;0.0;0.0;0.0;neos-933966;9;1610;0.05069;1567;0.056;RED_SPLIT;24422;-3.1036441700007584;3.1036441700007584;7.242316573637673;7.242316573637673;0.4285430136122673;-441.1485404544218;441.1485404544218;<;-167.26724970640083;1
31762.0;12047.0;2.636507014194405;0.0;0.0;0.0;0.0;12047.0;180618.0;180618.0;0.04720350823326686;27982.0;0.0;27982.0;3780.0;88.0989862099364;88.0989862099364;3780.0;11.9010137900636;0.0;0.0;0.0;0.0;5075.0;42.1266705403835;0.0;0.0;0.0;0.0;0.0;0.0;0.0;0.0;0.0;0.0;55.0;0.4565451979745995;0.0;0.0;0.0;0.0;0.0;0.0;0.0;0.0;0.0;0.0;3243.0;26.919565036938657;0.0;0.0;0.0;0.0;0.0;0.0;0.0;0.0;137527.0;76.14246642084399;137527.0;76.14246642084399;0.0;0.0;0.0;0.0;0.0;0.0;0.0;0.0;760.0;0.4207775526248768;0.0;0.0;0.0;0.0;0.0;0.0;0.0;0.0;0.0;0.0;34983.0;19.368501478257983;0.0;0.0;0.0;0.0;0.0;0.0;-1.0;1.0;0.9249022799499497;0.38020490862610556;1.0;0.0;3.7548860025025195;2.0;6782.0;3.7548860025025195;-1.0;1000.0;20.69951514388263;139.31092283530572;1000.0;0.0;5.783640828663182;3.0;1837.0;5.783640828663182;0.0;14.0;1.2471154644309788;1.1923547047933125;14.0;0.0;0.0;13.0;0.0;0.0;2.0;120.0;14.99277828505022;19.602610459409274;0.0;11.0;0.0;6.046042095752652;4385.0;5334.0;8414.0;11035.0;11627.0;12047.0;12047.0;12047.0;12047.0;36.39910351124762;44.27658338175479;69.84311446833237;91.59956835726737;96.51365485183034;100.0;100.0;100.0;100.0;7690.0;6805.0;3633.0;1012.0;420.0;0.0;0.0;0.0;0.0;0.0;0.0;63.83331949863037;56.48709222212999;30.156885531667637;8.40043164273263;3.4863451481696686;0.0;0.0;0.0;0.0;0.0;0.0;3780.0;31034.0;31762.0;31762.0;31762.0;31762.0;31762.0;31762.0;31762.0;11.9010137900636;97.70795289969145;100.0;100.0;100.0;100.0;100.0;100.0;100.0;27982.0;3531.0;0.0;0.0;0.0;0.0;0.0;0.0;0.0;0.0;0.0;88.0989862099364;11.117058119765758;0.0;0.0;0.0;0.0;0.0;0.0;0.0;0.0;0.0;neos-933966;9;1610;0.05069;1567;0.056;RED_SPLIT;24149;-19.02161858835004;19.02161858835004;44.511321090336004;44.511321090336004;0.4273433841638973;-2185.6088193319224;2185.6088193319224;<;-808.3917857924264;1
31762.0;12047.0;2.636507014194405;0.0;0.0;0.0;0.0;12047.0;180618.0;180618.0;0.04720350823326686;27982.0;0.0;27982.0;3780.0;88.0989862099364;88.0989862099364;3780.0;11.9010137900636;0.0;0.0;0.0;0.0;5075.0;42.1266705403835;0.0;0.0;0.0;0.0;0.0;0.0;0.0;0.0;0.0;0.0;55.0;0.4565451979745995;0.0;0.0;0.0;0.0;0.0;0.0;0.0;0.0;0.0;0.0;3243.0;26.919565036938657;0.0;0.0;0.0;0.0;0.0;0.0;0.0;0.0;137527.0;76.14246642084399;137527.0;76.14246642084399;0.0;0.0;0.0;0.0;0.0;0.0;0.0;0.0;760.0;0.4207775526248768;0.0;0.0;0.0;0.0;0.0;0.0;0.0;0.0;0.0;0.0;34983.0;19.368501478257983;0.0;0.0;0.0;0.0;0.0;0.0;-1.0;1.0;0.9249022799499497;0.38020490862610556;1.0;0.0;3.7548860025025195;2.0;6782.0;3.7548860025025195;-1.0;1000.0;20.69951514388263;139.31092283530572;1000.0;0.0;5.783640828663182;3.0;1837.0;5.783640828663182;0.0;14.0;1.2471154644309788;1.1923547047933125;14.0;0.0;0.0;13.0;0.0;0.0;2.0;120.0;14.99277828505022;19.602610459409274;0.0;11.0;0.0;6.046042095752652;4385.0;5334.0;8414.0;11035.0;11627.0;12047.0;12047.0;12047.0;12047.0;36.39910351124762;44.27658338175479;69.84311446833237;91.59956835726737;96.51365485183034;100.0;100.0;100.0;100.0;7690.0;6805.0;3633.0;1012.0;420.0;0.0;0.0;0.0;0.0;0.0;0.0;63.83331949863037;56.48709222212999;30.156885531667637;8.40043164273263;3.4863451481696686;0.0;0.0;0.0;0.0;0.0;0.0;3780.0;31034.0;31762.0;31762.0;31762.0;31762.0;31762.0;31762.0;31762.0;11.9010137900636;97.70795289969145;100.0;100.0;100.0;100.0;100.0;100.0;100.0;27982.0;3531.0;0.0;0.0;0.0;0.0;0.0;0.0;0.0;0.0;0.0;88.0989862099364;11.117058119765758;0.0;0.0;0.0;0.0;0.0;0.0;0.0;0.0;0.0;neos-933966;9;1610;0.05069;1567;0.056;RED_SPLIT;24499;-2.006325516530077;2.006325516530077;5.35788044494804;5.35788044494804;0.37446253927182094;-309.5602445741015;309.5602445741015;<;-109.53345170976132;1
31762.0;12047.0;2.636507014194405;0.0;0.0;0.0;0.0;12047.0;180618.0;180618.0;0.04720350823326686;27982.0;0.0;27982.0;3780.0;88.0989862099364;88.0989862099364;3780.0;11.9010137900636;0.0;0.0;0.0;0.0;5075.0;42.1266705403835;0.0;0.0;0.0;0.0;0.0;0.0;0.0;0.0;0.0;0.0;55.0;0.4565451979745995;0.0;0.0;0.0;0.0;0.0;0.0;0.0;0.0;0.0;0.0;3243.0;26.919565036938657;0.0;0.0;0.0;0.0;0.0;0.0;0.0;0.0;137527.0;76.14246642084399;137527.0;76.14246642084399;0.0;0.0;0.0;0.0;0.0;0.0;0.0;0.0;760.0;0.4207775526248768;0.0;0.0;0.0;0.0;0.0;0.0;0.0;0.0;0.0;0.0;34983.0;19.368501478257983;0.0;0.0;0.0;0.0;0.0;0.0;-1.0;1.0;0.9249022799499497;0.38020490862610556;1.0;0.0;3.7548860025025195;2.0;6782.0;3.7548860025025195;-1.0;1000.0;20.69951514388263;139.31092283530572;1000.0;0.0;5.783640828663182;3.0;1837.0;5.783640828663182;0.0;14.0;1.2471154644309788;1.1923547047933125;14.0;0.0;0.0;13.0;0.0;0.0;2.0;120.0;14.99277828505022;19.602610459409274;0.0;11.0;0.0;6.046042095752652;4385.0;5334.0;8414.0;11035.0;11627.0;12047.0;12047.0;12047.0;12047.0;36.39910351124762;44.27658338175479;69.84311446833237;91.59956835726737;96.51365485183034;100.0;100.0;100.0;100.0;7690.0;6805.0;3633.0;1012.0;420.0;0.0;0.0;0.0;0.0;0.0;0.0;63.83331949863037;56.48709222212999;30.156885531667637;8.40043164273263;3.4863451481696686;0.0;0.0;0.0;0.0;0.0;0.0;3780.0;31034.0;31762.0;31762.0;31762.0;31762.0;31762.0;31762.0;31762.0;11.9010137900636;97.70795289969145;100.0;100.0;100.0;100.0;100.0;100.0;100.0;27982.0;3531.0;0.0;0.0;0.0;0.0;0.0;0.0;0.0;0.0;0.0;88.0989862099364;11.117058119765758;0.0;0.0;0.0;0.0;0.0;0.0;0.0;0.0;0.0;neos-933966;9;1610;0.05069;1567;0.056;RED_SPLIT;25104;-5.546002263425086;5.546002263425086;13.373366391780548;13.373366391780548;0.4147050264646704;-823.7027194954054;823.7027194954054;<;-293.80953497622727;1
31762.0;12047.0;2.636507014194405;0.0;0.0;0.0;0.0;12047.0;180618.0;180618.0;0.04720350823326686;27982.0;0.0;27982.0;3780.0;88.0989862099364;88.0989862099364;3780.0;11.9010137900636;0.0;0.0;0.0;0.0;5075.0;42.1266705403835;0.0;0.0;0.0;0.0;0.0;0.0;0.0;0.0;0.0;0.0;55.0;0.4565451979745995;0.0;0.0;0.0;0.0;0.0;0.0;0.0;0.0;0.0;0.0;3243.0;26.919565036938657;0.0;0.0;0.0;0.0;0.0;0.0;0.0;0.0;137527.0;76.14246642084399;137527.0;76.14246642084399;0.0;0.0;0.0;0.0;0.0;0.0;0.0;0.0;760.0;0.4207775526248768;0.0;0.0;0.0;0.0;0.0;0.0;0.0;0.0;0.0;0.0;34983.0;19.368501478257983;0.0;0.0;0.0;0.0;0.0;0.0;-1.0;1.0;0.9249022799499497;0.38020490862610556;1.0;0.0;3.7548860025025195;2.0;6782.0;3.7548860025025195;-1.0;1000.0;20.69951514388263;139.31092283530572;1000.0;0.0;5.783640828663182;3.0;1837.0;5.783640828663182;0.0;14.0;1.2471154644309788;1.1923547047933125;14.0;0.0;0.0;13.0;0.0;0.0;2.0;120.0;14.99277828505022;19.602610459409274;0.0;11.0;0.0;6.046042095752652;4385.0;5334.0;8414.0;11035.0;11627.0;12047.0;12047.0;12047.0;12047.0;36.39910351124762;44.27658338175479;69.84311446833237;91.59956835726737;96.51365485183034;100.0;100.0;100.0;100.0;7690.0;6805.0;3633.0;1012.0;420.0;0.0;0.0;0.0;0.0;0.0;0.0;63.83331949863037;56.48709222212999;30.156885531667637;8.40043164273263;3.4863451481696686;0.0;0.0;0.0;0.0;0.0;0.0;3780.0;31034.0;31762.0;31762.0;31762.0;31762.0;31762.0;31762.0;31762.0;11.9010137900636;97.70795289969145;100.0;100.0;100.0;100.0;100.0;100.0;100.0;27982.0;3531.0;0.0;0.0;0.0;0.0;0.0;0.0;0.0;0.0;0.0;88.0989862099364;11.117058119765758;0.0;0.0;0.0;0.0;0.0;0.0;0.0;0.0;0.0;neos-933966;9;1610;0.05069;1567;0.056;RED_SPLIT;24501;-2.0963983860346853;2.0963983860346853;5.1985225015787995;5.1985225015787995;0.40326811808509166;-333.7183372885573;333.7183372885573;<;-117.71840399001823;1
31762.0;12047.0;2.636507014194405;0.0;0.0;0.0;0.0;12047.0;180618.0;180618.0;0.04720350823326686;27982.0;0.0;27982.0;3780.0;88.0989862099364;88.0989862099364;3780.0;11.9010137900636;0.0;0.0;0.0;0.0;5075.0;42.1266705403835;0.0;0.0;0.0;0.0;0.0;0.0;0.0;0.0;0.0;0.0;55.0;0.4565451979745995;0.0;0.0;0.0;0.0;0.0;0.0;0.0;0.0;0.0;0.0;3243.0;26.919565036938657;0.0;0.0;0.0;0.0;0.0;0.0;0.0;0.0;137527.0;76.14246642084399;137527.0;76.14246642084399;0.0;0.0;0.0;0.0;0.0;0.0;0.0;0.0;760.0;0.4207775526248768;0.0;0.0;0.0;0.0;0.0;0.0;0.0;0.0;0.0;0.0;34983.0;19.368501478257983;0.0;0.0;0.0;0.0;0.0;0.0;-1.0;1.0;0.9249022799499497;0.38020490862610556;1.0;0.0;3.7548860025025195;2.0;6782.0;3.7548860025025195;-1.0;1000.0;20.69951514388263;139.31092283530572;1000.0;0.0;5.783640828663182;3.0;1837.0;5.783640828663182;0.0;14.0;1.2471154644309788;1.1923547047933125;14.0;0.0;0.0;13.0;0.0;0.0;2.0;120.0;14.99277828505022;19.602610459409274;0.0;11.0;0.0;6.046042095752652;4385.0;5334.0;8414.0;11035.0;11627.0;12047.0;12047.0;12047.0;12047.0;36.39910351124762;44.27658338175479;69.84311446833237;91.59956835726737;96.51365485183034;100.0;100.0;100.0;100.0;7690.0;6805.0;3633.0;1012.0;420.0;0.0;0.0;0.0;0.0;0.0;0.0;63.83331949863037;56.48709222212999;30.156885531667637;8.40043164273263;3.4863451481696686;0.0;0.0;0.0;0.0;0.0;0.0;3780.0;31034.0;31762.0;31762.0;31762.0;31762.0;31762.0;31762.0;31762.0;11.9010137900636;97.70795289969145;100.0;100.0;100.0;100.0;100.0;100.0;100.0;27982.0;3531.0;0.0;0.0;0.0;0.0;0.0;0.0;0.0;0.0;0.0;88.0989862099364;11.117058119765758;0.0;0.0;0.0;0.0;0.0;0.0;0.0;0.0;0.0;neos-933966;9;1610;0.05069;1567;0.056;RED_SPLIT;24412;-2.868902679058798;2.868902679058798;7.410194747368972;7.410194747368972;0.38715617832816296;-496.30550955935763;496.30550955935763;<;-176.99135067853763;1
31762.0;12047.0;2.636507014194405;0.0;0.0;0.0;0.0;12047.0;180618.0;180618.0;0.04720350823326686;27982.0;0.0;27982.0;3780.0;88.0989862099364;88.0989862099364;3780.0;11.9010137900636;0.0;0.0;0.0;0.0;5075.0;42.1266705403835;0.0;0.0;0.0;0.0;0.0;0.0;0.0;0.0;0.0;0.0;55.0;0.4565451979745995;0.0;0.0;0.0;0.0;0.0;0.0;0.0;0.0;0.0;0.0;3243.0;26.919565036938657;0.0;0.0;0.0;0.0;0.0;0.0;0.0;0.0;137527.0;76.14246642084399;137527.0;76.14246642084399;0.0;0.0;0.0;0.0;0.0;0.0;0.0;0.0;760.0;0.4207775526248768;0.0;0.0;0.0;0.0;0.0;0.0;0.0;0.0;0.0;0.0;34983.0;19.368501478257983;0.0;0.0;0.0;0.0;0.0;0.0;-1.0;1.0;0.9249022799499497;0.38020490862610556;1.0;0.0;3.7548860025025195;2.0;6782.0;3.7548860025025195;-1.0;1000.0;20.69951514388263;139.31092283530572;1000.0;0.0;5.783640828663182;3.0;1837.0;5.783640828663182;0.0;14.0;1.2471154644309788;1.1923547047933125;14.0;0.0;0.0;13.0;0.0;0.0;2.0;120.0;14.99277828505022;19.602610459409274;0.0;11.0;0.0;6.046042095752652;4385.0;5334.0;8414.0;11035.0;11627.0;12047.0;12047.0;12047.0;12047.0;36.39910351124762;44.27658338175479;69.84311446833237;91.59956835726737;96.51365485183034;100.0;100.0;100.0;100.0;7690.0;6805.0;3633.0;1012.0;420.0;0.0;0.0;0.0;0.0;0.0;0.0;63.83331949863037;56.48709222212999;30.156885531667637;8.40043164273263;3.4863451481696686;0.0;0.0;0.0;0.0;0.0;0.0;3780.0;31034.0;31762.0;31762.0;31762.0;31762.0;31762.0;31762.0;31762.0;11.9010137900636;97.70795289969145;100.0;100.0;100.0;100.0;100.0;100.0;100.0;27982.0;3531.0;0.0;0.0;0.0;0.0;0.0;0.0;0.0;0.0;0.0;88.0989862099364;11.117058119765758;0.0;0.0;0.0;0.0;0.0;0.0;0.0;0.0;0.0;neos-933966;9;1610;0.05069;1567;0.056;RED_SPLIT;24164;-2.958428265385415;2.958428265385415;7.99786995761864;7.99786995761864;0.36990202154603236;-477.8948367720618;477.8948367720618;<;-165.44641320472584;1
31762.0;12047.0;2.636507014194405;0.0;0.0;0.0;0.0;12047.0;180618.0;180618.0;0.04720350823326686;27982.0;0.0;27982.0;3780.0;88.0989862099364;88.0989862099364;3780.0;11.9010137900636;0.0;0.0;0.0;0.0;5075.0;42.1266705403835;0.0;0.0;0.0;0.0;0.0;0.0;0.0;0.0;0.0;0.0;55.0;0.4565451979745995;0.0;0.0;0.0;0.0;0.0;0.0;0.0;0.0;0.0;0.0;3243.0;26.919565036938657;0.0;0.0;0.0;0.0;0.0;0.0;0.0;0.0;137527.0;76.14246642084399;137527.0;76.14246642084399;0.0;0.0;0.0;0.0;0.0;0.0;0.0;0.0;760.0;0.4207775526248768;0.0;0.0;0.0;0.0;0.0;0.0;0.0;0.0;0.0;0.0;34983.0;19.368501478257983;0.0;0.0;0.0;0.0;0.0;0.0;-1.0;1.0;0.9249022799499497;0.38020490862610556;1.0;0.0;3.7548860025025195;2.0;6782.0;3.7548860025025195;-1.0;1000.0;20.69951514388263;139.31092283530572;1000.0;0.0;5.783640828663182;3.0;1837.0;5.783640828663182;0.0;14.0;1.2471154644309788;1.1923547047933125;14.0;0.0;0.0;13.0;0.0;0.0;2.0;120.0;14.99277828505022;19.602610459409274;0.0;11.0;0.0;6.046042095752652;4385.0;5334.0;8414.0;11035.0;11627.0;12047.0;12047.0;12047.0;12047.0;36.39910351124762;44.27658338175479;69.84311446833237;91.59956835726737;96.51365485183034;100.0;100.0;100.0;100.0;7690.0;6805.0;3633.0;1012.0;420.0;0.0;0.0;0.0;0.0;0.0;0.0;63.83331949863037;56.48709222212999;30.156885531667637;8.40043164273263;3.4863451481696686;0.0;0.0;0.0;0.0;0.0;0.0;3780.0;31034.0;31762.0;31762.0;31762.0;31762.0;31762.0;31762.0;31762.0;11.9010137900636;97.70795289969145;100.0;100.0;100.0;100.0;100.0;100.0;100.0;27982.0;3531.0;0.0;0.0;0.0;0.0;0.0;0.0;0.0;0.0;0.0;88.0989862099364;11.117058119765758;0.0;0.0;0.0;0.0;0.0;0.0;0.0;0.0;0.0;neos-933966;9;1610;0.05069;1567;0.056;RED_SPLIT;24318;-3.244979982612206;3.244979982612206;10.028269521057712;10.028269521057712;0.32358324392840493;-529.4012544939544;529.4012544939544;<;-199.05996097303802;1
31762.0;12047.0;2.636507014194405;0.0;0.0;0.0;0.0;12047.0;180618.0;180618.0;0.04720350823326686;27982.0;0.0;27982.0;3780.0;88.0989862099364;88.0989862099364;3780.0;11.9010137900636;0.0;0.0;0.0;0.0;5075.0;42.1266705403835;0.0;0.0;0.0;0.0;0.0;0.0;0.0;0.0;0.0;0.0;55.0;0.4565451979745995;0.0;0.0;0.0;0.0;0.0;0.0;0.0;0.0;0.0;0.0;3243.0;26.919565036938657;0.0;0.0;0.0;0.0;0.0;0.0;0.0;0.0;137527.0;76.14246642084399;137527.0;76.14246642084399;0.0;0.0;0.0;0.0;0.0;0.0;0.0;0.0;760.0;0.4207775526248768;0.0;0.0;0.0;0.0;0.0;0.0;0.0;0.0;0.0;0.0;34983.0;19.368501478257983;0.0;0.0;0.0;0.0;0.0;0.0;-1.0;1.0;0.9249022799499497;0.38020490862610556;1.0;0.0;3.7548860025025195;2.0;6782.0;3.7548860025025195;-1.0;1000.0;20.69951514388263;139.31092283530572;1000.0;0.0;5.783640828663182;3.0;1837.0;5.783640828663182;0.0;14.0;1.2471154644309788;1.1923547047933125;14.0;0.0;0.0;13.0;0.0;0.0;2.0;120.0;14.99277828505022;19.602610459409274;0.0;11.0;0.0;6.046042095752652;4385.0;5334.0;8414.0;11035.0;11627.0;12047.0;12047.0;12047.0;12047.0;36.39910351124762;44.27658338175479;69.84311446833237;91.59956835726737;96.51365485183034;100.0;100.0;100.0;100.0;7690.0;6805.0;3633.0;1012.0;420.0;0.0;0.0;0.0;0.0;0.0;0.0;63.83331949863037;56.48709222212999;30.156885531667637;8.40043164273263;3.4863451481696686;0.0;0.0;0.0;0.0;0.0;0.0;3780.0;31034.0;31762.0;31762.0;31762.0;31762.0;31762.0;31762.0;31762.0;11.9010137900636;97.70795289969145;100.0;100.0;100.0;100.0;100.0;100.0;100.0;27982.0;3531.0;0.0;0.0;0.0;0.0;0.0;0.0;0.0;0.0;0.0;88.0989862099364;11.117058119765758;0.0;0.0;0.0;0.0;0.0;0.0;0.0;0.0;0.0;neos-933966;9;1610;0.05069;1567;0.056;RED_SPLIT;24248;-3.9931736605788073;3.9931736605788073;7.4896213434693;7.4896213434693;0.5331609539994597;-410.94235573398635;410.94235573398635;<;-150.7271413309357;1
31762.0;12047.0;2.636507014194405;0.0;0.0;0.0;0.0;12047.0;180618.0;180618.0;0.04720350823326686;27982.0;0.0;27982.0;3780.0;88.0989862099364;88.0989862099364;3780.0;11.9010137900636;0.0;0.0;0.0;0.0;5075.0;42.1266705403835;0.0;0.0;0.0;0.0;0.0;0.0;0.0;0.0;0.0;0.0;55.0;0.4565451979745995;0.0;0.0;0.0;0.0;0.0;0.0;0.0;0.0;0.0;0.0;3243.0;26.919565036938657;0.0;0.0;0.0;0.0;0.0;0.0;0.0;0.0;137527.0;76.14246642084399;137527.0;76.14246642084399;0.0;0.0;0.0;0.0;0.0;0.0;0.0;0.0;760.0;0.4207775526248768;0.0;0.0;0.0;0.0;0.0;0.0;0.0;0.0;0.0;0.0;34983.0;19.368501478257983;0.0;0.0;0.0;0.0;0.0;0.0;-1.0;1.0;0.9249022799499497;0.38020490862610556;1.0;0.0;3.7548860025025195;2.0;6782.0;3.7548860025025195;-1.0;1000.0;20.69951514388263;139.31092283530572;1000.0;0.0;5.783640828663182;3.0;1837.0;5.783640828663182;0.0;14.0;1.2471154644309788;1.1923547047933125;14.0;0.0;0.0;13.0;0.0;0.0;2.0;120.0;14.99277828505022;19.602610459409274;0.0;11.0;0.0;6.046042095752652;4385.0;5334.0;8414.0;11035.0;11627.0;12047.0;12047.0;12047.0;12047.0;36.39910351124762;44.27658338175479;69.84311446833237;91.59956835726737;96.51365485183034;100.0;100.0;100.0;100.0;7690.0;6805.0;3633.0;1012.0;420.0;0.0;0.0;0.0;0.0;0.0;0.0;63.83331949863037;56.48709222212999;30.156885531667637;8.40043164273263;3.4863451481696686;0.0;0.0;0.0;0.0;0.0;0.0;3780.0;31034.0;31762.0;31762.0;31762.0;31762.0;31762.0;31762.0;31762.0;11.9010137900636;97.70795289969145;100.0;100.0;100.0;100.0;100.0;100.0;100.0;27982.0;3531.0;0.0;0.0;0.0;0.0;0.0;0.0;0.0;0.0;0.0;88.0989862099364;11.117058119765758;0.0;0.0;0.0;0.0;0.0;0.0;0.0;0.0;0.0;neos-933966;9;1610;0.05069;1567;0.056;RED_SPLIT;24520;-6.845701719198324;6.845701719198324;14.7205477446579;14.7205477446579;0.46504395338703586;-898.0870546373709;898.0870546373709;<;-307.4466443173957;1
31762.0;12047.0;2.636507014194405;0.0;0.0;0.0;0.0;12047.0;180618.0;180618.0;0.04720350823326686;27982.0;0.0;27982.0;3780.0;88.0989862099364;88.0989862099364;3780.0;11.9010137900636;0.0;0.0;0.0;0.0;5075.0;42.1266705403835;0.0;0.0;0.0;0.0;0.0;0.0;0.0;0.0;0.0;0.0;55.0;0.4565451979745995;0.0;0.0;0.0;0.0;0.0;0.0;0.0;0.0;0.0;0.0;3243.0;26.919565036938657;0.0;0.0;0.0;0.0;0.0;0.0;0.0;0.0;137527.0;76.14246642084399;137527.0;76.14246642084399;0.0;0.0;0.0;0.0;0.0;0.0;0.0;0.0;760.0;0.4207775526248768;0.0;0.0;0.0;0.0;0.0;0.0;0.0;0.0;0.0;0.0;34983.0;19.368501478257983;0.0;0.0;0.0;0.0;0.0;0.0;-1.0;1.0;0.9249022799499497;0.38020490862610556;1.0;0.0;3.7548860025025195;2.0;6782.0;3.7548860025025195;-1.0;1000.0;20.69951514388263;139.31092283530572;1000.0;0.0;5.783640828663182;3.0;1837.0;5.783640828663182;0.0;14.0;1.2471154644309788;1.1923547047933125;14.0;0.0;0.0;13.0;0.0;0.0;2.0;120.0;14.99277828505022;19.602610459409274;0.0;11.0;0.0;6.046042095752652;4385.0;5334.0;8414.0;11035.0;11627.0;12047.0;12047.0;12047.0;12047.0;36.39910351124762;44.27658338175479;69.84311446833237;91.59956835726737;96.51365485183034;100.0;100.0;100.0;100.0;7690.0;6805.0;3633.0;1012.0;420.0;0.0;0.0;0.0;0.0;0.0;0.0;63.83331949863037;56.48709222212999;30.156885531667637;8.40043164273263;3.4863451481696686;0.0;0.0;0.0;0.0;0.0;0.0;3780.0;31034.0;31762.0;31762.0;31762.0;31762.0;31762.0;31762.0;31762.0;11.9010137900636;97.70795289969145;100.0;100.0;100.0;100.0;100.0;100.0;100.0;27982.0;3531.0;0.0;0.0;0.0;0.0;0.0;0.0;0.0;0.0;0.0;88.0989862099364;11.117058119765758;0.0;0.0;0.0;0.0;0.0;0.0;0.0;0.0;0.0;neos-933966;9;1610;0.05069;1567;0.056;RED_SPLIT;23722;-4.070644507006854;4.070644507006854;13.653471117591817;13.653471117591817;0.2981398995133209;-620.3244452331148;620.3244452331148;<;-207.36806373219991;1
31762.0;12047.0;2.636507014194405;0.0;0.0;0.0;0.0;12047.0;180618.0;180618.0;0.04720350823326686;27982.0;0.0;27982.0;3780.0;88.0989862099364;88.0989862099364;3780.0;11.9010137900636;0.0;0.0;0.0;0.0;5075.0;42.1266705403835;0.0;0.0;0.0;0.0;0.0;0.0;0.0;0.0;0.0;0.0;55.0;0.4565451979745995;0.0;0.0;0.0;0.0;0.0;0.0;0.0;0.0;0.0;0.0;3243.0;26.919565036938657;0.0;0.0;0.0;0.0;0.0;0.0;0.0;0.0;137527.0;76.14246642084399;137527.0;76.14246642084399;0.0;0.0;0.0;0.0;0.0;0.0;0.0;0.0;760.0;0.4207775526248768;0.0;0.0;0.0;0.0;0.0;0.0;0.0;0.0;0.0;0.0;34983.0;19.368501478257983;0.0;0.0;0.0;0.0;0.0;0.0;-1.0;1.0;0.9249022799499497;0.38020490862610556;1.0;0.0;3.7548860025025195;2.0;6782.0;3.7548860025025195;-1.0;1000.0;20.69951514388263;139.31092283530572;1000.0;0.0;5.783640828663182;3.0;1837.0;5.783640828663182;0.0;14.0;1.2471154644309788;1.1923547047933125;14.0;0.0;0.0;13.0;0.0;0.0;2.0;120.0;14.99277828505022;19.602610459409274;0.0;11.0;0.0;6.046042095752652;4385.0;5334.0;8414.0;11035.0;11627.0;12047.0;12047.0;12047.0;12047.0;36.39910351124762;44.27658338175479;69.84311446833237;91.59956835726737;96.51365485183034;100.0;100.0;100.0;100.0;7690.0;6805.0;3633.0;1012.0;420.0;0.0;0.0;0.0;0.0;0.0;0.0;63.83331949863037;56.48709222212999;30.156885531667637;8.40043164273263;3.4863451481696686;0.0;0.0;0.0;0.0;0.0;0.0;3780.0;31034.0;31762.0;31762.0;31762.0;31762.0;31762.0;31762.0;31762.0;11.9010137900636;97.70795289969145;100.0;100.0;100.0;100.0;100.0;100.0;100.0;27982.0;3531.0;0.0;0.0;0.0;0.0;0.0;0.0;0.0;0.0;0.0;88.0989862099364;11.117058119765758;0.0;0.0;0.0;0.0;0.0;0.0;0.0;0.0;0.0;neos-933966;9;1610;0.05069;1567;0.056;RED_SPLIT;24395;-2.358242530060122;2.358242530060122;7.957256601897104;7.957256601897104;0.2963637655593373;-356.6020023959953;356.6020023959953;<;-119.42114323208025;1
31762.0;12047.0;2.636507014194405;0.0;0.0;0.0;0.0;12047.0;180618.0;180618.0;0.04720350823326686;27982.0;0.0;27982.0;3780.0;88.0989862099364;88.0989862099364;3780.0;11.9010137900636;0.0;0.0;0.0;0.0;5075.0;42.1266705403835;0.0;0.0;0.0;0.0;0.0;0.0;0.0;0.0;0.0;0.0;55.0;0.4565451979745995;0.0;0.0;0.0;0.0;0.0;0.0;0.0;0.0;0.0;0.0;3243.0;26.919565036938657;0.0;0.0;0.0;0.0;0.0;0.0;0.0;0.0;137527.0;76.14246642084399;137527.0;76.14246642084399;0.0;0.0;0.0;0.0;0.0;0.0;0.0;0.0;760.0;0.4207775526248768;0.0;0.0;0.0;0.0;0.0;0.0;0.0;0.0;0.0;0.0;34983.0;19.368501478257983;0.0;0.0;0.0;0.0;0.0;0.0;-1.0;1.0;0.9249022799499497;0.38020490862610556;1.0;0.0;3.7548860025025195;2.0;6782.0;3.7548860025025195;-1.0;1000.0;20.69951514388263;139.31092283530572;1000.0;0.0;5.783640828663182;3.0;1837.0;5.783640828663182;0.0;14.0;1.2471154644309788;1.1923547047933125;14.0;0.0;0.0;13.0;0.0;0.0;2.0;120.0;14.99277828505022;19.602610459409274;0.0;11.0;0.0;6.046042095752652;4385.0;5334.0;8414.0;11035.0;11627.0;12047.0;12047.0;12047.0;12047.0;36.39910351124762;44.27658338175479;69.84311446833237;91.59956835726737;96.51365485183034;100.0;100.0;100.0;100.0;7690.0;6805.0;3633.0;1012.0;420.0;0.0;0.0;0.0;0.0;0.0;0.0;63.83331949863037;56.48709222212999;30.156885531667637;8.40043164273263;3.4863451481696686;0.0;0.0;0.0;0.0;0.0;0.0;3780.0;31034.0;31762.0;31762.0;31762.0;31762.0;31762.0;31762.0;31762.0;11.9010137900636;97.70795289969145;100.0;100.0;100.0;100.0;100.0;100.0;100.0;27982.0;3531.0;0.0;0.0;0.0;0.0;0.0;0.0;0.0;0.0;0.0;88.0989862099364;11.117058119765758;0.0;0.0;0.0;0.0;0.0;0.0;0.0;0.0;0.0;neos-933966;9;1610;0.05069;1567;0.056;RED_SPLIT;24015;-5.1589293195650905;5.1589293195650905;12.723152008613376;12.723152008613376;0.4054757277184597;-713.1787323378402;713.1787323378402;<;-260.52907796773326;1
31762.0;12047.0;2.636507014194405;0.0;0.0;0.0;0.0;12047.0;180618.0;180618.0;0.04720350823326686;27982.0;0.0;27982.0;3780.0;88.0989862099364;88.0989862099364;3780.0;11.9010137900636;0.0;0.0;0.0;0.0;5075.0;42.1266705403835;0.0;0.0;0.0;0.0;0.0;0.0;0.0;0.0;0.0;0.0;55.0;0.4565451979745995;0.0;0.0;0.0;0.0;0.0;0.0;0.0;0.0;0.0;0.0;3243.0;26.919565036938657;0.0;0.0;0.0;0.0;0.0;0.0;0.0;0.0;137527.0;76.14246642084399;137527.0;76.14246642084399;0.0;0.0;0.0;0.0;0.0;0.0;0.0;0.0;760.0;0.4207775526248768;0.0;0.0;0.0;0.0;0.0;0.0;0.0;0.0;0.0;0.0;34983.0;19.368501478257983;0.0;0.0;0.0;0.0;0.0;0.0;-1.0;1.0;0.9249022799499497;0.38020490862610556;1.0;0.0;3.7548860025025195;2.0;6782.0;3.7548860025025195;-1.0;1000.0;20.69951514388263;139.31092283530572;1000.0;0.0;5.783640828663182;3.0;1837.0;5.783640828663182;0.0;14.0;1.2471154644309788;1.1923547047933125;14.0;0.0;0.0;13.0;0.0;0.0;2.0;120.0;14.99277828505022;19.602610459409274;0.0;11.0;0.0;6.046042095752652;4385.0;5334.0;8414.0;11035.0;11627.0;12047.0;12047.0;12047.0;12047.0;36.39910351124762;44.27658338175479;69.84311446833237;91.59956835726737;96.51365485183034;100.0;100.0;100.0;100.0;7690.0;6805.0;3633.0;1012.0;420.0;0.0;0.0;0.0;0.0;0.0;0.0;63.83331949863037;56.48709222212999;30.156885531667637;8.40043164273263;3.4863451481696686;0.0;0.0;0.0;0.0;0.0;0.0;3780.0;31034.0;31762.0;31762.0;31762.0;31762.0;31762.0;31762.0;31762.0;11.9010137900636;97.70795289969145;100.0;100.0;100.0;100.0;100.0;100.0;100.0;27982.0;3531.0;0.0;0.0;0.0;0.0;0.0;0.0;0.0;0.0;0.0;88.0989862099364;11.117058119765758;0.0;0.0;0.0;0.0;0.0;0.0;0.0;0.0;0.0;neos-933966;9;1610;0.05069;1567;0.056;RED_SPLIT;24253;-2.9461085254671824;2.9461085254671824;7.078186269390604;7.078186269390604;0.4162236501471481;-462.589223169097;462.589223169097;<;-168.2434694534469;1
31762.0;12047.0;2.636507014194405;0.0;0.0;0.0;0.0;12047.0;180618.0;180618.0;0.04720350823326686;27982.0;0.0;27982.0;3780.0;88.0989862099364;88.0989862099364;3780.0;11.9010137900636;0.0;0.0;0.0;0.0;5075.0;42.1266705403835;0.0;0.0;0.0;0.0;0.0;0.0;0.0;0.0;0.0;0.0;55.0;0.4565451979745995;0.0;0.0;0.0;0.0;0.0;0.0;0.0;0.0;0.0;0.0;3243.0;26.919565036938657;0.0;0.0;0.0;0.0;0.0;0.0;0.0;0.0;137527.0;76.14246642084399;137527.0;76.14246642084399;0.0;0.0;0.0;0.0;0.0;0.0;0.0;0.0;760.0;0.4207775526248768;0.0;0.0;0.0;0.0;0.0;0.0;0.0;0.0;0.0;0.0;34983.0;19.368501478257983;0.0;0.0;0.0;0.0;0.0;0.0;-1.0;1.0;0.9249022799499497;0.38020490862610556;1.0;0.0;3.7548860025025195;2.0;6782.0;3.7548860025025195;-1.0;1000.0;20.69951514388263;139.31092283530572;1000.0;0.0;5.783640828663182;3.0;1837.0;5.783640828663182;0.0;14.0;1.2471154644309788;1.1923547047933125;14.0;0.0;0.0;13.0;0.0;0.0;2.0;120.0;14.99277828505022;19.602610459409274;0.0;11.0;0.0;6.046042095752652;4385.0;5334.0;8414.0;11035.0;11627.0;12047.0;12047.0;12047.0;12047.0;36.39910351124762;44.27658338175479;69.84311446833237;91.59956835726737;96.51365485183034;100.0;100.0;100.0;100.0;7690.0;6805.0;3633.0;1012.0;420.0;0.0;0.0;0.0;0.0;0.0;0.0;63.83331949863037;56.48709222212999;30.156885531667637;8.40043164273263;3.4863451481696686;0.0;0.0;0.0;0.0;0.0;0.0;3780.0;31034.0;31762.0;31762.0;31762.0;31762.0;31762.0;31762.0;31762.0;11.9010137900636;97.70795289969145;100.0;100.0;100.0;100.0;100.0;100.0;100.0;27982.0;3531.0;0.0;0.0;0.0;0.0;0.0;0.0;0.0;0.0;0.0;88.0989862099364;11.117058119765758;0.0;0.0;0.0;0.0;0.0;0.0;0.0;0.0;0.0;neos-933966;9;1610;0.05069;1567;0.056;MIR;25397;-280.8014138511393;280.8014138511393;822.1853467006999;822.1853467006999;0.34153055023171;-51603.60261531848;51603.60261531848;<;-18025.8083167972;1
31762.0;12047.0;2.636507014194405;0.0;0.0;0.0;0.0;12047.0;180618.0;180618.0;0.04720350823326686;27982.0;0.0;27982.0;3780.0;88.0989862099364;88.0989862099364;3780.0;11.9010137900636;0.0;0.0;0.0;0.0;5075.0;42.1266705403835;0.0;0.0;0.0;0.0;0.0;0.0;0.0;0.0;0.0;0.0;55.0;0.4565451979745995;0.0;0.0;0.0;0.0;0.0;0.0;0.0;0.0;0.0;0.0;3243.0;26.919565036938657;0.0;0.0;0.0;0.0;0.0;0.0;0.0;0.0;137527.0;76.14246642084399;137527.0;76.14246642084399;0.0;0.0;0.0;0.0;0.0;0.0;0.0;0.0;760.0;0.4207775526248768;0.0;0.0;0.0;0.0;0.0;0.0;0.0;0.0;0.0;0.0;34983.0;19.368501478257983;0.0;0.0;0.0;0.0;0.0;0.0;-1.0;1.0;0.9249022799499497;0.38020490862610556;1.0;0.0;3.7548860025025195;2.0;6782.0;3.7548860025025195;-1.0;1000.0;20.69951514388263;139.31092283530572;1000.0;0.0;5.783640828663182;3.0;1837.0;5.783640828663182;0.0;14.0;1.2471154644309788;1.1923547047933125;14.0;0.0;0.0;13.0;0.0;0.0;2.0;120.0;14.99277828505022;19.602610459409274;0.0;11.0;0.0;6.046042095752652;4385.0;5334.0;8414.0;11035.0;11627.0;12047.0;12047.0;12047.0;12047.0;36.39910351124762;44.27658338175479;69.84311446833237;91.59956835726737;96.51365485183034;100.0;100.0;100.0;100.0;7690.0;6805.0;3633.0;1012.0;420.0;0.0;0.0;0.0;0.0;0.0;0.0;63.83331949863037;56.48709222212999;30.156885531667637;8.40043164273263;3.4863451481696686;0.0;0.0;0.0;0.0;0.0;0.0;3780.0;31034.0;31762.0;31762.0;31762.0;31762.0;31762.0;31762.0;31762.0;11.9010137900636;97.70795289969145;100.0;100.0;100.0;100.0;100.0;100.0;100.0;27982.0;3531.0;0.0;0.0;0.0;0.0;0.0;0.0;0.0;0.0;0.0;88.0989862099364;11.117058119765758;0.0;0.0;0.0;0.0;0.0;0.0;0.0;0.0;0.0;neos-933966;9;1610;0.05069;1567;0.056;MIR;25394;-9065.02002108518;9065.02002108518;26540.892663583498;26540.892663583498;0.3415491760577897;-1666089.6790203901;1666089.6790203901;<;-582387.8816566339;1
31762.0;12047.0;2.636507014194405;0.0;0.0;0.0;0.0;12047.0;180618.0;180618.0;0.04720350823326686;27982.0;0.0;27982.0;3780.0;88.0989862099364;88.0989862099364;3780.0;11.9010137900636;0.0;0.0;0.0;0.0;5075.0;42.1266705403835;0.0;0.0;0.0;0.0;0.0;0.0;0.0;0.0;0.0;0.0;55.0;0.4565451979745995;0.0;0.0;0.0;0.0;0.0;0.0;0.0;0.0;0.0;0.0;3243.0;26.919565036938657;0.0;0.0;0.0;0.0;0.0;0.0;0.0;0.0;137527.0;76.14246642084399;137527.0;76.14246642084399;0.0;0.0;0.0;0.0;0.0;0.0;0.0;0.0;760.0;0.4207775526248768;0.0;0.0;0.0;0.0;0.0;0.0;0.0;0.0;0.0;0.0;34983.0;19.368501478257983;0.0;0.0;0.0;0.0;0.0;0.0;-1.0;1.0;0.9249022799499497;0.38020490862610556;1.0;0.0;3.7548860025025195;2.0;6782.0;3.7548860025025195;-1.0;1000.0;20.69951514388263;139.31092283530572;1000.0;0.0;5.783640828663182;3.0;1837.0;5.783640828663182;0.0;14.0;1.2471154644309788;1.1923547047933125;14.0;0.0;0.0;13.0;0.0;0.0;2.0;120.0;14.99277828505022;19.602610459409274;0.0;11.0;0.0;6.046042095752652;4385.0;5334.0;8414.0;11035.0;11627.0;12047.0;12047.0;12047.0;12047.0;36.39910351124762;44.27658338175479;69.84311446833237;91.59956835726737;96.51365485183034;100.0;100.0;100.0;100.0;7690.0;6805.0;3633.0;1012.0;420.0;0.0;0.0;0.0;0.0;0.0;0.0;63.83331949863037;56.48709222212999;30.156885531667637;8.40043164273263;3.4863451481696686;0.0;0.0;0.0;0.0;0.0;0.0;3780.0;31034.0;31762.0;31762.0;31762.0;31762.0;31762.0;31762.0;31762.0;11.9010137900636;97.70795289969145;100.0;100.0;100.0;100.0;100.0;100.0;100.0;27982.0;3531.0;0.0;0.0;0.0;0.0;0.0;0.0;0.0;0.0;0.0;88.0989862099364;11.117058119765758;0.0;0.0;0.0;0.0;0.0;0.0;0.0;0.0;0.0;neos-933966;9;1610;0.05069;1567;0.056;MIR;24425;-18436.562508631167;18436.562508631167;37652.1195554059;37652.1195554059;0.48965536937439524;-2291991.588463126;2291991.588463126;<;-764133.0261587794;1
31762.0;12047.0;2.636507014194405;0.0;0.0;0.0;0.0;12047.0;180618.0;180618.0;0.04720350823326686;27982.0;0.0;27982.0;3780.0;88.0989862099364;88.0989862099364;3780.0;11.9010137900636;0.0;0.0;0.0;0.0;5075.0;42.1266705403835;0.0;0.0;0.0;0.0;0.0;0.0;0.0;0.0;0.0;0.0;55.0;0.4565451979745995;0.0;0.0;0.0;0.0;0.0;0.0;0.0;0.0;0.0;0.0;3243.0;26.919565036938657;0.0;0.0;0.0;0.0;0.0;0.0;0.0;0.0;137527.0;76.14246642084399;137527.0;76.14246642084399;0.0;0.0;0.0;0.0;0.0;0.0;0.0;0.0;760.0;0.4207775526248768;0.0;0.0;0.0;0.0;0.0;0.0;0.0;0.0;0.0;0.0;34983.0;19.368501478257983;0.0;0.0;0.0;0.0;0.0;0.0;-1.0;1.0;0.9249022799499497;0.38020490862610556;1.0;0.0;3.7548860025025195;2.0;6782.0;3.7548860025025195;-1.0;1000.0;20.69951514388263;139.31092283530572;1000.0;0.0;5.783640828663182;3.0;1837.0;5.783640828663182;0.0;14.0;1.2471154644309788;1.1923547047933125;14.0;0.0;0.0;13.0;0.0;0.0;2.0;120.0;14.99277828505022;19.602610459409274;0.0;11.0;0.0;6.046042095752652;4385.0;5334.0;8414.0;11035.0;11627.0;12047.0;12047.0;12047.0;12047.0;36.39910351124762;44.27658338175479;69.84311446833237;91.59956835726737;96.51365485183034;100.0;100.0;100.0;100.0;7690.0;6805.0;3633.0;1012.0;420.0;0.0;0.0;0.0;0.0;0.0;0.0;63.83331949863037;56.48709222212999;30.156885531667637;8.40043164273263;3.4863451481696686;0.0;0.0;0.0;0.0;0.0;0.0;3780.0;31034.0;31762.0;31762.0;31762.0;31762.0;31762.0;31762.0;31762.0;11.9010137900636;97.70795289969145;100.0;100.0;100.0;100.0;100.0;100.0;100.0;27982.0;3531.0;0.0;0.0;0.0;0.0;0.0;0.0;0.0;0.0;0.0;88.0989862099364;11.117058119765758;0.0;0.0;0.0;0.0;0.0;0.0;0.0;0.0;0.0;neos-933966;9;1610;0.05069;1567;0.056;MIR;24421;-379098.07300884253;379098.07300884253;774212.9923085716;774212.9923085716;0.4896560465595346;-47128813.27053436;47128813.27053436;<;-15712768.07922808;1
31762.0;12047.0;2.636507014194405;0.0;0.0;0.0;0.0;12047.0;180618.0;180618.0;0.04720350823326686;27982.0;0.0;27982.0;3780.0;88.0989862099364;88.0989862099364;3780.0;11.9010137900636;0.0;0.0;0.0;0.0;5075.0;42.1266705403835;0.0;0.0;0.0;0.0;0.0;0.0;0.0;0.0;0.0;0.0;55.0;0.4565451979745995;0.0;0.0;0.0;0.0;0.0;0.0;0.0;0.0;0.0;0.0;3243.0;26.919565036938657;0.0;0.0;0.0;0.0;0.0;0.0;0.0;0.0;137527.0;76.14246642084399;137527.0;76.14246642084399;0.0;0.0;0.0;0.0;0.0;0.0;0.0;0.0;760.0;0.4207775526248768;0.0;0.0;0.0;0.0;0.0;0.0;0.0;0.0;0.0;0.0;34983.0;19.368501478257983;0.0;0.0;0.0;0.0;0.0;0.0;-1.0;1.0;0.9249022799499497;0.38020490862610556;1.0;0.0;3.7548860025025195;2.0;6782.0;3.7548860025025195;-1.0;1000.0;20.69951514388263;139.31092283530572;1000.0;0.0;5.783640828663182;3.0;1837.0;5.783640828663182;0.0;14.0;1.2471154644309788;1.1923547047933125;14.0;0.0;0.0;13.0;0.0;0.0;2.0;120.0;14.99277828505022;19.602610459409274;0.0;11.0;0.0;6.046042095752652;4385.0;5334.0;8414.0;11035.0;11627.0;12047.0;12047.0;12047.0;12047.0;36.39910351124762;44.27658338175479;69.84311446833237;91.59956835726737;96.51365485183034;100.0;100.0;100.0;100.0;7690.0;6805.0;3633.0;1012.0;420.0;0.0;0.0;0.0;0.0;0.0;0.0;63.83331949863037;56.48709222212999;30.156885531667637;8.40043164273263;3.4863451481696686;0.0;0.0;0.0;0.0;0.0;0.0;3780.0;31034.0;31762.0;31762.0;31762.0;31762.0;31762.0;31762.0;31762.0;11.9010137900636;97.70795289969145;100.0;100.0;100.0;100.0;100.0;100.0;100.0;27982.0;3531.0;0.0;0.0;0.0;0.0;0.0;0.0;0.0;0.0;0.0;88.0989862099364;11.117058119765758;0.0;0.0;0.0;0.0;0.0;0.0;0.0;0.0;0.0;neos-933966;9;1610;0.05069;1567;0.056;MIR;24899;-155.0918716169209;155.0918716169209;379.6945834874288;379.6945834874288;0.4084647987138215;-21494.929948766872;21494.929948766872;<;-6232.456956778988;1
31762.0;12047.0;2.636507014194405;0.0;0.0;0.0;0.0;12047.0;180618.0;180618.0;0.04720350823326686;27982.0;0.0;27982.0;3780.0;88.0989862099364;88.0989862099364;3780.0;11.9010137900636;0.0;0.0;0.0;0.0;5075.0;42.1266705403835;0.0;0.0;0.0;0.0;0.0;0.0;0.0;0.0;0.0;0.0;55.0;0.4565451979745995;0.0;0.0;0.0;0.0;0.0;0.0;0.0;0.0;0.0;0.0;3243.0;26.919565036938657;0.0;0.0;0.0;0.0;0.0;0.0;0.0;0.0;137527.0;76.14246642084399;137527.0;76.14246642084399;0.0;0.0;0.0;0.0;0.0;0.0;0.0;0.0;760.0;0.4207775526248768;0.0;0.0;0.0;0.0;0.0;0.0;0.0;0.0;0.0;0.0;34983.0;19.368501478257983;0.0;0.0;0.0;0.0;0.0;0.0;-1.0;1.0;0.9249022799499497;0.38020490862610556;1.0;0.0;3.7548860025025195;2.0;6782.0;3.7548860025025195;-1.0;1000.0;20.69951514388263;139.31092283530572;1000.0;0.0;5.783640828663182;3.0;1837.0;5.783640828663182;0.0;14.0;1.2471154644309788;1.1923547047933125;14.0;0.0;0.0;13.0;0.0;0.0;2.0;120.0;14.99277828505022;19.602610459409274;0.0;11.0;0.0;6.046042095752652;4385.0;5334.0;8414.0;11035.0;11627.0;12047.0;12047.0;12047.0;12047.0;36.39910351124762;44.27658338175479;69.84311446833237;91.59956835726737;96.51365485183034;100.0;100.0;100.0;100.0;7690.0;6805.0;3633.0;1012.0;420.0;0.0;0.0;0.0;0.0;0.0;0.0;63.83331949863037;56.48709222212999;30.156885531667637;8.40043164273263;3.4863451481696686;0.0;0.0;0.0;0.0;0.0;0.0;3780.0;31034.0;31762.0;31762.0;31762.0;31762.0;31762.0;31762.0;31762.0;11.9010137900636;97.70795289969145;100.0;100.0;100.0;100.0;100.0;100.0;100.0;27982.0;3531.0;0.0;0.0;0.0;0.0;0.0;0.0;0.0;0.0;0.0;88.0989862099364;11.117058119765758;0.0;0.0;0.0;0.0;0.0;0.0;0.0;0.0;0.0;neos-933966;9;1610;0.05069;1567;0.056;MIR;24899;-69621.1218860946;69621.1218860946;170443.80145184585;170443.80145184585;0.4084696615134115;-9649193.10441947;9649193.10441947;<;-2798101.9553455627;1
31762.0;12047.0;2.636507014194405;0.0;0.0;0.0;0.0;12047.0;180618.0;180618.0;0.04720350823326686;27982.0;0.0;27982.0;3780.0;88.0989862099364;88.0989862099364;3780.0;11.9010137900636;0.0;0.0;0.0;0.0;5075.0;42.1266705403835;0.0;0.0;0.0;0.0;0.0;0.0;0.0;0.0;0.0;0.0;55.0;0.4565451979745995;0.0;0.0;0.0;0.0;0.0;0.0;0.0;0.0;0.0;0.0;3243.0;26.919565036938657;0.0;0.0;0.0;0.0;0.0;0.0;0.0;0.0;137527.0;76.14246642084399;137527.0;76.14246642084399;0.0;0.0;0.0;0.0;0.0;0.0;0.0;0.0;760.0;0.4207775526248768;0.0;0.0;0.0;0.0;0.0;0.0;0.0;0.0;0.0;0.0;34983.0;19.368501478257983;0.0;0.0;0.0;0.0;0.0;0.0;-1.0;1.0;0.9249022799499497;0.38020490862610556;1.0;0.0;3.7548860025025195;2.0;6782.0;3.7548860025025195;-1.0;1000.0;20.69951514388263;139.31092283530572;1000.0;0.0;5.783640828663182;3.0;1837.0;5.783640828663182;0.0;14.0;1.2471154644309788;1.1923547047933125;14.0;0.0;0.0;13.0;0.0;0.0;2.0;120.0;14.99277828505022;19.602610459409274;0.0;11.0;0.0;6.046042095752652;4385.0;5334.0;8414.0;11035.0;11627.0;12047.0;12047.0;12047.0;12047.0;36.39910351124762;44.27658338175479;69.84311446833237;91.59956835726737;96.51365485183034;100.0;100.0;100.0;100.0;7690.0;6805.0;3633.0;1012.0;420.0;0.0;0.0;0.0;0.0;0.0;0.0;63.83331949863037;56.48709222212999;30.156885531667637;8.40043164273263;3.4863451481696686;0.0;0.0;0.0;0.0;0.0;0.0;3780.0;31034.0;31762.0;31762.0;31762.0;31762.0;31762.0;31762.0;31762.0;11.9010137900636;97.70795289969145;100.0;100.0;100.0;100.0;100.0;100.0;100.0;27982.0;3531.0;0.0;0.0;0.0;0.0;0.0;0.0;0.0;0.0;0.0;88.0989862099364;11.117058119765758;0.0;0.0;0.0;0.0;0.0;0.0;0.0;0.0;0.0;neos-933966;9;1610;0.05069;1567;0.056;MIR;24729;-3646.6390112763647;3646.6390112763647;8051.295353165698;8051.295353165698;0.452925753101647;-487098.3858894469;487098.3858894469;<;-164260.70707458258;1
31762.0;12047.0;2.636507014194405;0.0;0.0;0.0;0.0;12047.0;180618.0;180618.0;0.04720350823326686;27982.0;0.0;27982.0;3780.0;88.0989862099364;88.0989862099364;3780.0;11.9010137900636;0.0;0.0;0.0;0.0;5075.0;42.1266705403835;0.0;0.0;0.0;0.0;0.0;0.0;0.0;0.0;0.0;0.0;55.0;0.4565451979745995;0.0;0.0;0.0;0.0;0.0;0.0;0.0;0.0;0.0;0.0;3243.0;26.919565036938657;0.0;0.0;0.0;0.0;0.0;0.0;0.0;0.0;137527.0;76.14246642084399;137527.0;76.14246642084399;0.0;0.0;0.0;0.0;0.0;0.0;0.0;0.0;760.0;0.4207775526248768;0.0;0.0;0.0;0.0;0.0;0.0;0.0;0.0;0.0;0.0;34983.0;19.368501478257983;0.0;0.0;0.0;0.0;0.0;0.0;-1.0;1.0;0.9249022799499497;0.38020490862610556;1.0;0.0;3.7548860025025195;2.0;6782.0;3.7548860025025195;-1.0;1000.0;20.69951514388263;139.31092283530572;1000.0;0.0;5.783640828663182;3.0;1837.0;5.783640828663182;0.0;14.0;1.2471154644309788;1.1923547047933125;14.0;0.0;0.0;13.0;0.0;0.0;2.0;120.0;14.99277828505022;19.602610459409274;0.0;11.0;0.0;6.046042095752652;4385.0;5334.0;8414.0;11035.0;11627.0;12047.0;12047.0;12047.0;12047.0;36.39910351124762;44.27658338175479;69.84311446833237;91.59956835726737;96.51365485183034;100.0;100.0;100.0;100.0;7690.0;6805.0;3633.0;1012.0;420.0;0.0;0.0;0.0;0.0;0.0;0.0;63.83331949863037;56.48709222212999;30.156885531667637;8.40043164273263;3.4863451481696686;0.0;0.0;0.0;0.0;0.0;0.0;3780.0;31034.0;31762.0;31762.0;31762.0;31762.0;31762.0;31762.0;31762.0;11.9010137900636;97.70795289969145;100.0;100.0;100.0;100.0;100.0;100.0;100.0;27982.0;3531.0;0.0;0.0;0.0;0.0;0.0;0.0;0.0;0.0;0.0;88.0989862099364;11.117058119765758;0.0;0.0;0.0;0.0;0.0;0.0;0.0;0.0;0.0;neos-933966;9;1610;0.05069;1567;0.056;MIR;24729;-39336.766017172806;39336.766017172806;86849.64468122752;86849.64468122752;0.4529294985783104;-5254603.888106473;5254603.888106473;<;-1772363.126995644;1
31762.0;12047.0;2.636507014194405;0.0;0.0;0.0;0.0;12047.0;180618.0;180618.0;0.04720350823326686;27982.0;0.0;27982.0;3780.0;88.0989862099364;88.0989862099364;3780.0;11.9010137900636;0.0;0.0;0.0;0.0;5075.0;42.1266705403835;0.0;0.0;0.0;0.0;0.0;0.0;0.0;0.0;0.0;0.0;55.0;0.4565451979745995;0.0;0.0;0.0;0.0;0.0;0.0;0.0;0.0;0.0;0.0;3243.0;26.919565036938657;0.0;0.0;0.0;0.0;0.0;0.0;0.0;0.0;137527.0;76.14246642084399;137527.0;76.14246642084399;0.0;0.0;0.0;0.0;0.0;0.0;0.0;0.0;760.0;0.4207775526248768;0.0;0.0;0.0;0.0;0.0;0.0;0.0;0.0;0.0;0.0;34983.0;19.368501478257983;0.0;0.0;0.0;0.0;0.0;0.0;-1.0;1.0;0.9249022799499497;0.38020490862610556;1.0;0.0;3.7548860025025195;2.0;6782.0;3.7548860025025195;-1.0;1000.0;20.69951514388263;139.31092283530572;1000.0;0.0;5.783640828663182;3.0;1837.0;5.783640828663182;0.0;14.0;1.2471154644309788;1.1923547047933125;14.0;0.0;0.0;13.0;0.0;0.0;2.0;120.0;14.99277828505022;19.602610459409274;0.0;11.0;0.0;6.046042095752652;4385.0;5334.0;8414.0;11035.0;11627.0;12047.0;12047.0;12047.0;12047.0;36.39910351124762;44.27658338175479;69.84311446833237;91.59956835726737;96.51365485183034;100.0;100.0;100.0;100.0;7690.0;6805.0;3633.0;1012.0;420.0;0.0;0.0;0.0;0.0;0.0;0.0;63.83331949863037;56.48709222212999;30.156885531667637;8.40043164273263;3.4863451481696686;0.0;0.0;0.0;0.0;0.0;0.0;3780.0;31034.0;31762.0;31762.0;31762.0;31762.0;31762.0;31762.0;31762.0;11.9010137900636;97.70795289969145;100.0;100.0;100.0;100.0;100.0;100.0;100.0;27982.0;3531.0;0.0;0.0;0.0;0.0;0.0;0.0;0.0;0.0;0.0;88.0989862099364;11.117058119765758;0.0;0.0;0.0;0.0;0.0;0.0;0.0;0.0;0.0;neos-933966;9;1610;0.05069;1567;0.056;MIR;25105;-2300.2998895459673;2300.2998895459673;5866.8785790074735;5866.8785790074735;0.39208240950763285;-314882.4037488871;314882.4037488871;<;-112273.88507346812;1
31762.0;12047.0;2.636507014194405;0.0;0.0;0.0;0.0;12047.0;180618.0;180618.0;0.04720350823326686;27982.0;0.0;27982.0;3780.0;88.0989862099364;88.0989862099364;3780.0;11.9010137900636;0.0;0.0;0.0;0.0;5075.0;42.1266705403835;0.0;0.0;0.0;0.0;0.0;0.0;0.0;0.0;0.0;0.0;55.0;0.4565451979745995;0.0;0.0;0.0;0.0;0.0;0.0;0.0;0.0;0.0;0.0;3243.0;26.919565036938657;0.0;0.0;0.0;0.0;0.0;0.0;0.0;0.0;137527.0;76.14246642084399;137527.0;76.14246642084399;0.0;0.0;0.0;0.0;0.0;0.0;0.0;0.0;760.0;0.4207775526248768;0.0;0.0;0.0;0.0;0.0;0.0;0.0;0.0;0.0;0.0;34983.0;19.368501478257983;0.0;0.0;0.0;0.0;0.0;0.0;-1.0;1.0;0.9249022799499497;0.38020490862610556;1.0;0.0;3.7548860025025195;2.0;6782.0;3.7548860025025195;-1.0;1000.0;20.69951514388263;139.31092283530572;1000.0;0.0;5.783640828663182;3.0;1837.0;5.783640828663182;0.0;14.0;1.2471154644309788;1.1923547047933125;14.0;0.0;0.0;13.0;0.0;0.0;2.0;120.0;14.99277828505022;19.602610459409274;0.0;11.0;0.0;6.046042095752652;4385.0;5334.0;8414.0;11035.0;11627.0;12047.0;12047.0;12047.0;12047.0;36.39910351124762;44.27658338175479;69.84311446833237;91.59956835726737;96.51365485183034;100.0;100.0;100.0;100.0;7690.0;6805.0;3633.0;1012.0;420.0;0.0;0.0;0.0;0.0;0.0;0.0;63.83331949863037;56.48709222212999;30.156885531667637;8.40043164273263;3.4863451481696686;0.0;0.0;0.0;0.0;0.0;0.0;3780.0;31034.0;31762.0;31762.0;31762.0;31762.0;31762.0;31762.0;31762.0;11.9010137900636;97.70795289969145;100.0;100.0;100.0;100.0;100.0;100.0;100.0;27982.0;3531.0;0.0;0.0;0.0;0.0;0.0;0.0;0.0;0.0;0.0;88.0989862099364;11.117058119765758;0.0;0.0;0.0;0.0;0.0;0.0;0.0;0.0;0.0;neos-933966;9;1610;0.05069;1567;0.056;MIR;25105;-28990.024546308447;28990.024546308447;73938.00178084962;73938.00178084962;0.39208558316512465;-3968561.6913515;3968561.6913515;<;-1415428.2334953835;1
31762.0;12047.0;2.636507014194405;0.0;0.0;0.0;0.0;12047.0;180618.0;180618.0;0.04720350823326686;27982.0;0.0;27982.0;3780.0;88.0989862099364;88.0989862099364;3780.0;11.9010137900636;0.0;0.0;0.0;0.0;5075.0;42.1266705403835;0.0;0.0;0.0;0.0;0.0;0.0;0.0;0.0;0.0;0.0;55.0;0.4565451979745995;0.0;0.0;0.0;0.0;0.0;0.0;0.0;0.0;0.0;0.0;3243.0;26.919565036938657;0.0;0.0;0.0;0.0;0.0;0.0;0.0;0.0;137527.0;76.14246642084399;137527.0;76.14246642084399;0.0;0.0;0.0;0.0;0.0;0.0;0.0;0.0;760.0;0.4207775526248768;0.0;0.0;0.0;0.0;0.0;0.0;0.0;0.0;0.0;0.0;34983.0;19.368501478257983;0.0;0.0;0.0;0.0;0.0;0.0;-1.0;1.0;0.9249022799499497;0.38020490862610556;1.0;0.0;3.7548860025025195;2.0;6782.0;3.7548860025025195;-1.0;1000.0;20.69951514388263;139.31092283530572;1000.0;0.0;5.783640828663182;3.0;1837.0;5.783640828663182;0.0;14.0;1.2471154644309788;1.1923547047933125;14.0;0.0;0.0;13.0;0.0;0.0;2.0;120.0;14.99277828505022;19.602610459409274;0.0;11.0;0.0;6.046042095752652;4385.0;5334.0;8414.0;11035.0;11627.0;12047.0;12047.0;12047.0;12047.0;36.39910351124762;44.27658338175479;69.84311446833237;91.59956835726737;96.51365485183034;100.0;100.0;100.0;100.0;7690.0;6805.0;3633.0;1012.0;420.0;0.0;0.0;0.0;0.0;0.0;0.0;63.83331949863037;56.48709222212999;30.156885531667637;8.40043164273263;3.4863451481696686;0.0;0.0;0.0;0.0;0.0;0.0;3780.0;31034.0;31762.0;31762.0;31762.0;31762.0;31762.0;31762.0;31762.0;11.9010137900636;97.70795289969145;100.0;100.0;100.0;100.0;100.0;100.0;100.0;27982.0;3531.0;0.0;0.0;0.0;0.0;0.0;0.0;0.0;0.0;0.0;88.0989862099364;11.117058119765758;0.0;0.0;0.0;0.0;0.0;0.0;0.0;0.0;0.0;neos-933966;9;1610;0.05069;1567;0.056;MIR;24935;-1070.0393942985643;1070.0393942985643;2651.1611228190563;2651.1611228190563;0.4036116043979856;-176722.0782410766;176722.0782410766;<;-64778.04562099156;1
31762.0;12047.0;2.636507014194405;0.0;0.0;0.0;0.0;12047.0;180618.0;180618.0;0.04720350823326686;27982.0;0.0;27982.0;3780.0;88.0989862099364;88.0989862099364;3780.0;11.9010137900636;0.0;0.0;0.0;0.0;5075.0;42.1266705403835;0.0;0.0;0.0;0.0;0.0;0.0;0.0;0.0;0.0;0.0;55.0;0.4565451979745995;0.0;0.0;0.0;0.0;0.0;0.0;0.0;0.0;0.0;0.0;3243.0;26.919565036938657;0.0;0.0;0.0;0.0;0.0;0.0;0.0;0.0;137527.0;76.14246642084399;137527.0;76.14246642084399;0.0;0.0;0.0;0.0;0.0;0.0;0.0;0.0;760.0;0.4207775526248768;0.0;0.0;0.0;0.0;0.0;0.0;0.0;0.0;0.0;0.0;34983.0;19.368501478257983;0.0;0.0;0.0;0.0;0.0;0.0;-1.0;1.0;0.9249022799499497;0.38020490862610556;1.0;0.0;3.7548860025025195;2.0;6782.0;3.7548860025025195;-1.0;1000.0;20.69951514388263;139.31092283530572;1000.0;0.0;5.783640828663182;3.0;1837.0;5.783640828663182;0.0;14.0;1.2471154644309788;1.1923547047933125;14.0;0.0;0.0;13.0;0.0;0.0;2.0;120.0;14.99277828505022;19.602610459409274;0.0;11.0;0.0;6.046042095752652;4385.0;5334.0;8414.0;11035.0;11627.0;12047.0;12047.0;12047.0;12047.0;36.39910351124762;44.27658338175479;69.84311446833237;91.59956835726737;96.51365485183034;100.0;100.0;100.0;100.0;7690.0;6805.0;3633.0;1012.0;420.0;0.0;0.0;0.0;0.0;0.0;0.0;63.83331949863037;56.48709222212999;30.156885531667637;8.40043164273263;3.4863451481696686;0.0;0.0;0.0;0.0;0.0;0.0;3780.0;31034.0;31762.0;31762.0;31762.0;31762.0;31762.0;31762.0;31762.0;11.9010137900636;97.70795289969145;100.0;100.0;100.0;100.0;100.0;100.0;100.0;27982.0;3531.0;0.0;0.0;0.0;0.0;0.0;0.0;0.0;0.0;0.0;88.0989862099364;11.117058119765758;0.0;0.0;0.0;0.0;0.0;0.0;0.0;0.0;0.0;neos-933966;9;1610;0.05069;1567;0.056;MIR;24451;-1019.3191174931353;1019.3191174931353;2485.6748113566655;2485.6748113566655;0.4100774215661772;-144264.05908113252;144264.05908113252;<;-50457.08545109135;1
31762.0;12047.0;2.636507014194405;0.0;0.0;0.0;0.0;12047.0;180618.0;180618.0;0.04720350823326686;27982.0;0.0;27982.0;3780.0;88.0989862099364;88.0989862099364;3780.0;11.9010137900636;0.0;0.0;0.0;0.0;5075.0;42.1266705403835;0.0;0.0;0.0;0.0;0.0;0.0;0.0;0.0;0.0;0.0;55.0;0.4565451979745995;0.0;0.0;0.0;0.0;0.0;0.0;0.0;0.0;0.0;0.0;3243.0;26.919565036938657;0.0;0.0;0.0;0.0;0.0;0.0;0.0;0.0;137527.0;76.14246642084399;137527.0;76.14246642084399;0.0;0.0;0.0;0.0;0.0;0.0;0.0;0.0;760.0;0.4207775526248768;0.0;0.0;0.0;0.0;0.0;0.0;0.0;0.0;0.0;0.0;34983.0;19.368501478257983;0.0;0.0;0.0;0.0;0.0;0.0;-1.0;1.0;0.9249022799499497;0.38020490862610556;1.0;0.0;3.7548860025025195;2.0;6782.0;3.7548860025025195;-1.0;1000.0;20.69951514388263;139.31092283530572;1000.0;0.0;5.783640828663182;3.0;1837.0;5.783640828663182;0.0;14.0;1.2471154644309788;1.1923547047933125;14.0;0.0;0.0;13.0;0.0;0.0;2.0;120.0;14.99277828505022;19.602610459409274;0.0;11.0;0.0;6.046042095752652;4385.0;5334.0;8414.0;11035.0;11627.0;12047.0;12047.0;12047.0;12047.0;36.39910351124762;44.27658338175479;69.84311446833237;91.59956835726737;96.51365485183034;100.0;100.0;100.0;100.0;7690.0;6805.0;3633.0;1012.0;420.0;0.0;0.0;0.0;0.0;0.0;0.0;63.83331949863037;56.48709222212999;30.156885531667637;8.40043164273263;3.4863451481696686;0.0;0.0;0.0;0.0;0.0;0.0;3780.0;31034.0;31762.0;31762.0;31762.0;31762.0;31762.0;31762.0;31762.0;11.9010137900636;97.70795289969145;100.0;100.0;100.0;100.0;100.0;100.0;100.0;27982.0;3531.0;0.0;0.0;0.0;0.0;0.0;0.0;0.0;0.0;0.0;88.0989862099364;11.117058119765758;0.0;0.0;0.0;0.0;0.0;0.0;0.0;0.0;0.0;neos-933966;9;1610;0.05069;1567;0.056;MIR;24451;-984134.5854568391;984134.5854568391;2399873.6550341547;2399873.6550341547;0.4100776652939394;-139284391.68614843;139284391.68614843;<;-48715529.658406585;1
31762.0;12047.0;2.636507014194405;0.0;0.0;0.0;0.0;12047.0;180618.0;180618.0;0.04720350823326686;27982.0;0.0;27982.0;3780.0;88.0989862099364;88.0989862099364;3780.0;11.9010137900636;0.0;0.0;0.0;0.0;5075.0;42.1266705403835;0.0;0.0;0.0;0.0;0.0;0.0;0.0;0.0;0.0;0.0;55.0;0.4565451979745995;0.0;0.0;0.0;0.0;0.0;0.0;0.0;0.0;0.0;0.0;3243.0;26.919565036938657;0.0;0.0;0.0;0.0;0.0;0.0;0.0;0.0;137527.0;76.14246642084399;137527.0;76.14246642084399;0.0;0.0;0.0;0.0;0.0;0.0;0.0;0.0;760.0;0.4207775526248768;0.0;0.0;0.0;0.0;0.0;0.0;0.0;0.0;0.0;0.0;34983.0;19.368501478257983;0.0;0.0;0.0;0.0;0.0;0.0;-1.0;1.0;0.9249022799499497;0.38020490862610556;1.0;0.0;3.7548860025025195;2.0;6782.0;3.7548860025025195;-1.0;1000.0;20.69951514388263;139.31092283530572;1000.0;0.0;5.783640828663182;3.0;1837.0;5.783640828663182;0.0;14.0;1.2471154644309788;1.1923547047933125;14.0;0.0;0.0;13.0;0.0;0.0;2.0;120.0;14.99277828505022;19.602610459409274;0.0;11.0;0.0;6.046042095752652;4385.0;5334.0;8414.0;11035.0;11627.0;12047.0;12047.0;12047.0;12047.0;36.39910351124762;44.27658338175479;69.84311446833237;91.59956835726737;96.51365485183034;100.0;100.0;100.0;100.0;7690.0;6805.0;3633.0;1012.0;420.0;0.0;0.0;0.0;0.0;0.0;0.0;63.83331949863037;56.48709222212999;30.156885531667637;8.40043164273263;3.4863451481696686;0.0;0.0;0.0;0.0;0.0;0.0;3780.0;31034.0;31762.0;31762.0;31762.0;31762.0;31762.0;31762.0;31762.0;11.9010137900636;97.70795289969145;100.0;100.0;100.0;100.0;100.0;100.0;100.0;27982.0;3531.0;0.0;0.0;0.0;0.0;0.0;0.0;0.0;0.0;0.0;88.0989862099364;11.117058119765758;0.0;0.0;0.0;0.0;0.0;0.0;0.0;0.0;0.0;neos-933966;9;1610;0.05069;1567;0.056;MIR;24745;-6.231686943415195;6.231686943415195;14.376145256337825;14.376145256337825;0.4334741220472791;-911.6625841032443;911.6625841032443;<;-329.2500125775746;1
31762.0;12047.0;2.636507014194405;0.0;0.0;0.0;0.0;12047.0;180618.0;180618.0;0.04720350823326686;27982.0;0.0;27982.0;3780.0;88.0989862099364;88.0989862099364;3780.0;11.9010137900636;0.0;0.0;0.0;0.0;5075.0;42.1266705403835;0.0;0.0;0.0;0.0;0.0;0.0;0.0;0.0;0.0;0.0;55.0;0.4565451979745995;0.0;0.0;0.0;0.0;0.0;0.0;0.0;0.0;0.0;0.0;3243.0;26.919565036938657;0.0;0.0;0.0;0.0;0.0;0.0;0.0;0.0;137527.0;76.14246642084399;137527.0;76.14246642084399;0.0;0.0;0.0;0.0;0.0;0.0;0.0;0.0;760.0;0.4207775526248768;0.0;0.0;0.0;0.0;0.0;0.0;0.0;0.0;0.0;0.0;34983.0;19.368501478257983;0.0;0.0;0.0;0.0;0.0;0.0;-1.0;1.0;0.9249022799499497;0.38020490862610556;1.0;0.0;3.7548860025025195;2.0;6782.0;3.7548860025025195;-1.0;1000.0;20.69951514388263;139.31092283530572;1000.0;0.0;5.783640828663182;3.0;1837.0;5.783640828663182;0.0;14.0;1.2471154644309788;1.1923547047933125;14.0;0.0;0.0;13.0;0.0;0.0;2.0;120.0;14.99277828505022;19.602610459409274;0.0;11.0;0.0;6.046042095752652;4385.0;5334.0;8414.0;11035.0;11627.0;12047.0;12047.0;12047.0;12047.0;36.39910351124762;44.27658338175479;69.84311446833237;91.59956835726737;96.51365485183034;100.0;100.0;100.0;100.0;7690.0;6805.0;3633.0;1012.0;420.0;0.0;0.0;0.0;0.0;0.0;0.0;63.83331949863037;56.48709222212999;30.156885531667637;8.40043164273263;3.4863451481696686;0.0;0.0;0.0;0.0;0.0;0.0;3780.0;31034.0;31762.0;31762.0;31762.0;31762.0;31762.0;31762.0;31762.0;11.9010137900636;97.70795289969145;100.0;100.0;100.0;100.0;100.0;100.0;100.0;27982.0;3531.0;0.0;0.0;0.0;0.0;0.0;0.0;0.0;0.0;0.0;88.0989862099364;11.117058119765758;0.0;0.0;0.0;0.0;0.0;0.0;0.0;0.0;0.0;neos-933966;9;1610;0.05069;1567;0.056;MIR;24744;-11736.694088398142;11736.694088398142;27075.510858469817;27075.510858469817;0.4334800606255836;-1717228.975205081;1717228.975205081;<;-620506.9552338142;1
31762.0;12047.0;2.636507014194405;0.0;0.0;0.0;0.0;12047.0;180618.0;180618.0;0.04720350823326686;27982.0;0.0;27982.0;3780.0;88.0989862099364;88.0989862099364;3780.0;11.9010137900636;0.0;0.0;0.0;0.0;5075.0;42.1266705403835;0.0;0.0;0.0;0.0;0.0;0.0;0.0;0.0;0.0;0.0;55.0;0.4565451979745995;0.0;0.0;0.0;0.0;0.0;0.0;0.0;0.0;0.0;0.0;3243.0;26.919565036938657;0.0;0.0;0.0;0.0;0.0;0.0;0.0;0.0;137527.0;76.14246642084399;137527.0;76.14246642084399;0.0;0.0;0.0;0.0;0.0;0.0;0.0;0.0;760.0;0.4207775526248768;0.0;0.0;0.0;0.0;0.0;0.0;0.0;0.0;0.0;0.0;34983.0;19.368501478257983;0.0;0.0;0.0;0.0;0.0;0.0;-1.0;1.0;0.9249022799499497;0.38020490862610556;1.0;0.0;3.7548860025025195;2.0;6782.0;3.7548860025025195;-1.0;1000.0;20.69951514388263;139.31092283530572;1000.0;0.0;5.783640828663182;3.0;1837.0;5.783640828663182;0.0;14.0;1.2471154644309788;1.1923547047933125;14.0;0.0;0.0;13.0;0.0;0.0;2.0;120.0;14.99277828505022;19.602610459409274;0.0;11.0;0.0;6.046042095752652;4385.0;5334.0;8414.0;11035.0;11627.0;12047.0;12047.0;12047.0;12047.0;36.39910351124762;44.27658338175479;69.84311446833237;91.59956835726737;96.51365485183034;100.0;100.0;100.0;100.0;7690.0;6805.0;3633.0;1012.0;420.0;0.0;0.0;0.0;0.0;0.0;0.0;63.83331949863037;56.48709222212999;30.156885531667637;8.40043164273263;3.4863451481696686;0.0;0.0;0.0;0.0;0.0;0.0;3780.0;31034.0;31762.0;31762.0;31762.0;31762.0;31762.0;31762.0;31762.0;11.9010137900636;97.70795289969145;100.0;100.0;100.0;100.0;100.0;100.0;100.0;27982.0;3531.0;0.0;0.0;0.0;0.0;0.0;0.0;0.0;0.0;0.0;88.0989862099364;11.117058119765758;0.0;0.0;0.0;0.0;0.0;0.0;0.0;0.0;0.0;neos-933966;9;1610;0.05069;1567;0.056;MIR;24937;-353.38682749683005;353.38682749683005;812.2846416356667;812.2846416356667;0.4350529474313689;-56183.47505353848;56183.47505353848;<;-18462.863569069355;1
31762.0;12047.0;2.636507014194405;0.0;0.0;0.0;0.0;12047.0;180618.0;180618.0;0.04720350823326686;27982.0;0.0;27982.0;3780.0;88.0989862099364;88.0989862099364;3780.0;11.9010137900636;0.0;0.0;0.0;0.0;5075.0;42.1266705403835;0.0;0.0;0.0;0.0;0.0;0.0;0.0;0.0;0.0;0.0;55.0;0.4565451979745995;0.0;0.0;0.0;0.0;0.0;0.0;0.0;0.0;0.0;0.0;3243.0;26.919565036938657;0.0;0.0;0.0;0.0;0.0;0.0;0.0;0.0;137527.0;76.14246642084399;137527.0;76.14246642084399;0.0;0.0;0.0;0.0;0.0;0.0;0.0;0.0;760.0;0.4207775526248768;0.0;0.0;0.0;0.0;0.0;0.0;0.0;0.0;0.0;0.0;34983.0;19.368501478257983;0.0;0.0;0.0;0.0;0.0;0.0;-1.0;1.0;0.9249022799499497;0.38020490862610556;1.0;0.0;3.7548860025025195;2.0;6782.0;3.7548860025025195;-1.0;1000.0;20.69951514388263;139.31092283530572;1000.0;0.0;5.783640828663182;3.0;1837.0;5.783640828663182;0.0;14.0;1.2471154644309788;1.1923547047933125;14.0;0.0;0.0;13.0;0.0;0.0;2.0;120.0;14.99277828505022;19.602610459409274;0.0;11.0;0.0;6.046042095752652;4385.0;5334.0;8414.0;11035.0;11627.0;12047.0;12047.0;12047.0;12047.0;36.39910351124762;44.27658338175479;69.84311446833237;91.59956835726737;96.51365485183034;100.0;100.0;100.0;100.0;7690.0;6805.0;3633.0;1012.0;420.0;0.0;0.0;0.0;0.0;0.0;0.0;63.83331949863037;56.48709222212999;30.156885531667637;8.40043164273263;3.4863451481696686;0.0;0.0;0.0;0.0;0.0;0.0;3780.0;31034.0;31762.0;31762.0;31762.0;31762.0;31762.0;31762.0;31762.0;11.9010137900636;97.70795289969145;100.0;100.0;100.0;100.0;100.0;100.0;100.0;27982.0;3531.0;0.0;0.0;0.0;0.0;0.0;0.0;0.0;0.0;0.0;88.0989862099364;11.117058119765758;0.0;0.0;0.0;0.0;0.0;0.0;0.0;0.0;0.0;neos-933966;9;1610;0.05069;1567;0.056;MIR;24937;-294174.4056972673;294174.4056972673;676180.6152904016;676180.6152904016;0.4350530007000086;-46769662.204223;46769662.204223;<;-15369530.643559247;1
31762.0;12047.0;2.636507014194405;0.0;0.0;0.0;0.0;12047.0;180618.0;180618.0;0.04720350823326686;27982.0;0.0;27982.0;3780.0;88.0989862099364;88.0989862099364;3780.0;11.9010137900636;0.0;0.0;0.0;0.0;5075.0;42.1266705403835;0.0;0.0;0.0;0.0;0.0;0.0;0.0;0.0;0.0;0.0;55.0;0.4565451979745995;0.0;0.0;0.0;0.0;0.0;0.0;0.0;0.0;0.0;0.0;3243.0;26.919565036938657;0.0;0.0;0.0;0.0;0.0;0.0;0.0;0.0;137527.0;76.14246642084399;137527.0;76.14246642084399;0.0;0.0;0.0;0.0;0.0;0.0;0.0;0.0;760.0;0.4207775526248768;0.0;0.0;0.0;0.0;0.0;0.0;0.0;0.0;0.0;0.0;34983.0;19.368501478257983;0.0;0.0;0.0;0.0;0.0;0.0;-1.0;1.0;0.9249022799499497;0.38020490862610556;1.0;0.0;3.7548860025025195;2.0;6782.0;3.7548860025025195;-1.0;1000.0;20.69951514388263;139.31092283530572;1000.0;0.0;5.783640828663182;3.0;1837.0;5.783640828663182;0.0;14.0;1.2471154644309788;1.1923547047933125;14.0;0.0;0.0;13.0;0.0;0.0;2.0;120.0;14.99277828505022;19.602610459409274;0.0;11.0;0.0;6.046042095752652;4385.0;5334.0;8414.0;11035.0;11627.0;12047.0;12047.0;12047.0;12047.0;36.39910351124762;44.27658338175479;69.84311446833237;91.59956835726737;96.51365485183034;100.0;100.0;100.0;100.0;7690.0;6805.0;3633.0;1012.0;420.0;0.0;0.0;0.0;0.0;0.0;0.0;63.83331949863037;56.48709222212999;30.156885531667637;8.40043164273263;3.4863451481696686;0.0;0.0;0.0;0.0;0.0;0.0;3780.0;31034.0;31762.0;31762.0;31762.0;31762.0;31762.0;31762.0;31762.0;11.9010137900636;97.70795289969145;100.0;100.0;100.0;100.0;100.0;100.0;100.0;27982.0;3531.0;0.0;0.0;0.0;0.0;0.0;0.0;0.0;0.0;0.0;88.0989862099364;11.117058119765758;0.0;0.0;0.0;0.0;0.0;0.0;0.0;0.0;0.0;neos-933966;9;1610;0.05069;1567;0.056;MIR;24689;-453629.8464609122;453629.8464609122;706144.7071094676;706144.7071094676;0.6424035213940785;-47797626.68129441;47797626.68129441;<;-17146528.978044003;1
31762.0;12047.0;2.636507014194405;0.0;0.0;0.0;0.0;12047.0;180618.0;180618.0;0.04720350823326686;27982.0;0.0;27982.0;3780.0;88.0989862099364;88.0989862099364;3780.0;11.9010137900636;0.0;0.0;0.0;0.0;5075.0;42.1266705403835;0.0;0.0;0.0;0.0;0.0;0.0;0.0;0.0;0.0;0.0;55.0;0.4565451979745995;0.0;0.0;0.0;0.0;0.0;0.0;0.0;0.0;0.0;0.0;3243.0;26.919565036938657;0.0;0.0;0.0;0.0;0.0;0.0;0.0;0.0;137527.0;76.14246642084399;137527.0;76.14246642084399;0.0;0.0;0.0;0.0;0.0;0.0;0.0;0.0;760.0;0.4207775526248768;0.0;0.0;0.0;0.0;0.0;0.0;0.0;0.0;0.0;0.0;34983.0;19.368501478257983;0.0;0.0;0.0;0.0;0.0;0.0;-1.0;1.0;0.9249022799499497;0.38020490862610556;1.0;0.0;3.7548860025025195;2.0;6782.0;3.7548860025025195;-1.0;1000.0;20.69951514388263;139.31092283530572;1000.0;0.0;5.783640828663182;3.0;1837.0;5.783640828663182;0.0;14.0;1.2471154644309788;1.1923547047933125;14.0;0.0;0.0;13.0;0.0;0.0;2.0;120.0;14.99277828505022;19.602610459409274;0.0;11.0;0.0;6.046042095752652;4385.0;5334.0;8414.0;11035.0;11627.0;12047.0;12047.0;12047.0;12047.0;36.39910351124762;44.27658338175479;69.84311446833237;91.59956835726737;96.51365485183034;100.0;100.0;100.0;100.0;7690.0;6805.0;3633.0;1012.0;420.0;0.0;0.0;0.0;0.0;0.0;0.0;63.83331949863037;56.48709222212999;30.156885531667637;8.40043164273263;3.4863451481696686;0.0;0.0;0.0;0.0;0.0;0.0;3780.0;31034.0;31762.0;31762.0;31762.0;31762.0;31762.0;31762.0;31762.0;11.9010137900636;97.70795289969145;100.0;100.0;100.0;100.0;100.0;100.0;100.0;27982.0;3531.0;0.0;0.0;0.0;0.0;0.0;0.0;0.0;0.0;0.0;88.0989862099364;11.117058119765758;0.0;0.0;0.0;0.0;0.0;0.0;0.0;0.0;0.0;neos-933966;9;1610;0.05069;1567;0.056;MIR;24689;-298303.2545640984;298303.2545640984;464353.95386956783;464353.95386956783;0.6424048984148171;-31431527.59465364;31431527.59465364;<;-11275875.08988678;1
31762.0;12047.0;2.636507014194405;0.0;0.0;0.0;0.0;12047.0;180618.0;180618.0;0.04720350823326686;27982.0;0.0;27982.0;3780.0;88.0989862099364;88.0989862099364;3780.0;11.9010137900636;0.0;0.0;0.0;0.0;5075.0;42.1266705403835;0.0;0.0;0.0;0.0;0.0;0.0;0.0;0.0;0.0;0.0;55.0;0.4565451979745995;0.0;0.0;0.0;0.0;0.0;0.0;0.0;0.0;0.0;0.0;3243.0;26.919565036938657;0.0;0.0;0.0;0.0;0.0;0.0;0.0;0.0;137527.0;76.14246642084399;137527.0;76.14246642084399;0.0;0.0;0.0;0.0;0.0;0.0;0.0;0.0;760.0;0.4207775526248768;0.0;0.0;0.0;0.0;0.0;0.0;0.0;0.0;0.0;0.0;34983.0;19.368501478257983;0.0;0.0;0.0;0.0;0.0;0.0;-1.0;1.0;0.9249022799499497;0.38020490862610556;1.0;0.0;3.7548860025025195;2.0;6782.0;3.7548860025025195;-1.0;1000.0;20.69951514388263;139.31092283530572;1000.0;0.0;5.783640828663182;3.0;1837.0;5.783640828663182;0.0;14.0;1.2471154644309788;1.1923547047933125;14.0;0.0;0.0;13.0;0.0;0.0;2.0;120.0;14.99277828505022;19.602610459409274;0.0;11.0;0.0;6.046042095752652;4385.0;5334.0;8414.0;11035.0;11627.0;12047.0;12047.0;12047.0;12047.0;36.39910351124762;44.27658338175479;69.84311446833237;91.59956835726737;96.51365485183034;100.0;100.0;100.0;100.0;7690.0;6805.0;3633.0;1012.0;420.0;0.0;0.0;0.0;0.0;0.0;0.0;63.83331949863037;56.48709222212999;30.156885531667637;8.40043164273263;3.4863451481696686;0.0;0.0;0.0;0.0;0.0;0.0;3780.0;31034.0;31762.0;31762.0;31762.0;31762.0;31762.0;31762.0;31762.0;11.9010137900636;97.70795289969145;100.0;100.0;100.0;100.0;100.0;100.0;100.0;27982.0;3531.0;0.0;0.0;0.0;0.0;0.0;0.0;0.0;0.0;0.0;88.0989862099364;11.117058119765758;0.0;0.0;0.0;0.0;0.0;0.0;0.0;0.0;0.0;neos-933966;9;1610;0.05069;1567;0.056;MIR;24422;-3687.458429417055;3687.458429417055;8604.640124154124;8604.640124154124;0.4285430158858095;-524131.25833662093;524131.25833662093;<;-198731.2472180765;1
31762.0;12047.0;2.636507014194405;0.0;0.0;0.0;0.0;12047.0;180618.0;180618.0;0.04720350823326686;27982.0;0.0;27982.0;3780.0;88.0989862099364;88.0989862099364;3780.0;11.9010137900636;0.0;0.0;0.0;0.0;5075.0;42.1266705403835;0.0;0.0;0.0;0.0;0.0;0.0;0.0;0.0;0.0;0.0;55.0;0.4565451979745995;0.0;0.0;0.0;0.0;0.0;0.0;0.0;0.0;0.0;0.0;3243.0;26.919565036938657;0.0;0.0;0.0;0.0;0.0;0.0;0.0;0.0;137527.0;76.14246642084399;137527.0;76.14246642084399;0.0;0.0;0.0;0.0;0.0;0.0;0.0;0.0;760.0;0.4207775526248768;0.0;0.0;0.0;0.0;0.0;0.0;0.0;0.0;0.0;0.0;34983.0;19.368501478257983;0.0;0.0;0.0;0.0;0.0;0.0;-1.0;1.0;0.9249022799499497;0.38020490862610556;1.0;0.0;3.7548860025025195;2.0;6782.0;3.7548860025025195;-1.0;1000.0;20.69951514388263;139.31092283530572;1000.0;0.0;5.783640828663182;3.0;1837.0;5.783640828663182;0.0;14.0;1.2471154644309788;1.1923547047933125;14.0;0.0;0.0;13.0;0.0;0.0;2.0;120.0;14.99277828505022;19.602610459409274;0.0;11.0;0.0;6.046042095752652;4385.0;5334.0;8414.0;11035.0;11627.0;12047.0;12047.0;12047.0;12047.0;36.39910351124762;44.27658338175479;69.84311446833237;91.59956835726737;96.51365485183034;100.0;100.0;100.0;100.0;7690.0;6805.0;3633.0;1012.0;420.0;0.0;0.0;0.0;0.0;0.0;0.0;63.83331949863037;56.48709222212999;30.156885531667637;8.40043164273263;3.4863451481696686;0.0;0.0;0.0;0.0;0.0;0.0;3780.0;31034.0;31762.0;31762.0;31762.0;31762.0;31762.0;31762.0;31762.0;11.9010137900636;97.70795289969145;100.0;100.0;100.0;100.0;100.0;100.0;100.0;27982.0;3531.0;0.0;0.0;0.0;0.0;0.0;0.0;0.0;0.0;0.0;88.0989862099364;11.117058119765758;0.0;0.0;0.0;0.0;0.0;0.0;0.0;0.0;0.0;neos-933966;9;1610;0.05069;1567;0.056;MIR;24422;-3046802.6004103175;3046802.6004103175;7109676.791789473;7109676.791789473;0.4285430533113519;-433069389.01115364;433069389.01115364;<;-164204346.69184047;1
31762.0;12047.0;2.636507014194405;0.0;0.0;0.0;0.0;12047.0;180618.0;180618.0;0.04720350823326686;27982.0;0.0;27982.0;3780.0;88.0989862099364;88.0989862099364;3780.0;11.9010137900636;0.0;0.0;0.0;0.0;5075.0;42.1266705403835;0.0;0.0;0.0;0.0;0.0;0.0;0.0;0.0;0.0;0.0;55.0;0.4565451979745995;0.0;0.0;0.0;0.0;0.0;0.0;0.0;0.0;0.0;0.0;3243.0;26.919565036938657;0.0;0.0;0.0;0.0;0.0;0.0;0.0;0.0;137527.0;76.14246642084399;137527.0;76.14246642084399;0.0;0.0;0.0;0.0;0.0;0.0;0.0;0.0;760.0;0.4207775526248768;0.0;0.0;0.0;0.0;0.0;0.0;0.0;0.0;0.0;0.0;34983.0;19.368501478257983;0.0;0.0;0.0;0.0;0.0;0.0;-1.0;1.0;0.9249022799499497;0.38020490862610556;1.0;0.0;3.7548860025025195;2.0;6782.0;3.7548860025025195;-1.0;1000.0;20.69951514388263;139.31092283530572;1000.0;0.0;5.783640828663182;3.0;1837.0;5.783640828663182;0.0;14.0;1.2471154644309788;1.1923547047933125;14.0;0.0;0.0;13.0;0.0;0.0;2.0;120.0;14.99277828505022;19.602610459409274;0.0;11.0;0.0;6.046042095752652;4385.0;5334.0;8414.0;11035.0;11627.0;12047.0;12047.0;12047.0;12047.0;36.39910351124762;44.27658338175479;69.84311446833237;91.59956835726737;96.51365485183034;100.0;100.0;100.0;100.0;7690.0;6805.0;3633.0;1012.0;420.0;0.0;0.0;0.0;0.0;0.0;0.0;63.83331949863037;56.48709222212999;30.156885531667637;8.40043164273263;3.4863451481696686;0.0;0.0;0.0;0.0;0.0;0.0;3780.0;31034.0;31762.0;31762.0;31762.0;31762.0;31762.0;31762.0;31762.0;11.9010137900636;97.70795289969145;100.0;100.0;100.0;100.0;100.0;100.0;100.0;27982.0;3531.0;0.0;0.0;0.0;0.0;0.0;0.0;0.0;0.0;0.0;88.0989862099364;11.117058119765758;0.0;0.0;0.0;0.0;0.0;0.0;0.0;0.0;0.0;neos-933966;9;1610;0.05069;1567;0.056;MIR;24149;-892439.400624727;892439.400624727;2088342.5287069534;2088342.5287069534;0.42734340193574566;-102542466.06077449;102542466.06077449;<;-37927437.466003574;1
31762.0;12047.0;2.636507014194405;0.0;0.0;0.0;0.0;12047.0;180618.0;180618.0;0.04720350823326686;27982.0;0.0;27982.0;3780.0;88.0989862099364;88.0989862099364;3780.0;11.9010137900636;0.0;0.0;0.0;0.0;5075.0;42.1266705403835;0.0;0.0;0.0;0.0;0.0;0.0;0.0;0.0;0.0;0.0;55.0;0.4565451979745995;0.0;0.0;0.0;0.0;0.0;0.0;0.0;0.0;0.0;0.0;3243.0;26.919565036938657;0.0;0.0;0.0;0.0;0.0;0.0;0.0;0.0;137527.0;76.14246642084399;137527.0;76.14246642084399;0.0;0.0;0.0;0.0;0.0;0.0;0.0;0.0;760.0;0.4207775526248768;0.0;0.0;0.0;0.0;0.0;0.0;0.0;0.0;0.0;0.0;34983.0;19.368501478257983;0.0;0.0;0.0;0.0;0.0;0.0;-1.0;1.0;0.9249022799499497;0.38020490862610556;1.0;0.0;3.7548860025025195;2.0;6782.0;3.7548860025025195;-1.0;1000.0;20.69951514388263;139.31092283530572;1000.0;0.0;5.783640828663182;3.0;1837.0;5.783640828663182;0.0;14.0;1.2471154644309788;1.1923547047933125;14.0;0.0;0.0;13.0;0.0;0.0;2.0;120.0;14.99277828505022;19.602610459409274;0.0;11.0;0.0;6.046042095752652;4385.0;5334.0;8414.0;11035.0;11627.0;12047.0;12047.0;12047.0;12047.0;36.39910351124762;44.27658338175479;69.84311446833237;91.59956835726737;96.51365485183034;100.0;100.0;100.0;100.0;7690.0;6805.0;3633.0;1012.0;420.0;0.0;0.0;0.0;0.0;0.0;0.0;63.83331949863037;56.48709222212999;30.156885531667637;8.40043164273263;3.4863451481696686;0.0;0.0;0.0;0.0;0.0;0.0;3780.0;31034.0;31762.0;31762.0;31762.0;31762.0;31762.0;31762.0;31762.0;11.9010137900636;97.70795289969145;100.0;100.0;100.0;100.0;100.0;100.0;100.0;27982.0;3531.0;0.0;0.0;0.0;0.0;0.0;0.0;0.0;0.0;0.0;88.0989862099364;11.117058119765758;0.0;0.0;0.0;0.0;0.0;0.0;0.0;0.0;0.0;neos-933966;9;1610;0.05069;1567;0.056;MIR;24139;-16443.28725610582;16443.28725610582;38475.96656756266;38475.96656756266;0.4273651508463574;-1889572.589616996;1889572.589616996;<;-699292.3560054328;1
31762.0;12047.0;2.636507014194405;0.0;0.0;0.0;0.0;12047.0;180618.0;180618.0;0.04720350823326686;27982.0;0.0;27982.0;3780.0;88.0989862099364;88.0989862099364;3780.0;11.9010137900636;0.0;0.0;0.0;0.0;5075.0;42.1266705403835;0.0;0.0;0.0;0.0;0.0;0.0;0.0;0.0;0.0;0.0;55.0;0.4565451979745995;0.0;0.0;0.0;0.0;0.0;0.0;0.0;0.0;0.0;0.0;3243.0;26.919565036938657;0.0;0.0;0.0;0.0;0.0;0.0;0.0;0.0;137527.0;76.14246642084399;137527.0;76.14246642084399;0.0;0.0;0.0;0.0;0.0;0.0;0.0;0.0;760.0;0.4207775526248768;0.0;0.0;0.0;0.0;0.0;0.0;0.0;0.0;0.0;0.0;34983.0;19.368501478257983;0.0;0.0;0.0;0.0;0.0;0.0;-1.0;1.0;0.9249022799499497;0.38020490862610556;1.0;0.0;3.7548860025025195;2.0;6782.0;3.7548860025025195;-1.0;1000.0;20.69951514388263;139.31092283530572;1000.0;0.0;5.783640828663182;3.0;1837.0;5.783640828663182;0.0;14.0;1.2471154644309788;1.1923547047933125;14.0;0.0;0.0;13.0;0.0;0.0;2.0;120.0;14.99277828505022;19.602610459409274;0.0;11.0;0.0;6.046042095752652;4385.0;5334.0;8414.0;11035.0;11627.0;12047.0;12047.0;12047.0;12047.0;36.39910351124762;44.27658338175479;69.84311446833237;91.59956835726737;96.51365485183034;100.0;100.0;100.0;100.0;7690.0;6805.0;3633.0;1012.0;420.0;0.0;0.0;0.0;0.0;0.0;0.0;63.83331949863037;56.48709222212999;30.156885531667637;8.40043164273263;3.4863451481696686;0.0;0.0;0.0;0.0;0.0;0.0;3780.0;31034.0;31762.0;31762.0;31762.0;31762.0;31762.0;31762.0;31762.0;11.9010137900636;97.70795289969145;100.0;100.0;100.0;100.0;100.0;100.0;100.0;27982.0;3531.0;0.0;0.0;0.0;0.0;0.0;0.0;0.0;0.0;0.0;88.0989862099364;11.117058119765758;0.0;0.0;0.0;0.0;0.0;0.0;0.0;0.0;0.0;neos-933966;9;1610;0.05069;1567;0.056;MIR;24499;-3019.5529053857003;3019.5529053857003;8063.694502967439;8063.694502967439;0.374462711139975;-465893.6386671038;465893.6386671038;<;-164850.62759223912;1
31762.0;12047.0;2.636507014194405;0.0;0.0;0.0;0.0;12047.0;180618.0;180618.0;0.04720350823326686;27982.0;0.0;27982.0;3780.0;88.0989862099364;88.0989862099364;3780.0;11.9010137900636;0.0;0.0;0.0;0.0;5075.0;42.1266705403835;0.0;0.0;0.0;0.0;0.0;0.0;0.0;0.0;0.0;0.0;55.0;0.4565451979745995;0.0;0.0;0.0;0.0;0.0;0.0;0.0;0.0;0.0;0.0;3243.0;26.919565036938657;0.0;0.0;0.0;0.0;0.0;0.0;0.0;0.0;137527.0;76.14246642084399;137527.0;76.14246642084399;0.0;0.0;0.0;0.0;0.0;0.0;0.0;0.0;760.0;0.4207775526248768;0.0;0.0;0.0;0.0;0.0;0.0;0.0;0.0;0.0;0.0;34983.0;19.368501478257983;0.0;0.0;0.0;0.0;0.0;0.0;-1.0;1.0;0.9249022799499497;0.38020490862610556;1.0;0.0;3.7548860025025195;2.0;6782.0;3.7548860025025195;-1.0;1000.0;20.69951514388263;139.31092283530572;1000.0;0.0;5.783640828663182;3.0;1837.0;5.783640828663182;0.0;14.0;1.2471154644309788;1.1923547047933125;14.0;0.0;0.0;13.0;0.0;0.0;2.0;120.0;14.99277828505022;19.602610459409274;0.0;11.0;0.0;6.046042095752652;4385.0;5334.0;8414.0;11035.0;11627.0;12047.0;12047.0;12047.0;12047.0;36.39910351124762;44.27658338175479;69.84311446833237;91.59956835726737;96.51365485183034;100.0;100.0;100.0;100.0;7690.0;6805.0;3633.0;1012.0;420.0;0.0;0.0;0.0;0.0;0.0;0.0;63.83331949863037;56.48709222212999;30.156885531667637;8.40043164273263;3.4863451481696686;0.0;0.0;0.0;0.0;0.0;0.0;3780.0;31034.0;31762.0;31762.0;31762.0;31762.0;31762.0;31762.0;31762.0;11.9010137900636;97.70795289969145;100.0;100.0;100.0;100.0;100.0;100.0;100.0;27982.0;3531.0;0.0;0.0;0.0;0.0;0.0;0.0;0.0;0.0;0.0;88.0989862099364;11.117058119765758;0.0;0.0;0.0;0.0;0.0;0.0;0.0;0.0;0.0;neos-933966;9;1610;0.05069;1567;0.056;MIR;24481;-7216.737124056007;7216.737124056007;19271.016228801614;19271.016228801614;0.37448658847944866;-1113736.0715974856;1113736.0715974856;<;-394474.5948767619;1
31762.0;12047.0;2.636507014194405;0.0;0.0;0.0;0.0;12047.0;180618.0;180618.0;0.04720350823326686;27982.0;0.0;27982.0;3780.0;88.0989862099364;88.0989862099364;3780.0;11.9010137900636;0.0;0.0;0.0;0.0;5075.0;42.1266705403835;0.0;0.0;0.0;0.0;0.0;0.0;0.0;0.0;0.0;0.0;55.0;0.4565451979745995;0.0;0.0;0.0;0.0;0.0;0.0;0.0;0.0;0.0;0.0;3243.0;26.919565036938657;0.0;0.0;0.0;0.0;0.0;0.0;0.0;0.0;137527.0;76.14246642084399;137527.0;76.14246642084399;0.0;0.0;0.0;0.0;0.0;0.0;0.0;0.0;760.0;0.4207775526248768;0.0;0.0;0.0;0.0;0.0;0.0;0.0;0.0;0.0;0.0;34983.0;19.368501478257983;0.0;0.0;0.0;0.0;0.0;0.0;-1.0;1.0;0.9249022799499497;0.38020490862610556;1.0;0.0;3.7548860025025195;2.0;6782.0;3.7548860025025195;-1.0;1000.0;20.69951514388263;139.31092283530572;1000.0;0.0;5.783640828663182;3.0;1837.0;5.783640828663182;0.0;14.0;1.2471154644309788;1.1923547047933125;14.0;0.0;0.0;13.0;0.0;0.0;2.0;120.0;14.99277828505022;19.602610459409274;0.0;11.0;0.0;6.046042095752652;4385.0;5334.0;8414.0;11035.0;11627.0;12047.0;12047.0;12047.0;12047.0;36.39910351124762;44.27658338175479;69.84311446833237;91.59956835726737;96.51365485183034;100.0;100.0;100.0;100.0;7690.0;6805.0;3633.0;1012.0;420.0;0.0;0.0;0.0;0.0;0.0;0.0;63.83331949863037;56.48709222212999;30.156885531667637;8.40043164273263;3.4863451481696686;0.0;0.0;0.0;0.0;0.0;0.0;3780.0;31034.0;31762.0;31762.0;31762.0;31762.0;31762.0;31762.0;31762.0;11.9010137900636;97.70795289969145;100.0;100.0;100.0;100.0;100.0;100.0;100.0;27982.0;3531.0;0.0;0.0;0.0;0.0;0.0;0.0;0.0;0.0;0.0;88.0989862099364;11.117058119765758;0.0;0.0;0.0;0.0;0.0;0.0;0.0;0.0;0.0;neos-933966;9;1610;0.05069;1567;0.056;MIR;25104;-33495.81379778748;33495.81379778748;80770.19037885909;80770.19037885909;0.4147051485290881;-4974862.622668461;4974862.622668461;<;-1774505.4376449096;1
31762.0;12047.0;2.636507014194405;0.0;0.0;0.0;0.0;12047.0;180618.0;180618.0;0.04720350823326686;27982.0;0.0;27982.0;3780.0;88.0989862099364;88.0989862099364;3780.0;11.9010137900636;0.0;0.0;0.0;0.0;5075.0;42.1266705403835;0.0;0.0;0.0;0.0;0.0;0.0;0.0;0.0;0.0;0.0;55.0;0.4565451979745995;0.0;0.0;0.0;0.0;0.0;0.0;0.0;0.0;0.0;0.0;3243.0;26.919565036938657;0.0;0.0;0.0;0.0;0.0;0.0;0.0;0.0;137527.0;76.14246642084399;137527.0;76.14246642084399;0.0;0.0;0.0;0.0;0.0;0.0;0.0;0.0;760.0;0.4207775526248768;0.0;0.0;0.0;0.0;0.0;0.0;0.0;0.0;0.0;0.0;34983.0;19.368501478257983;0.0;0.0;0.0;0.0;0.0;0.0;-1.0;1.0;0.9249022799499497;0.38020490862610556;1.0;0.0;3.7548860025025195;2.0;6782.0;3.7548860025025195;-1.0;1000.0;20.69951514388263;139.31092283530572;1000.0;0.0;5.783640828663182;3.0;1837.0;5.783640828663182;0.0;14.0;1.2471154644309788;1.1923547047933125;14.0;0.0;0.0;13.0;0.0;0.0;2.0;120.0;14.99277828505022;19.602610459409274;0.0;11.0;0.0;6.046042095752652;4385.0;5334.0;8414.0;11035.0;11627.0;12047.0;12047.0;12047.0;12047.0;36.39910351124762;44.27658338175479;69.84311446833237;91.59956835726737;96.51365485183034;100.0;100.0;100.0;100.0;7690.0;6805.0;3633.0;1012.0;420.0;0.0;0.0;0.0;0.0;0.0;0.0;63.83331949863037;56.48709222212999;30.156885531667637;8.40043164273263;3.4863451481696686;0.0;0.0;0.0;0.0;0.0;0.0;3780.0;31034.0;31762.0;31762.0;31762.0;31762.0;31762.0;31762.0;31762.0;11.9010137900636;97.70795289969145;100.0;100.0;100.0;100.0;100.0;100.0;100.0;27982.0;3531.0;0.0;0.0;0.0;0.0;0.0;0.0;0.0;0.0;0.0;88.0989862099364;11.117058119765758;0.0;0.0;0.0;0.0;0.0;0.0;0.0;0.0;0.0;neos-933966;9;1610;0.05069;1567;0.056;MIR;25104;-87481.88452662203;87481.88452662203;210948.816739084;210948.816739084;0.41470668515209375;-12993220.109505972;12993220.109505972;<;-4635007.461788564;1
31762.0;12047.0;2.636507014194405;0.0;0.0;0.0;0.0;12047.0;180618.0;180618.0;0.04720350823326686;27982.0;0.0;27982.0;3780.0;88.0989862099364;88.0989862099364;3780.0;11.9010137900636;0.0;0.0;0.0;0.0;5075.0;42.1266705403835;0.0;0.0;0.0;0.0;0.0;0.0;0.0;0.0;0.0;0.0;55.0;0.4565451979745995;0.0;0.0;0.0;0.0;0.0;0.0;0.0;0.0;0.0;0.0;3243.0;26.919565036938657;0.0;0.0;0.0;0.0;0.0;0.0;0.0;0.0;137527.0;76.14246642084399;137527.0;76.14246642084399;0.0;0.0;0.0;0.0;0.0;0.0;0.0;0.0;760.0;0.4207775526248768;0.0;0.0;0.0;0.0;0.0;0.0;0.0;0.0;0.0;0.0;34983.0;19.368501478257983;0.0;0.0;0.0;0.0;0.0;0.0;-1.0;1.0;0.9249022799499497;0.38020490862610556;1.0;0.0;3.7548860025025195;2.0;6782.0;3.7548860025025195;-1.0;1000.0;20.69951514388263;139.31092283530572;1000.0;0.0;5.783640828663182;3.0;1837.0;5.783640828663182;0.0;14.0;1.2471154644309788;1.1923547047933125;14.0;0.0;0.0;13.0;0.0;0.0;2.0;120.0;14.99277828505022;19.602610459409274;0.0;11.0;0.0;6.046042095752652;4385.0;5334.0;8414.0;11035.0;11627.0;12047.0;12047.0;12047.0;12047.0;36.39910351124762;44.27658338175479;69.84311446833237;91.59956835726737;96.51365485183034;100.0;100.0;100.0;100.0;7690.0;6805.0;3633.0;1012.0;420.0;0.0;0.0;0.0;0.0;0.0;0.0;63.83331949863037;56.48709222212999;30.156885531667637;8.40043164273263;3.4863451481696686;0.0;0.0;0.0;0.0;0.0;0.0;3780.0;31034.0;31762.0;31762.0;31762.0;31762.0;31762.0;31762.0;31762.0;11.9010137900636;97.70795289969145;100.0;100.0;100.0;100.0;100.0;100.0;100.0;27982.0;3531.0;0.0;0.0;0.0;0.0;0.0;0.0;0.0;0.0;0.0;88.0989862099364;11.117058119765758;0.0;0.0;0.0;0.0;0.0;0.0;0.0;0.0;0.0;neos-933966;9;1610;0.05069;1567;0.056;MIR;24501;-487.3824386445743;487.3824386445743;1208.5808879931803;1208.5808879931803;0.40326836497792146;-77584.82558763535;77584.82558763535;<;-27368.09558249366;1
31762.0;12047.0;2.636507014194405;0.0;0.0;0.0;0.0;12047.0;180618.0;180618.0;0.04720350823326686;27982.0;0.0;27982.0;3780.0;88.0989862099364;88.0989862099364;3780.0;11.9010137900636;0.0;0.0;0.0;0.0;5075.0;42.1266705403835;0.0;0.0;0.0;0.0;0.0;0.0;0.0;0.0;0.0;0.0;55.0;0.4565451979745995;0.0;0.0;0.0;0.0;0.0;0.0;0.0;0.0;0.0;0.0;3243.0;26.919565036938657;0.0;0.0;0.0;0.0;0.0;0.0;0.0;0.0;137527.0;76.14246642084399;137527.0;76.14246642084399;0.0;0.0;0.0;0.0;0.0;0.0;0.0;0.0;760.0;0.4207775526248768;0.0;0.0;0.0;0.0;0.0;0.0;0.0;0.0;0.0;0.0;34983.0;19.368501478257983;0.0;0.0;0.0;0.0;0.0;0.0;-1.0;1.0;0.9249022799499497;0.38020490862610556;1.0;0.0;3.7548860025025195;2.0;6782.0;3.7548860025025195;-1.0;1000.0;20.69951514388263;139.31092283530572;1000.0;0.0;5.783640828663182;3.0;1837.0;5.783640828663182;0.0;14.0;1.2471154644309788;1.1923547047933125;14.0;0.0;0.0;13.0;0.0;0.0;2.0;120.0;14.99277828505022;19.602610459409274;0.0;11.0;0.0;6.046042095752652;4385.0;5334.0;8414.0;11035.0;11627.0;12047.0;12047.0;12047.0;12047.0;36.39910351124762;44.27658338175479;69.84311446833237;91.59956835726737;96.51365485183034;100.0;100.0;100.0;100.0;7690.0;6805.0;3633.0;1012.0;420.0;0.0;0.0;0.0;0.0;0.0;0.0;63.83331949863037;56.48709222212999;30.156885531667637;8.40043164273263;3.4863451481696686;0.0;0.0;0.0;0.0;0.0;0.0;3780.0;31034.0;31762.0;31762.0;31762.0;31762.0;31762.0;31762.0;31762.0;11.9010137900636;97.70795289969145;100.0;100.0;100.0;100.0;100.0;100.0;100.0;27982.0;3531.0;0.0;0.0;0.0;0.0;0.0;0.0;0.0;0.0;0.0;88.0989862099364;11.117058119765758;0.0;0.0;0.0;0.0;0.0;0.0;0.0;0.0;0.0;neos-933966;9;1610;0.05069;1567;0.056;MIR;24501;-233689.52199057266;233689.52199057266;579486.3626584767;579486.3626584767;0.4032700975368747;-37200350.003060535;37200350.003060535;<;-13122746.356638871;1
31762.0;12047.0;2.636507014194405;0.0;0.0;0.0;0.0;12047.0;180618.0;180618.0;0.04720350823326686;27982.0;0.0;27982.0;3780.0;88.0989862099364;88.0989862099364;3780.0;11.9010137900636;0.0;0.0;0.0;0.0;5075.0;42.1266705403835;0.0;0.0;0.0;0.0;0.0;0.0;0.0;0.0;0.0;0.0;55.0;0.4565451979745995;0.0;0.0;0.0;0.0;0.0;0.0;0.0;0.0;0.0;0.0;3243.0;26.919565036938657;0.0;0.0;0.0;0.0;0.0;0.0;0.0;0.0;137527.0;76.14246642084399;137527.0;76.14246642084399;0.0;0.0;0.0;0.0;0.0;0.0;0.0;0.0;760.0;0.4207775526248768;0.0;0.0;0.0;0.0;0.0;0.0;0.0;0.0;0.0;0.0;34983.0;19.368501478257983;0.0;0.0;0.0;0.0;0.0;0.0;-1.0;1.0;0.9249022799499497;0.38020490862610556;1.0;0.0;3.7548860025025195;2.0;6782.0;3.7548860025025195;-1.0;1000.0;20.69951514388263;139.31092283530572;1000.0;0.0;5.783640828663182;3.0;1837.0;5.783640828663182;0.0;14.0;1.2471154644309788;1.1923547047933125;14.0;0.0;0.0;13.0;0.0;0.0;2.0;120.0;14.99277828505022;19.602610459409274;0.0;11.0;0.0;6.046042095752652;4385.0;5334.0;8414.0;11035.0;11627.0;12047.0;12047.0;12047.0;12047.0;36.39910351124762;44.27658338175479;69.84311446833237;91.59956835726737;96.51365485183034;100.0;100.0;100.0;100.0;7690.0;6805.0;3633.0;1012.0;420.0;0.0;0.0;0.0;0.0;0.0;0.0;63.83331949863037;56.48709222212999;30.156885531667637;8.40043164273263;3.4863451481696686;0.0;0.0;0.0;0.0;0.0;0.0;3780.0;31034.0;31762.0;31762.0;31762.0;31762.0;31762.0;31762.0;31762.0;11.9010137900636;97.70795289969145;100.0;100.0;100.0;100.0;100.0;100.0;100.0;27982.0;3531.0;0.0;0.0;0.0;0.0;0.0;0.0;0.0;0.0;0.0;88.0989862099364;11.117058119765758;0.0;0.0;0.0;0.0;0.0;0.0;0.0;0.0;0.0;neos-933966;9;1610;0.05069;1567;0.056;MIR;24412;-118.56533011193419;118.56533011193419;306.24471363778775;306.24471363778775;0.3871587813011781;-20511.35035113424;20511.35035113424;<;-7315.081584183261;1
31762.0;12047.0;2.636507014194405;0.0;0.0;0.0;0.0;12047.0;180618.0;180618.0;0.04720350823326686;27982.0;0.0;27982.0;3780.0;88.0989862099364;88.0989862099364;3780.0;11.9010137900636;0.0;0.0;0.0;0.0;5075.0;42.1266705403835;0.0;0.0;0.0;0.0;0.0;0.0;0.0;0.0;0.0;0.0;55.0;0.4565451979745995;0.0;0.0;0.0;0.0;0.0;0.0;0.0;0.0;0.0;0.0;3243.0;26.919565036938657;0.0;0.0;0.0;0.0;0.0;0.0;0.0;0.0;137527.0;76.14246642084399;137527.0;76.14246642084399;0.0;0.0;0.0;0.0;0.0;0.0;0.0;0.0;760.0;0.4207775526248768;0.0;0.0;0.0;0.0;0.0;0.0;0.0;0.0;0.0;0.0;34983.0;19.368501478257983;0.0;0.0;0.0;0.0;0.0;0.0;-1.0;1.0;0.9249022799499497;0.38020490862610556;1.0;0.0;3.7548860025025195;2.0;6782.0;3.7548860025025195;-1.0;1000.0;20.69951514388263;139.31092283530572;1000.0;0.0;5.783640828663182;3.0;1837.0;5.783640828663182;0.0;14.0;1.2471154644309788;1.1923547047933125;14.0;0.0;0.0;13.0;0.0;0.0;2.0;120.0;14.99277828505022;19.602610459409274;0.0;11.0;0.0;6.046042095752652;4385.0;5334.0;8414.0;11035.0;11627.0;12047.0;12047.0;12047.0;12047.0;36.39910351124762;44.27658338175479;69.84311446833237;91.59956835726737;96.51365485183034;100.0;100.0;100.0;100.0;7690.0;6805.0;3633.0;1012.0;420.0;0.0;0.0;0.0;0.0;0.0;0.0;63.83331949863037;56.48709222212999;30.156885531667637;8.40043164273263;3.4863451481696686;0.0;0.0;0.0;0.0;0.0;0.0;3780.0;31034.0;31762.0;31762.0;31762.0;31762.0;31762.0;31762.0;31762.0;11.9010137900636;97.70795289969145;100.0;100.0;100.0;100.0;100.0;100.0;100.0;27982.0;3531.0;0.0;0.0;0.0;0.0;0.0;0.0;0.0;0.0;0.0;88.0989862099364;11.117058119765758;0.0;0.0;0.0;0.0;0.0;0.0;0.0;0.0;0.0;neos-933966;9;1610;0.05069;1567;0.056;MIR;24412;-273791.3363393514;273791.3363393514;707184.7508217855;707184.7508217855;0.3871567309973689;-47364739.57968485;47364739.57968485;<;-16891490.68715954;1
31762.0;12047.0;2.636507014194405;0.0;0.0;0.0;0.0;12047.0;180618.0;180618.0;0.04720350823326686;27982.0;0.0;27982.0;3780.0;88.0989862099364;88.0989862099364;3780.0;11.9010137900636;0.0;0.0;0.0;0.0;5075.0;42.1266705403835;0.0;0.0;0.0;0.0;0.0;0.0;0.0;0.0;0.0;0.0;55.0;0.4565451979745995;0.0;0.0;0.0;0.0;0.0;0.0;0.0;0.0;0.0;0.0;3243.0;26.919565036938657;0.0;0.0;0.0;0.0;0.0;0.0;0.0;0.0;137527.0;76.14246642084399;137527.0;76.14246642084399;0.0;0.0;0.0;0.0;0.0;0.0;0.0;0.0;760.0;0.4207775526248768;0.0;0.0;0.0;0.0;0.0;0.0;0.0;0.0;0.0;0.0;34983.0;19.368501478257983;0.0;0.0;0.0;0.0;0.0;0.0;-1.0;1.0;0.9249022799499497;0.38020490862610556;1.0;0.0;3.7548860025025195;2.0;6782.0;3.7548860025025195;-1.0;1000.0;20.69951514388263;139.31092283530572;1000.0;0.0;5.783640828663182;3.0;1837.0;5.783640828663182;0.0;14.0;1.2471154644309788;1.1923547047933125;14.0;0.0;0.0;13.0;0.0;0.0;2.0;120.0;14.99277828505022;19.602610459409274;0.0;11.0;0.0;6.046042095752652;4385.0;5334.0;8414.0;11035.0;11627.0;12047.0;12047.0;12047.0;12047.0;36.39910351124762;44.27658338175479;69.84311446833237;91.59956835726737;96.51365485183034;100.0;100.0;100.0;100.0;7690.0;6805.0;3633.0;1012.0;420.0;0.0;0.0;0.0;0.0;0.0;0.0;63.83331949863037;56.48709222212999;30.156885531667637;8.40043164273263;3.4863451481696686;0.0;0.0;0.0;0.0;0.0;0.0;3780.0;31034.0;31762.0;31762.0;31762.0;31762.0;31762.0;31762.0;31762.0;11.9010137900636;97.70795289969145;100.0;100.0;100.0;100.0;100.0;100.0;100.0;27982.0;3531.0;0.0;0.0;0.0;0.0;0.0;0.0;0.0;0.0;0.0;88.0989862099364;11.117058119765758;0.0;0.0;0.0;0.0;0.0;0.0;0.0;0.0;0.0;neos-933966;9;1610;0.05069;1567;0.056;MIR;24164;-1340.8297239091341;1340.8297239091341;3624.823053215716;3624.823053215716;0.36990211776534415;-216593.30463091802;216593.30463091802;<;-74984.40869976272;1
31762.0;12047.0;2.636507014194405;0.0;0.0;0.0;0.0;12047.0;180618.0;180618.0;0.04720350823326686;27982.0;0.0;27982.0;3780.0;88.0989862099364;88.0989862099364;3780.0;11.9010137900636;0.0;0.0;0.0;0.0;5075.0;42.1266705403835;0.0;0.0;0.0;0.0;0.0;0.0;0.0;0.0;0.0;0.0;55.0;0.4565451979745995;0.0;0.0;0.0;0.0;0.0;0.0;0.0;0.0;0.0;0.0;3243.0;26.919565036938657;0.0;0.0;0.0;0.0;0.0;0.0;0.0;0.0;137527.0;76.14246642084399;137527.0;76.14246642084399;0.0;0.0;0.0;0.0;0.0;0.0;0.0;0.0;760.0;0.4207775526248768;0.0;0.0;0.0;0.0;0.0;0.0;0.0;0.0;0.0;0.0;34983.0;19.368501478257983;0.0;0.0;0.0;0.0;0.0;0.0;-1.0;1.0;0.9249022799499497;0.38020490862610556;1.0;0.0;3.7548860025025195;2.0;6782.0;3.7548860025025195;-1.0;1000.0;20.69951514388263;139.31092283530572;1000.0;0.0;5.783640828663182;3.0;1837.0;5.783640828663182;0.0;14.0;1.2471154644309788;1.1923547047933125;14.0;0.0;0.0;13.0;0.0;0.0;2.0;120.0;14.99277828505022;19.602610459409274;0.0;11.0;0.0;6.046042095752652;4385.0;5334.0;8414.0;11035.0;11627.0;12047.0;12047.0;12047.0;12047.0;36.39910351124762;44.27658338175479;69.84311446833237;91.59956835726737;96.51365485183034;100.0;100.0;100.0;100.0;7690.0;6805.0;3633.0;1012.0;420.0;0.0;0.0;0.0;0.0;0.0;0.0;63.83331949863037;56.48709222212999;30.156885531667637;8.40043164273263;3.4863451481696686;0.0;0.0;0.0;0.0;0.0;0.0;3780.0;31034.0;31762.0;31762.0;31762.0;31762.0;31762.0;31762.0;31762.0;11.9010137900636;97.70795289969145;100.0;100.0;100.0;100.0;100.0;100.0;100.0;27982.0;3531.0;0.0;0.0;0.0;0.0;0.0;0.0;0.0;0.0;0.0;88.0989862099364;11.117058119765758;0.0;0.0;0.0;0.0;0.0;0.0;0.0;0.0;0.0;neos-933966;9;1610;0.05069;1567;0.056;MIR;24159;-14211.803617491323;14211.803617491323;38418.784805593765;38418.784805593765;0.3699180931777438;-2295900.7971399403;2295900.7971399403;<;-795241.7167681057;1
31762.0;12047.0;2.636507014194405;0.0;0.0;0.0;0.0;12047.0;180618.0;180618.0;0.04720350823326686;27982.0;0.0;27982.0;3780.0;88.0989862099364;88.0989862099364;3780.0;11.9010137900636;0.0;0.0;0.0;0.0;5075.0;42.1266705403835;0.0;0.0;0.0;0.0;0.0;0.0;0.0;0.0;0.0;0.0;55.0;0.4565451979745995;0.0;0.0;0.0;0.0;0.0;0.0;0.0;0.0;0.0;0.0;3243.0;26.919565036938657;0.0;0.0;0.0;0.0;0.0;0.0;0.0;0.0;137527.0;76.14246642084399;137527.0;76.14246642084399;0.0;0.0;0.0;0.0;0.0;0.0;0.0;0.0;760.0;0.4207775526248768;0.0;0.0;0.0;0.0;0.0;0.0;0.0;0.0;0.0;0.0;34983.0;19.368501478257983;0.0;0.0;0.0;0.0;0.0;0.0;-1.0;1.0;0.9249022799499497;0.38020490862610556;1.0;0.0;3.7548860025025195;2.0;6782.0;3.7548860025025195;-1.0;1000.0;20.69951514388263;139.31092283530572;1000.0;0.0;5.783640828663182;3.0;1837.0;5.783640828663182;0.0;14.0;1.2471154644309788;1.1923547047933125;14.0;0.0;0.0;13.0;0.0;0.0;2.0;120.0;14.99277828505022;19.602610459409274;0.0;11.0;0.0;6.046042095752652;4385.0;5334.0;8414.0;11035.0;11627.0;12047.0;12047.0;12047.0;12047.0;36.39910351124762;44.27658338175479;69.84311446833237;91.59956835726737;96.51365485183034;100.0;100.0;100.0;100.0;7690.0;6805.0;3633.0;1012.0;420.0;0.0;0.0;0.0;0.0;0.0;0.0;63.83331949863037;56.48709222212999;30.156885531667637;8.40043164273263;3.4863451481696686;0.0;0.0;0.0;0.0;0.0;0.0;3780.0;31034.0;31762.0;31762.0;31762.0;31762.0;31762.0;31762.0;31762.0;11.9010137900636;97.70795289969145;100.0;100.0;100.0;100.0;100.0;100.0;100.0;27982.0;3531.0;0.0;0.0;0.0;0.0;0.0;0.0;0.0;0.0;0.0;88.0989862099364;11.117058119765758;0.0;0.0;0.0;0.0;0.0;0.0;0.0;0.0;0.0;neos-933966;9;1610;0.05069;1567;0.056;MIR;24318;-1.7473205489958903;1.7473205489958903;5.399872441385338;5.399872441385338;0.32358552316980566;-285.0691800082053;285.0691800082053;<;-107.19597501398576;1
31762.0;12047.0;2.636507014194405;0.0;0.0;0.0;0.0;12047.0;180618.0;180618.0;0.04720350823326686;27982.0;0.0;27982.0;3780.0;88.0989862099364;88.0989862099364;3780.0;11.9010137900636;0.0;0.0;0.0;0.0;5075.0;42.1266705403835;0.0;0.0;0.0;0.0;0.0;0.0;0.0;0.0;0.0;0.0;55.0;0.4565451979745995;0.0;0.0;0.0;0.0;0.0;0.0;0.0;0.0;0.0;0.0;3243.0;26.919565036938657;0.0;0.0;0.0;0.0;0.0;0.0;0.0;0.0;137527.0;76.14246642084399;137527.0;76.14246642084399;0.0;0.0;0.0;0.0;0.0;0.0;0.0;0.0;760.0;0.4207775526248768;0.0;0.0;0.0;0.0;0.0;0.0;0.0;0.0;0.0;0.0;34983.0;19.368501478257983;0.0;0.0;0.0;0.0;0.0;0.0;-1.0;1.0;0.9249022799499497;0.38020490862610556;1.0;0.0;3.7548860025025195;2.0;6782.0;3.7548860025025195;-1.0;1000.0;20.69951514388263;139.31092283530572;1000.0;0.0;5.783640828663182;3.0;1837.0;5.783640828663182;0.0;14.0;1.2471154644309788;1.1923547047933125;14.0;0.0;0.0;13.0;0.0;0.0;2.0;120.0;14.99277828505022;19.602610459409274;0.0;11.0;0.0;6.046042095752652;4385.0;5334.0;8414.0;11035.0;11627.0;12047.0;12047.0;12047.0;12047.0;36.39910351124762;44.27658338175479;69.84311446833237;91.59956835726737;96.51365485183034;100.0;100.0;100.0;100.0;7690.0;6805.0;3633.0;1012.0;420.0;0.0;0.0;0.0;0.0;0.0;0.0;63.83331949863037;56.48709222212999;30.156885531667637;8.40043164273263;3.4863451481696686;0.0;0.0;0.0;0.0;0.0;0.0;3780.0;31034.0;31762.0;31762.0;31762.0;31762.0;31762.0;31762.0;31762.0;11.9010137900636;97.70795289969145;100.0;100.0;100.0;100.0;100.0;100.0;100.0;27982.0;3531.0;0.0;0.0;0.0;0.0;0.0;0.0;0.0;0.0;0.0;88.0989862099364;11.117058119765758;0.0;0.0;0.0;0.0;0.0;0.0;0.0;0.0;0.0;neos-933966;9;1610;0.05069;1567;0.056;MIR;24317;-23584.773817866473;23584.773817866473;72883.80660082046;72883.80660082046;0.323594155105518;-3847847.489914333;3847847.489914333;<;-1447225.7669357122;1
31762.0;12047.0;2.636507014194405;0.0;0.0;0.0;0.0;12047.0;180618.0;180618.0;0.04720350823326686;27982.0;0.0;27982.0;3780.0;88.0989862099364;88.0989862099364;3780.0;11.9010137900636;0.0;0.0;0.0;0.0;5075.0;42.1266705403835;0.0;0.0;0.0;0.0;0.0;0.0;0.0;0.0;0.0;0.0;55.0;0.4565451979745995;0.0;0.0;0.0;0.0;0.0;0.0;0.0;0.0;0.0;0.0;3243.0;26.919565036938657;0.0;0.0;0.0;0.0;0.0;0.0;0.0;0.0;137527.0;76.14246642084399;137527.0;76.14246642084399;0.0;0.0;0.0;0.0;0.0;0.0;0.0;0.0;760.0;0.4207775526248768;0.0;0.0;0.0;0.0;0.0;0.0;0.0;0.0;0.0;0.0;34983.0;19.368501478257983;0.0;0.0;0.0;0.0;0.0;0.0;-1.0;1.0;0.9249022799499497;0.38020490862610556;1.0;0.0;3.7548860025025195;2.0;6782.0;3.7548860025025195;-1.0;1000.0;20.69951514388263;139.31092283530572;1000.0;0.0;5.783640828663182;3.0;1837.0;5.783640828663182;0.0;14.0;1.2471154644309788;1.1923547047933125;14.0;0.0;0.0;13.0;0.0;0.0;2.0;120.0;14.99277828505022;19.602610459409274;0.0;11.0;0.0;6.046042095752652;4385.0;5334.0;8414.0;11035.0;11627.0;12047.0;12047.0;12047.0;12047.0;36.39910351124762;44.27658338175479;69.84311446833237;91.59956835726737;96.51365485183034;100.0;100.0;100.0;100.0;7690.0;6805.0;3633.0;1012.0;420.0;0.0;0.0;0.0;0.0;0.0;0.0;63.83331949863037;56.48709222212999;30.156885531667637;8.40043164273263;3.4863451481696686;0.0;0.0;0.0;0.0;0.0;0.0;3780.0;31034.0;31762.0;31762.0;31762.0;31762.0;31762.0;31762.0;31762.0;11.9010137900636;97.70795289969145;100.0;100.0;100.0;100.0;100.0;100.0;100.0;27982.0;3531.0;0.0;0.0;0.0;0.0;0.0;0.0;0.0;0.0;0.0;88.0989862099364;11.117058119765758;0.0;0.0;0.0;0.0;0.0;0.0;0.0;0.0;0.0;neos-933966;9;1610;0.05069;1567;0.056;MIR;24248;-95.09739548213508;95.09739548213508;178.36514894901;178.36514894901;0.5331613044503496;-9786.623796139684;9786.623796139684;<;-3589.635661704009;1
31762.0;12047.0;2.636507014194405;0.0;0.0;0.0;0.0;12047.0;180618.0;180618.0;0.04720350823326686;27982.0;0.0;27982.0;3780.0;88.0989862099364;88.0989862099364;3780.0;11.9010137900636;0.0;0.0;0.0;0.0;5075.0;42.1266705403835;0.0;0.0;0.0;0.0;0.0;0.0;0.0;0.0;0.0;0.0;55.0;0.4565451979745995;0.0;0.0;0.0;0.0;0.0;0.0;0.0;0.0;0.0;0.0;3243.0;26.919565036938657;0.0;0.0;0.0;0.0;0.0;0.0;0.0;0.0;137527.0;76.14246642084399;137527.0;76.14246642084399;0.0;0.0;0.0;0.0;0.0;0.0;0.0;0.0;760.0;0.4207775526248768;0.0;0.0;0.0;0.0;0.0;0.0;0.0;0.0;0.0;0.0;34983.0;19.368501478257983;0.0;0.0;0.0;0.0;0.0;0.0;-1.0;1.0;0.9249022799499497;0.38020490862610556;1.0;0.0;3.7548860025025195;2.0;6782.0;3.7548860025025195;-1.0;1000.0;20.69951514388263;139.31092283530572;1000.0;0.0;5.783640828663182;3.0;1837.0;5.783640828663182;0.0;14.0;1.2471154644309788;1.1923547047933125;14.0;0.0;0.0;13.0;0.0;0.0;2.0;120.0;14.99277828505022;19.602610459409274;0.0;11.0;0.0;6.046042095752652;4385.0;5334.0;8414.0;11035.0;11627.0;12047.0;12047.0;12047.0;12047.0;36.39910351124762;44.27658338175479;69.84311446833237;91.59956835726737;96.51365485183034;100.0;100.0;100.0;100.0;7690.0;6805.0;3633.0;1012.0;420.0;0.0;0.0;0.0;0.0;0.0;0.0;63.83331949863037;56.48709222212999;30.156885531667637;8.40043164273263;3.4863451481696686;0.0;0.0;0.0;0.0;0.0;0.0;3780.0;31034.0;31762.0;31762.0;31762.0;31762.0;31762.0;31762.0;31762.0;11.9010137900636;97.70795289969145;100.0;100.0;100.0;100.0;100.0;100.0;100.0;27982.0;3531.0;0.0;0.0;0.0;0.0;0.0;0.0;0.0;0.0;0.0;88.0989862099364;11.117058119765758;0.0;0.0;0.0;0.0;0.0;0.0;0.0;0.0;0.0;neos-933966;9;1610;0.05069;1567;0.056;MIR;24248;-506500.36374461825;506500.36374461825;949992.9969299244;949992.9969299244;0.5331622079125494;-52124764.85455649;52124764.85455649;<;-19118940.662110317;1
31762.0;12047.0;2.636507014194405;0.0;0.0;0.0;0.0;12047.0;180618.0;180618.0;0.04720350823326686;27982.0;0.0;27982.0;3780.0;88.0989862099364;88.0989862099364;3780.0;11.9010137900636;0.0;0.0;0.0;0.0;5075.0;42.1266705403835;0.0;0.0;0.0;0.0;0.0;0.0;0.0;0.0;0.0;0.0;55.0;0.4565451979745995;0.0;0.0;0.0;0.0;0.0;0.0;0.0;0.0;0.0;0.0;3243.0;26.919565036938657;0.0;0.0;0.0;0.0;0.0;0.0;0.0;0.0;137527.0;76.14246642084399;137527.0;76.14246642084399;0.0;0.0;0.0;0.0;0.0;0.0;0.0;0.0;760.0;0.4207775526248768;0.0;0.0;0.0;0.0;0.0;0.0;0.0;0.0;0.0;0.0;34983.0;19.368501478257983;0.0;0.0;0.0;0.0;0.0;0.0;-1.0;1.0;0.9249022799499497;0.38020490862610556;1.0;0.0;3.7548860025025195;2.0;6782.0;3.7548860025025195;-1.0;1000.0;20.69951514388263;139.31092283530572;1000.0;0.0;5.783640828663182;3.0;1837.0;5.783640828663182;0.0;14.0;1.2471154644309788;1.1923547047933125;14.0;0.0;0.0;13.0;0.0;0.0;2.0;120.0;14.99277828505022;19.602610459409274;0.0;11.0;0.0;6.046042095752652;4385.0;5334.0;8414.0;11035.0;11627.0;12047.0;12047.0;12047.0;12047.0;36.39910351124762;44.27658338175479;69.84311446833237;91.59956835726737;96.51365485183034;100.0;100.0;100.0;100.0;7690.0;6805.0;3633.0;1012.0;420.0;0.0;0.0;0.0;0.0;0.0;0.0;63.83331949863037;56.48709222212999;30.156885531667637;8.40043164273263;3.4863451481696686;0.0;0.0;0.0;0.0;0.0;0.0;3780.0;31034.0;31762.0;31762.0;31762.0;31762.0;31762.0;31762.0;31762.0;11.9010137900636;97.70795289969145;100.0;100.0;100.0;100.0;100.0;100.0;100.0;27982.0;3531.0;0.0;0.0;0.0;0.0;0.0;0.0;0.0;0.0;0.0;88.0989862099364;11.117058119765758;0.0;0.0;0.0;0.0;0.0;0.0;0.0;0.0;0.0;neos-933966;9;1610;0.05069;1567;0.056;MIR;24520;-315.5482230795361;315.5482230795361;678.5341485488894;678.5341485488894;0.46504398305430367;-41396.7509552909;41396.7509552909;<;-14171.568013974462;1
31762.0;12047.0;2.636507014194405;0.0;0.0;0.0;0.0;12047.0;180618.0;180618.0;0.04720350823326686;27982.0;0.0;27982.0;3780.0;88.0989862099364;88.0989862099364;3780.0;11.9010137900636;0.0;0.0;0.0;0.0;5075.0;42.1266705403835;0.0;0.0;0.0;0.0;0.0;0.0;0.0;0.0;0.0;0.0;55.0;0.4565451979745995;0.0;0.0;0.0;0.0;0.0;0.0;0.0;0.0;0.0;0.0;3243.0;26.919565036938657;0.0;0.0;0.0;0.0;0.0;0.0;0.0;0.0;137527.0;76.14246642084399;137527.0;76.14246642084399;0.0;0.0;0.0;0.0;0.0;0.0;0.0;0.0;760.0;0.4207775526248768;0.0;0.0;0.0;0.0;0.0;0.0;0.0;0.0;0.0;0.0;34983.0;19.368501478257983;0.0;0.0;0.0;0.0;0.0;0.0;-1.0;1.0;0.9249022799499497;0.38020490862610556;1.0;0.0;3.7548860025025195;2.0;6782.0;3.7548860025025195;-1.0;1000.0;20.69951514388263;139.31092283530572;1000.0;0.0;5.783640828663182;3.0;1837.0;5.783640828663182;0.0;14.0;1.2471154644309788;1.1923547047933125;14.0;0.0;0.0;13.0;0.0;0.0;2.0;120.0;14.99277828505022;19.602610459409274;0.0;11.0;0.0;6.046042095752652;4385.0;5334.0;8414.0;11035.0;11627.0;12047.0;12047.0;12047.0;12047.0;36.39910351124762;44.27658338175479;69.84311446833237;91.59956835726737;96.51365485183034;100.0;100.0;100.0;100.0;7690.0;6805.0;3633.0;1012.0;420.0;0.0;0.0;0.0;0.0;0.0;0.0;63.83331949863037;56.48709222212999;30.156885531667637;8.40043164273263;3.4863451481696686;0.0;0.0;0.0;0.0;0.0;0.0;3780.0;31034.0;31762.0;31762.0;31762.0;31762.0;31762.0;31762.0;31762.0;11.9010137900636;97.70795289969145;100.0;100.0;100.0;100.0;100.0;100.0;100.0;27982.0;3531.0;0.0;0.0;0.0;0.0;0.0;0.0;0.0;0.0;0.0;88.0989862099364;11.117058119765758;0.0;0.0;0.0;0.0;0.0;0.0;0.0;0.0;0.0;neos-933966;9;1610;0.05069;1567;0.056;MIR;24520;-439883.78013548715;439883.78013548715;945894.5163427467;945894.5163427467;0.4650452799285438;-57708473.56765103;57708473.56765103;<;-19756030.477003366;1
31762.0;12047.0;2.636507014194405;0.0;0.0;0.0;0.0;12047.0;180618.0;180618.0;0.04720350823326686;27982.0;0.0;27982.0;3780.0;88.0989862099364;88.0989862099364;3780.0;11.9010137900636;0.0;0.0;0.0;0.0;5075.0;42.1266705403835;0.0;0.0;0.0;0.0;0.0;0.0;0.0;0.0;0.0;0.0;55.0;0.4565451979745995;0.0;0.0;0.0;0.0;0.0;0.0;0.0;0.0;0.0;0.0;3243.0;26.919565036938657;0.0;0.0;0.0;0.0;0.0;0.0;0.0;0.0;137527.0;76.14246642084399;137527.0;76.14246642084399;0.0;0.0;0.0;0.0;0.0;0.0;0.0;0.0;760.0;0.4207775526248768;0.0;0.0;0.0;0.0;0.0;0.0;0.0;0.0;0.0;0.0;34983.0;19.368501478257983;0.0;0.0;0.0;0.0;0.0;0.0;-1.0;1.0;0.9249022799499497;0.38020490862610556;1.0;0.0;3.7548860025025195;2.0;6782.0;3.7548860025025195;-1.0;1000.0;20.69951514388263;139.31092283530572;1000.0;0.0;5.783640828663182;3.0;1837.0;5.783640828663182;0.0;14.0;1.2471154644309788;1.1923547047933125;14.0;0.0;0.0;13.0;0.0;0.0;2.0;120.0;14.99277828505022;19.602610459409274;0.0;11.0;0.0;6.046042095752652;4385.0;5334.0;8414.0;11035.0;11627.0;12047.0;12047.0;12047.0;12047.0;36.39910351124762;44.27658338175479;69.84311446833237;91.59956835726737;96.51365485183034;100.0;100.0;100.0;100.0;7690.0;6805.0;3633.0;1012.0;420.0;0.0;0.0;0.0;0.0;0.0;0.0;63.83331949863037;56.48709222212999;30.156885531667637;8.40043164273263;3.4863451481696686;0.0;0.0;0.0;0.0;0.0;0.0;3780.0;31034.0;31762.0;31762.0;31762.0;31762.0;31762.0;31762.0;31762.0;11.9010137900636;97.70795289969145;100.0;100.0;100.0;100.0;100.0;100.0;100.0;27982.0;3531.0;0.0;0.0;0.0;0.0;0.0;0.0;0.0;0.0;0.0;88.0989862099364;11.117058119765758;0.0;0.0;0.0;0.0;0.0;0.0;0.0;0.0;0.0;neos-933966;9;1610;0.05069;1567;0.056;MIR;23722;-495.2778284502392;495.2778284502392;1661.2257675645383;1661.2257675645383;0.2981399868221089;-75475.31896005849;75475.31896005849;<;-25230.736138512642;1
31762.0;12047.0;2.636507014194405;0.0;0.0;0.0;0.0;12047.0;180618.0;180618.0;0.04720350823326686;27982.0;0.0;27982.0;3780.0;88.0989862099364;88.0989862099364;3780.0;11.9010137900636;0.0;0.0;0.0;0.0;5075.0;42.1266705403835;0.0;0.0;0.0;0.0;0.0;0.0;0.0;0.0;0.0;0.0;55.0;0.4565451979745995;0.0;0.0;0.0;0.0;0.0;0.0;0.0;0.0;0.0;0.0;3243.0;26.919565036938657;0.0;0.0;0.0;0.0;0.0;0.0;0.0;0.0;137527.0;76.14246642084399;137527.0;76.14246642084399;0.0;0.0;0.0;0.0;0.0;0.0;0.0;0.0;760.0;0.4207775526248768;0.0;0.0;0.0;0.0;0.0;0.0;0.0;0.0;0.0;0.0;34983.0;19.368501478257983;0.0;0.0;0.0;0.0;0.0;0.0;-1.0;1.0;0.9249022799499497;0.38020490862610556;1.0;0.0;3.7548860025025195;2.0;6782.0;3.7548860025025195;-1.0;1000.0;20.69951514388263;139.31092283530572;1000.0;0.0;5.783640828663182;3.0;1837.0;5.783640828663182;0.0;14.0;1.2471154644309788;1.1923547047933125;14.0;0.0;0.0;13.0;0.0;0.0;2.0;120.0;14.99277828505022;19.602610459409274;0.0;11.0;0.0;6.046042095752652;4385.0;5334.0;8414.0;11035.0;11627.0;12047.0;12047.0;12047.0;12047.0;36.39910351124762;44.27658338175479;69.84311446833237;91.59956835726737;96.51365485183034;100.0;100.0;100.0;100.0;7690.0;6805.0;3633.0;1012.0;420.0;0.0;0.0;0.0;0.0;0.0;0.0;63.83331949863037;56.48709222212999;30.156885531667637;8.40043164273263;3.4863451481696686;0.0;0.0;0.0;0.0;0.0;0.0;3780.0;31034.0;31762.0;31762.0;31762.0;31762.0;31762.0;31762.0;31762.0;11.9010137900636;97.70795289969145;100.0;100.0;100.0;100.0;100.0;100.0;100.0;27982.0;3531.0;0.0;0.0;0.0;0.0;0.0;0.0;0.0;0.0;0.0;88.0989862099364;11.117058119765758;0.0;0.0;0.0;0.0;0.0;0.0;0.0;0.0;0.0;neos-933966;9;1610;0.05069;1567;0.056;MIR;23720;-210706.74930420166;210706.74930420166;706734.6314668732;706734.6314668732;0.2981412540473165;-32109675.00494887;32109675.00494887;<;-10734329.668275796;1
31762.0;12047.0;2.636507014194405;0.0;0.0;0.0;0.0;12047.0;180618.0;180618.0;0.04720350823326686;27982.0;0.0;27982.0;3780.0;88.0989862099364;88.0989862099364;3780.0;11.9010137900636;0.0;0.0;0.0;0.0;5075.0;42.1266705403835;0.0;0.0;0.0;0.0;0.0;0.0;0.0;0.0;0.0;0.0;55.0;0.4565451979745995;0.0;0.0;0.0;0.0;0.0;0.0;0.0;0.0;0.0;0.0;3243.0;26.919565036938657;0.0;0.0;0.0;0.0;0.0;0.0;0.0;0.0;137527.0;76.14246642084399;137527.0;76.14246642084399;0.0;0.0;0.0;0.0;0.0;0.0;0.0;0.0;760.0;0.4207775526248768;0.0;0.0;0.0;0.0;0.0;0.0;0.0;0.0;0.0;0.0;34983.0;19.368501478257983;0.0;0.0;0.0;0.0;0.0;0.0;-1.0;1.0;0.9249022799499497;0.38020490862610556;1.0;0.0;3.7548860025025195;2.0;6782.0;3.7548860025025195;-1.0;1000.0;20.69951514388263;139.31092283530572;1000.0;0.0;5.783640828663182;3.0;1837.0;5.783640828663182;0.0;14.0;1.2471154644309788;1.1923547047933125;14.0;0.0;0.0;13.0;0.0;0.0;2.0;120.0;14.99277828505022;19.602610459409274;0.0;11.0;0.0;6.046042095752652;4385.0;5334.0;8414.0;11035.0;11627.0;12047.0;12047.0;12047.0;12047.0;36.39910351124762;44.27658338175479;69.84311446833237;91.59956835726737;96.51365485183034;100.0;100.0;100.0;100.0;7690.0;6805.0;3633.0;1012.0;420.0;0.0;0.0;0.0;0.0;0.0;0.0;63.83331949863037;56.48709222212999;30.156885531667637;8.40043164273263;3.4863451481696686;0.0;0.0;0.0;0.0;0.0;0.0;3780.0;31034.0;31762.0;31762.0;31762.0;31762.0;31762.0;31762.0;31762.0;11.9010137900636;97.70795289969145;100.0;100.0;100.0;100.0;100.0;100.0;100.0;27982.0;3531.0;0.0;0.0;0.0;0.0;0.0;0.0;0.0;0.0;0.0;88.0989862099364;11.117058119765758;0.0;0.0;0.0;0.0;0.0;0.0;0.0;0.0;0.0;neos-933966;9;1610;0.05069;1567;0.056;MIR;24395;-487.184441321384;487.184441321384;1643.8728008921653;1643.8728008921653;0.2963638312264662;-73669.7824710237;73669.7824710237;<;-24671.198923475575;1
31762.0;12047.0;2.636507014194405;0.0;0.0;0.0;0.0;12047.0;180618.0;180618.0;0.04720350823326686;27982.0;0.0;27982.0;3780.0;88.0989862099364;88.0989862099364;3780.0;11.9010137900636;0.0;0.0;0.0;0.0;5075.0;42.1266705403835;0.0;0.0;0.0;0.0;0.0;0.0;0.0;0.0;0.0;0.0;55.0;0.4565451979745995;0.0;0.0;0.0;0.0;0.0;0.0;0.0;0.0;0.0;0.0;3243.0;26.919565036938657;0.0;0.0;0.0;0.0;0.0;0.0;0.0;0.0;137527.0;76.14246642084399;137527.0;76.14246642084399;0.0;0.0;0.0;0.0;0.0;0.0;0.0;0.0;760.0;0.4207775526248768;0.0;0.0;0.0;0.0;0.0;0.0;0.0;0.0;0.0;0.0;34983.0;19.368501478257983;0.0;0.0;0.0;0.0;0.0;0.0;-1.0;1.0;0.9249022799499497;0.38020490862610556;1.0;0.0;3.7548860025025195;2.0;6782.0;3.7548860025025195;-1.0;1000.0;20.69951514388263;139.31092283530572;1000.0;0.0;5.783640828663182;3.0;1837.0;5.783640828663182;0.0;14.0;1.2471154644309788;1.1923547047933125;14.0;0.0;0.0;13.0;0.0;0.0;2.0;120.0;14.99277828505022;19.602610459409274;0.0;11.0;0.0;6.046042095752652;4385.0;5334.0;8414.0;11035.0;11627.0;12047.0;12047.0;12047.0;12047.0;36.39910351124762;44.27658338175479;69.84311446833237;91.59956835726737;96.51365485183034;100.0;100.0;100.0;100.0;7690.0;6805.0;3633.0;1012.0;420.0;0.0;0.0;0.0;0.0;0.0;0.0;63.83331949863037;56.48709222212999;30.156885531667637;8.40043164273263;3.4863451481696686;0.0;0.0;0.0;0.0;0.0;0.0;3780.0;31034.0;31762.0;31762.0;31762.0;31762.0;31762.0;31762.0;31762.0;11.9010137900636;97.70795289969145;100.0;100.0;100.0;100.0;100.0;100.0;100.0;27982.0;3531.0;0.0;0.0;0.0;0.0;0.0;0.0;0.0;0.0;0.0;88.0989862099364;11.117058119765758;0.0;0.0;0.0;0.0;0.0;0.0;0.0;0.0;0.0;neos-933966;9;1610;0.05069;1567;0.056;MIR;24015;-1454.763504658502;1454.763504658502;3587.7938879710614;3587.7938879710614;0.40547577427341774;-201108.88922322183;201108.88922322183;<;-73466.53559328418;1
31762.0;12047.0;2.636507014194405;0.0;0.0;0.0;0.0;12047.0;180618.0;180618.0;0.04720350823326686;27982.0;0.0;27982.0;3780.0;88.0989862099364;88.0989862099364;3780.0;11.9010137900636;0.0;0.0;0.0;0.0;5075.0;42.1266705403835;0.0;0.0;0.0;0.0;0.0;0.0;0.0;0.0;0.0;0.0;55.0;0.4565451979745995;0.0;0.0;0.0;0.0;0.0;0.0;0.0;0.0;0.0;0.0;3243.0;26.919565036938657;0.0;0.0;0.0;0.0;0.0;0.0;0.0;0.0;137527.0;76.14246642084399;137527.0;76.14246642084399;0.0;0.0;0.0;0.0;0.0;0.0;0.0;0.0;760.0;0.4207775526248768;0.0;0.0;0.0;0.0;0.0;0.0;0.0;0.0;0.0;0.0;34983.0;19.368501478257983;0.0;0.0;0.0;0.0;0.0;0.0;-1.0;1.0;0.9249022799499497;0.38020490862610556;1.0;0.0;3.7548860025025195;2.0;6782.0;3.7548860025025195;-1.0;1000.0;20.69951514388263;139.31092283530572;1000.0;0.0;5.783640828663182;3.0;1837.0;5.783640828663182;0.0;14.0;1.2471154644309788;1.1923547047933125;14.0;0.0;0.0;13.0;0.0;0.0;2.0;120.0;14.99277828505022;19.602610459409274;0.0;11.0;0.0;6.046042095752652;4385.0;5334.0;8414.0;11035.0;11627.0;12047.0;12047.0;12047.0;12047.0;36.39910351124762;44.27658338175479;69.84311446833237;91.59956835726737;96.51365485183034;100.0;100.0;100.0;100.0;7690.0;6805.0;3633.0;1012.0;420.0;0.0;0.0;0.0;0.0;0.0;0.0;63.83331949863037;56.48709222212999;30.156885531667637;8.40043164273263;3.4863451481696686;0.0;0.0;0.0;0.0;0.0;0.0;3780.0;31034.0;31762.0;31762.0;31762.0;31762.0;31762.0;31762.0;31762.0;11.9010137900636;97.70795289969145;100.0;100.0;100.0;100.0;100.0;100.0;100.0;27982.0;3531.0;0.0;0.0;0.0;0.0;0.0;0.0;0.0;0.0;0.0;88.0989862099364;11.117058119765758;0.0;0.0;0.0;0.0;0.0;0.0;0.0;0.0;0.0;neos-933966;9;1610;0.05069;1567;0.056;MIR;24015;-493339.88056954544;493339.88056954544;1216693.0282900662;1216693.0282900662;0.40547604785973224;-68200315.33842957;68200315.33842957;<;-24914447.585285418;1
31762.0;12047.0;2.636507014194405;0.0;0.0;0.0;0.0;12047.0;180618.0;180618.0;0.04720350823326686;27982.0;0.0;27982.0;3780.0;88.0989862099364;88.0989862099364;3780.0;11.9010137900636;0.0;0.0;0.0;0.0;5075.0;42.1266705403835;0.0;0.0;0.0;0.0;0.0;0.0;0.0;0.0;0.0;0.0;55.0;0.4565451979745995;0.0;0.0;0.0;0.0;0.0;0.0;0.0;0.0;0.0;0.0;3243.0;26.919565036938657;0.0;0.0;0.0;0.0;0.0;0.0;0.0;0.0;137527.0;76.14246642084399;137527.0;76.14246642084399;0.0;0.0;0.0;0.0;0.0;0.0;0.0;0.0;760.0;0.4207775526248768;0.0;0.0;0.0;0.0;0.0;0.0;0.0;0.0;0.0;0.0;34983.0;19.368501478257983;0.0;0.0;0.0;0.0;0.0;0.0;-1.0;1.0;0.9249022799499497;0.38020490862610556;1.0;0.0;3.7548860025025195;2.0;6782.0;3.7548860025025195;-1.0;1000.0;20.69951514388263;139.31092283530572;1000.0;0.0;5.783640828663182;3.0;1837.0;5.783640828663182;0.0;14.0;1.2471154644309788;1.1923547047933125;14.0;0.0;0.0;13.0;0.0;0.0;2.0;120.0;14.99277828505022;19.602610459409274;0.0;11.0;0.0;6.046042095752652;4385.0;5334.0;8414.0;11035.0;11627.0;12047.0;12047.0;12047.0;12047.0;36.39910351124762;44.27658338175479;69.84311446833237;91.59956835726737;96.51365485183034;100.0;100.0;100.0;100.0;7690.0;6805.0;3633.0;1012.0;420.0;0.0;0.0;0.0;0.0;0.0;0.0;63.83331949863037;56.48709222212999;30.156885531667637;8.40043164273263;3.4863451481696686;0.0;0.0;0.0;0.0;0.0;0.0;3780.0;31034.0;31762.0;31762.0;31762.0;31762.0;31762.0;31762.0;31762.0;11.9010137900636;97.70795289969145;100.0;100.0;100.0;100.0;100.0;100.0;100.0;27982.0;3531.0;0.0;0.0;0.0;0.0;0.0;0.0;0.0;0.0;0.0;88.0989862099364;11.117058119765758;0.0;0.0;0.0;0.0;0.0;0.0;0.0;0.0;0.0;neos-933966;9;1610;0.05069;1567;0.056;MIR;24253;-133.19305099235316;133.19305099235316;320.0033279331428;320.0033279331428;0.4162239557089254;-20913.61392555179;20913.61392555179;<;-7606.332619390127;1
31762.0;12047.0;2.636507014194405;0.0;0.0;0.0;0.0;12047.0;180618.0;180618.0;0.04720350823326686;27982.0;0.0;27982.0;3780.0;88.0989862099364;88.0989862099364;3780.0;11.9010137900636;0.0;0.0;0.0;0.0;5075.0;42.1266705403835;0.0;0.0;0.0;0.0;0.0;0.0;0.0;0.0;0.0;0.0;55.0;0.4565451979745995;0.0;0.0;0.0;0.0;0.0;0.0;0.0;0.0;0.0;0.0;3243.0;26.919565036938657;0.0;0.0;0.0;0.0;0.0;0.0;0.0;0.0;137527.0;76.14246642084399;137527.0;76.14246642084399;0.0;0.0;0.0;0.0;0.0;0.0;0.0;0.0;760.0;0.4207775526248768;0.0;0.0;0.0;0.0;0.0;0.0;0.0;0.0;0.0;0.0;34983.0;19.368501478257983;0.0;0.0;0.0;0.0;0.0;0.0;-1.0;1.0;0.9249022799499497;0.38020490862610556;1.0;0.0;3.7548860025025195;2.0;6782.0;3.7548860025025195;-1.0;1000.0;20.69951514388263;139.31092283530572;1000.0;0.0;5.783640828663182;3.0;1837.0;5.783640828663182;0.0;14.0;1.2471154644309788;1.1923547047933125;14.0;0.0;0.0;13.0;0.0;0.0;2.0;120.0;14.99277828505022;19.602610459409274;0.0;11.0;0.0;6.046042095752652;4385.0;5334.0;8414.0;11035.0;11627.0;12047.0;12047.0;12047.0;12047.0;36.39910351124762;44.27658338175479;69.84311446833237;91.59956835726737;96.51365485183034;100.0;100.0;100.0;100.0;7690.0;6805.0;3633.0;1012.0;420.0;0.0;0.0;0.0;0.0;0.0;0.0;63.83331949863037;56.48709222212999;30.156885531667637;8.40043164273263;3.4863451481696686;0.0;0.0;0.0;0.0;0.0;0.0;3780.0;31034.0;31762.0;31762.0;31762.0;31762.0;31762.0;31762.0;31762.0;11.9010137900636;97.70795289969145;100.0;100.0;100.0;100.0;100.0;100.0;100.0;27982.0;3531.0;0.0;0.0;0.0;0.0;0.0;0.0;0.0;0.0;0.0;88.0989862099364;11.117058119765758;0.0;0.0;0.0;0.0;0.0;0.0;0.0;0.0;0.0;neos-933966;9;1610;0.05069;1567;0.056;MIR;24253;-31731.832856330777;31731.832856330777;76235.74184083704;76235.74184083704;0.4162330173500463;-4982623.31173761;4982623.31173761;<;-1812566.2018906376;1
31762.0;12047.0;2.636507014194405;0.0;0.0;0.0;0.0;12047.0;180618.0;180618.0;0.04720350823326686;27982.0;0.0;27982.0;3780.0;88.0989862099364;88.0989862099364;3780.0;11.9010137900636;0.0;0.0;0.0;0.0;5075.0;42.1266705403835;0.0;0.0;0.0;0.0;0.0;0.0;0.0;0.0;0.0;0.0;55.0;0.4565451979745995;0.0;0.0;0.0;0.0;0.0;0.0;0.0;0.0;0.0;0.0;3243.0;26.919565036938657;0.0;0.0;0.0;0.0;0.0;0.0;0.0;0.0;137527.0;76.14246642084399;137527.0;76.14246642084399;0.0;0.0;0.0;0.0;0.0;0.0;0.0;0.0;760.0;0.4207775526248768;0.0;0.0;0.0;0.0;0.0;0.0;0.0;0.0;0.0;0.0;34983.0;19.368501478257983;0.0;0.0;0.0;0.0;0.0;0.0;-1.0;1.0;0.9249022799499497;0.38020490862610556;1.0;0.0;3.7548860025025195;2.0;6782.0;3.7548860025025195;-1.0;1000.0;20.69951514388263;139.31092283530572;1000.0;0.0;5.783640828663182;3.0;1837.0;5.783640828663182;0.0;14.0;1.2471154644309788;1.1923547047933125;14.0;0.0;0.0;13.0;0.0;0.0;2.0;120.0;14.99277828505022;19.602610459409274;0.0;11.0;0.0;6.046042095752652;4385.0;5334.0;8414.0;11035.0;11627.0;12047.0;12047.0;12047.0;12047.0;36.39910351124762;44.27658338175479;69.84311446833237;91.59956835726737;96.51365485183034;100.0;100.0;100.0;100.0;7690.0;6805.0;3633.0;1012.0;420.0;0.0;0.0;0.0;0.0;0.0;0.0;63.83331949863037;56.48709222212999;30.156885531667637;8.40043164273263;3.4863451481696686;0.0;0.0;0.0;0.0;0.0;0.0;3780.0;31034.0;31762.0;31762.0;31762.0;31762.0;31762.0;31762.0;31762.0;11.9010137900636;97.70795289969145;100.0;100.0;100.0;100.0;100.0;100.0;100.0;27982.0;3531.0;0.0;0.0;0.0;0.0;0.0;0.0;0.0;0.0;0.0;88.0989862099364;11.117058119765758;0.0;0.0;0.0;0.0;0.0;0.0;0.0;0.0;0.0;neos-933966;12;1603;0.050469;1548;0.055321;RED_SPLIT;26006;-9.434737440956537;9.434737440956537;24.36731411395287;24.36731411395287;0.3871882390006271;-1712.716417527517;1712.716417527517;<;-600.1701979813402;1
31762.0;12047.0;2.636507014194405;0.0;0.0;0.0;0.0;12047.0;180618.0;180618.0;0.04720350823326686;27982.0;0.0;27982.0;3780.0;88.0989862099364;88.0989862099364;3780.0;11.9010137900636;0.0;0.0;0.0;0.0;5075.0;42.1266705403835;0.0;0.0;0.0;0.0;0.0;0.0;0.0;0.0;0.0;0.0;55.0;0.4565451979745995;0.0;0.0;0.0;0.0;0.0;0.0;0.0;0.0;0.0;0.0;3243.0;26.919565036938657;0.0;0.0;0.0;0.0;0.0;0.0;0.0;0.0;137527.0;76.14246642084399;137527.0;76.14246642084399;0.0;0.0;0.0;0.0;0.0;0.0;0.0;0.0;760.0;0.4207775526248768;0.0;0.0;0.0;0.0;0.0;0.0;0.0;0.0;0.0;0.0;34983.0;19.368501478257983;0.0;0.0;0.0;0.0;0.0;0.0;-1.0;1.0;0.9249022799499497;0.38020490862610556;1.0;0.0;3.7548860025025195;2.0;6782.0;3.7548860025025195;-1.0;1000.0;20.69951514388263;139.31092283530572;1000.0;0.0;5.783640828663182;3.0;1837.0;5.783640828663182;0.0;14.0;1.2471154644309788;1.1923547047933125;14.0;0.0;0.0;13.0;0.0;0.0;2.0;120.0;14.99277828505022;19.602610459409274;0.0;11.0;0.0;6.046042095752652;4385.0;5334.0;8414.0;11035.0;11627.0;12047.0;12047.0;12047.0;12047.0;36.39910351124762;44.27658338175479;69.84311446833237;91.59956835726737;96.51365485183034;100.0;100.0;100.0;100.0;7690.0;6805.0;3633.0;1012.0;420.0;0.0;0.0;0.0;0.0;0.0;0.0;63.83331949863037;56.48709222212999;30.156885531667637;8.40043164273263;3.4863451481696686;0.0;0.0;0.0;0.0;0.0;0.0;3780.0;31034.0;31762.0;31762.0;31762.0;31762.0;31762.0;31762.0;31762.0;11.9010137900636;97.70795289969145;100.0;100.0;100.0;100.0;100.0;100.0;100.0;27982.0;3531.0;0.0;0.0;0.0;0.0;0.0;0.0;0.0;0.0;0.0;88.0989862099364;11.117058119765758;0.0;0.0;0.0;0.0;0.0;0.0;0.0;0.0;0.0;neos-933966;12;1603;0.050469;1548;0.055321;RED_SPLIT;25461;-4.473281719038711;4.473281719038711;10.510794837341638;10.510794837341638;0.42558929065445267;-697.2343359349924;697.2343359349924;<;-249.7093074684205;1
31762.0;12047.0;2.636507014194405;0.0;0.0;0.0;0.0;12047.0;180618.0;180618.0;0.04720350823326686;27982.0;0.0;27982.0;3780.0;88.0989862099364;88.0989862099364;3780.0;11.9010137900636;0.0;0.0;0.0;0.0;5075.0;42.1266705403835;0.0;0.0;0.0;0.0;0.0;0.0;0.0;0.0;0.0;0.0;55.0;0.4565451979745995;0.0;0.0;0.0;0.0;0.0;0.0;0.0;0.0;0.0;0.0;3243.0;26.919565036938657;0.0;0.0;0.0;0.0;0.0;0.0;0.0;0.0;137527.0;76.14246642084399;137527.0;76.14246642084399;0.0;0.0;0.0;0.0;0.0;0.0;0.0;0.0;760.0;0.4207775526248768;0.0;0.0;0.0;0.0;0.0;0.0;0.0;0.0;0.0;0.0;34983.0;19.368501478257983;0.0;0.0;0.0;0.0;0.0;0.0;-1.0;1.0;0.9249022799499497;0.38020490862610556;1.0;0.0;3.7548860025025195;2.0;6782.0;3.7548860025025195;-1.0;1000.0;20.69951514388263;139.31092283530572;1000.0;0.0;5.783640828663182;3.0;1837.0;5.783640828663182;0.0;14.0;1.2471154644309788;1.1923547047933125;14.0;0.0;0.0;13.0;0.0;0.0;2.0;120.0;14.99277828505022;19.602610459409274;0.0;11.0;0.0;6.046042095752652;4385.0;5334.0;8414.0;11035.0;11627.0;12047.0;12047.0;12047.0;12047.0;36.39910351124762;44.27658338175479;69.84311446833237;91.59956835726737;96.51365485183034;100.0;100.0;100.0;100.0;7690.0;6805.0;3633.0;1012.0;420.0;0.0;0.0;0.0;0.0;0.0;0.0;63.83331949863037;56.48709222212999;30.156885531667637;8.40043164273263;3.4863451481696686;0.0;0.0;0.0;0.0;0.0;0.0;3780.0;31034.0;31762.0;31762.0;31762.0;31762.0;31762.0;31762.0;31762.0;11.9010137900636;97.70795289969145;100.0;100.0;100.0;100.0;100.0;100.0;100.0;27982.0;3531.0;0.0;0.0;0.0;0.0;0.0;0.0;0.0;0.0;0.0;88.0989862099364;11.117058119765758;0.0;0.0;0.0;0.0;0.0;0.0;0.0;0.0;0.0;neos-933966;12;1603;0.050469;1548;0.055321;RED_SPLIT;25452;-10.901698988628398;10.901698988628398;35.11987674235112;35.11987674235112;0.31041393079497975;-2084.560058136911;2084.560058136911;<;-739.7098159296586;1
31762.0;12047.0;2.636507014194405;0.0;0.0;0.0;0.0;12047.0;180618.0;180618.0;0.04720350823326686;27982.0;0.0;27982.0;3780.0;88.0989862099364;88.0989862099364;3780.0;11.9010137900636;0.0;0.0;0.0;0.0;5075.0;42.1266705403835;0.0;0.0;0.0;0.0;0.0;0.0;0.0;0.0;0.0;0.0;55.0;0.4565451979745995;0.0;0.0;0.0;0.0;0.0;0.0;0.0;0.0;0.0;0.0;3243.0;26.919565036938657;0.0;0.0;0.0;0.0;0.0;0.0;0.0;0.0;137527.0;76.14246642084399;137527.0;76.14246642084399;0.0;0.0;0.0;0.0;0.0;0.0;0.0;0.0;760.0;0.4207775526248768;0.0;0.0;0.0;0.0;0.0;0.0;0.0;0.0;0.0;0.0;34983.0;19.368501478257983;0.0;0.0;0.0;0.0;0.0;0.0;-1.0;1.0;0.9249022799499497;0.38020490862610556;1.0;0.0;3.7548860025025195;2.0;6782.0;3.7548860025025195;-1.0;1000.0;20.69951514388263;139.31092283530572;1000.0;0.0;5.783640828663182;3.0;1837.0;5.783640828663182;0.0;14.0;1.2471154644309788;1.1923547047933125;14.0;0.0;0.0;13.0;0.0;0.0;2.0;120.0;14.99277828505022;19.602610459409274;0.0;11.0;0.0;6.046042095752652;4385.0;5334.0;8414.0;11035.0;11627.0;12047.0;12047.0;12047.0;12047.0;36.39910351124762;44.27658338175479;69.84311446833237;91.59956835726737;96.51365485183034;100.0;100.0;100.0;100.0;7690.0;6805.0;3633.0;1012.0;420.0;0.0;0.0;0.0;0.0;0.0;0.0;63.83331949863037;56.48709222212999;30.156885531667637;8.40043164273263;3.4863451481696686;0.0;0.0;0.0;0.0;0.0;0.0;3780.0;31034.0;31762.0;31762.0;31762.0;31762.0;31762.0;31762.0;31762.0;11.9010137900636;97.70795289969145;100.0;100.0;100.0;100.0;100.0;100.0;100.0;27982.0;3531.0;0.0;0.0;0.0;0.0;0.0;0.0;0.0;0.0;0.0;88.0989862099364;11.117058119765758;0.0;0.0;0.0;0.0;0.0;0.0;0.0;0.0;0.0;neos-933966;12;1603;0.050469;1548;0.055321;RED_SPLIT;25744;-15.14774232089152;15.14774232089152;40.708033310322755;40.708033310322755;0.3721069550429584;-2114.965133308265;2114.965133308265;<;-733.7623150922507;1
31762.0;12047.0;2.636507014194405;0.0;0.0;0.0;0.0;12047.0;180618.0;180618.0;0.04720350823326686;27982.0;0.0;27982.0;3780.0;88.0989862099364;88.0989862099364;3780.0;11.9010137900636;0.0;0.0;0.0;0.0;5075.0;42.1266705403835;0.0;0.0;0.0;0.0;0.0;0.0;0.0;0.0;0.0;0.0;55.0;0.4565451979745995;0.0;0.0;0.0;0.0;0.0;0.0;0.0;0.0;0.0;0.0;3243.0;26.919565036938657;0.0;0.0;0.0;0.0;0.0;0.0;0.0;0.0;137527.0;76.14246642084399;137527.0;76.14246642084399;0.0;0.0;0.0;0.0;0.0;0.0;0.0;0.0;760.0;0.4207775526248768;0.0;0.0;0.0;0.0;0.0;0.0;0.0;0.0;0.0;0.0;34983.0;19.368501478257983;0.0;0.0;0.0;0.0;0.0;0.0;-1.0;1.0;0.9249022799499497;0.38020490862610556;1.0;0.0;3.7548860025025195;2.0;6782.0;3.7548860025025195;-1.0;1000.0;20.69951514388263;139.31092283530572;1000.0;0.0;5.783640828663182;3.0;1837.0;5.783640828663182;0.0;14.0;1.2471154644309788;1.1923547047933125;14.0;0.0;0.0;13.0;0.0;0.0;2.0;120.0;14.99277828505022;19.602610459409274;0.0;11.0;0.0;6.046042095752652;4385.0;5334.0;8414.0;11035.0;11627.0;12047.0;12047.0;12047.0;12047.0;36.39910351124762;44.27658338175479;69.84311446833237;91.59956835726737;96.51365485183034;100.0;100.0;100.0;100.0;7690.0;6805.0;3633.0;1012.0;420.0;0.0;0.0;0.0;0.0;0.0;0.0;63.83331949863037;56.48709222212999;30.156885531667637;8.40043164273263;3.4863451481696686;0.0;0.0;0.0;0.0;0.0;0.0;3780.0;31034.0;31762.0;31762.0;31762.0;31762.0;31762.0;31762.0;31762.0;11.9010137900636;97.70795289969145;100.0;100.0;100.0;100.0;100.0;100.0;100.0;27982.0;3531.0;0.0;0.0;0.0;0.0;0.0;0.0;0.0;0.0;0.0;88.0989862099364;11.117058119765758;0.0;0.0;0.0;0.0;0.0;0.0;0.0;0.0;0.0;neos-933966;12;1603;0.050469;1548;0.055321;RED_SPLIT;25656;-6.396700604374406;6.396700604374406;15.173625123640821;15.173625123640821;0.4215670647094223;-1172.1744123378326;1172.1744123378326;<;-426.15526889013984;1
31762.0;12047.0;2.636507014194405;0.0;0.0;0.0;0.0;12047.0;180618.0;180618.0;0.04720350823326686;27982.0;0.0;27982.0;3780.0;88.0989862099364;88.0989862099364;3780.0;11.9010137900636;0.0;0.0;0.0;0.0;5075.0;42.1266705403835;0.0;0.0;0.0;0.0;0.0;0.0;0.0;0.0;0.0;0.0;55.0;0.4565451979745995;0.0;0.0;0.0;0.0;0.0;0.0;0.0;0.0;0.0;0.0;3243.0;26.919565036938657;0.0;0.0;0.0;0.0;0.0;0.0;0.0;0.0;137527.0;76.14246642084399;137527.0;76.14246642084399;0.0;0.0;0.0;0.0;0.0;0.0;0.0;0.0;760.0;0.4207775526248768;0.0;0.0;0.0;0.0;0.0;0.0;0.0;0.0;0.0;0.0;34983.0;19.368501478257983;0.0;0.0;0.0;0.0;0.0;0.0;-1.0;1.0;0.9249022799499497;0.38020490862610556;1.0;0.0;3.7548860025025195;2.0;6782.0;3.7548860025025195;-1.0;1000.0;20.69951514388263;139.31092283530572;1000.0;0.0;5.783640828663182;3.0;1837.0;5.783640828663182;0.0;14.0;1.2471154644309788;1.1923547047933125;14.0;0.0;0.0;13.0;0.0;0.0;2.0;120.0;14.99277828505022;19.602610459409274;0.0;11.0;0.0;6.046042095752652;4385.0;5334.0;8414.0;11035.0;11627.0;12047.0;12047.0;12047.0;12047.0;36.39910351124762;44.27658338175479;69.84311446833237;91.59956835726737;96.51365485183034;100.0;100.0;100.0;100.0;7690.0;6805.0;3633.0;1012.0;420.0;0.0;0.0;0.0;0.0;0.0;0.0;63.83331949863037;56.48709222212999;30.156885531667637;8.40043164273263;3.4863451481696686;0.0;0.0;0.0;0.0;0.0;0.0;3780.0;31034.0;31762.0;31762.0;31762.0;31762.0;31762.0;31762.0;31762.0;11.9010137900636;97.70795289969145;100.0;100.0;100.0;100.0;100.0;100.0;100.0;27982.0;3531.0;0.0;0.0;0.0;0.0;0.0;0.0;0.0;0.0;0.0;88.0989862099364;11.117058119765758;0.0;0.0;0.0;0.0;0.0;0.0;0.0;0.0;0.0;neos-933966;12;1603;0.050469;1548;0.055321;RED_SPLIT;25535;-8.75944374803854;8.75944374803854;23.33086533398989;23.33086533398989;0.3754444433433519;-1703.4891678561985;1703.4891678561985;<;-601.0528623172881;1
31762.0;12047.0;2.636507014194405;0.0;0.0;0.0;0.0;12047.0;180618.0;180618.0;0.04720350823326686;27982.0;0.0;27982.0;3780.0;88.0989862099364;88.0989862099364;3780.0;11.9010137900636;0.0;0.0;0.0;0.0;5075.0;42.1266705403835;0.0;0.0;0.0;0.0;0.0;0.0;0.0;0.0;0.0;0.0;55.0;0.4565451979745995;0.0;0.0;0.0;0.0;0.0;0.0;0.0;0.0;0.0;0.0;3243.0;26.919565036938657;0.0;0.0;0.0;0.0;0.0;0.0;0.0;0.0;137527.0;76.14246642084399;137527.0;76.14246642084399;0.0;0.0;0.0;0.0;0.0;0.0;0.0;0.0;760.0;0.4207775526248768;0.0;0.0;0.0;0.0;0.0;0.0;0.0;0.0;0.0;0.0;34983.0;19.368501478257983;0.0;0.0;0.0;0.0;0.0;0.0;-1.0;1.0;0.9249022799499497;0.38020490862610556;1.0;0.0;3.7548860025025195;2.0;6782.0;3.7548860025025195;-1.0;1000.0;20.69951514388263;139.31092283530572;1000.0;0.0;5.783640828663182;3.0;1837.0;5.783640828663182;0.0;14.0;1.2471154644309788;1.1923547047933125;14.0;0.0;0.0;13.0;0.0;0.0;2.0;120.0;14.99277828505022;19.602610459409274;0.0;11.0;0.0;6.046042095752652;4385.0;5334.0;8414.0;11035.0;11627.0;12047.0;12047.0;12047.0;12047.0;36.39910351124762;44.27658338175479;69.84311446833237;91.59956835726737;96.51365485183034;100.0;100.0;100.0;100.0;7690.0;6805.0;3633.0;1012.0;420.0;0.0;0.0;0.0;0.0;0.0;0.0;63.83331949863037;56.48709222212999;30.156885531667637;8.40043164273263;3.4863451481696686;0.0;0.0;0.0;0.0;0.0;0.0;3780.0;31034.0;31762.0;31762.0;31762.0;31762.0;31762.0;31762.0;31762.0;11.9010137900636;97.70795289969145;100.0;100.0;100.0;100.0;100.0;100.0;100.0;27982.0;3531.0;0.0;0.0;0.0;0.0;0.0;0.0;0.0;0.0;0.0;88.0989862099364;11.117058119765758;0.0;0.0;0.0;0.0;0.0;0.0;0.0;0.0;0.0;neos-933966;12;1603;0.050469;1548;0.055321;RED_SPLIT;25624;-11.22287253162403;11.22287253162403;31.183830249025625;31.183830249025625;0.359893972036187;-1913.1481112801323;1913.1481112801323;<;-674.3782742324165;1
31762.0;12047.0;2.636507014194405;0.0;0.0;0.0;0.0;12047.0;180618.0;180618.0;0.04720350823326686;27982.0;0.0;27982.0;3780.0;88.0989862099364;88.0989862099364;3780.0;11.9010137900636;0.0;0.0;0.0;0.0;5075.0;42.1266705403835;0.0;0.0;0.0;0.0;0.0;0.0;0.0;0.0;0.0;0.0;55.0;0.4565451979745995;0.0;0.0;0.0;0.0;0.0;0.0;0.0;0.0;0.0;0.0;3243.0;26.919565036938657;0.0;0.0;0.0;0.0;0.0;0.0;0.0;0.0;137527.0;76.14246642084399;137527.0;76.14246642084399;0.0;0.0;0.0;0.0;0.0;0.0;0.0;0.0;760.0;0.4207775526248768;0.0;0.0;0.0;0.0;0.0;0.0;0.0;0.0;0.0;0.0;34983.0;19.368501478257983;0.0;0.0;0.0;0.0;0.0;0.0;-1.0;1.0;0.9249022799499497;0.38020490862610556;1.0;0.0;3.7548860025025195;2.0;6782.0;3.7548860025025195;-1.0;1000.0;20.69951514388263;139.31092283530572;1000.0;0.0;5.783640828663182;3.0;1837.0;5.783640828663182;0.0;14.0;1.2471154644309788;1.1923547047933125;14.0;0.0;0.0;13.0;0.0;0.0;2.0;120.0;14.99277828505022;19.602610459409274;0.0;11.0;0.0;6.046042095752652;4385.0;5334.0;8414.0;11035.0;11627.0;12047.0;12047.0;12047.0;12047.0;36.39910351124762;44.27658338175479;69.84311446833237;91.59956835726737;96.51365485183034;100.0;100.0;100.0;100.0;7690.0;6805.0;3633.0;1012.0;420.0;0.0;0.0;0.0;0.0;0.0;0.0;63.83331949863037;56.48709222212999;30.156885531667637;8.40043164273263;3.4863451481696686;0.0;0.0;0.0;0.0;0.0;0.0;3780.0;31034.0;31762.0;31762.0;31762.0;31762.0;31762.0;31762.0;31762.0;11.9010137900636;97.70795289969145;100.0;100.0;100.0;100.0;100.0;100.0;100.0;27982.0;3531.0;0.0;0.0;0.0;0.0;0.0;0.0;0.0;0.0;0.0;88.0989862099364;11.117058119765758;0.0;0.0;0.0;0.0;0.0;0.0;0.0;0.0;0.0;neos-933966;12;1603;0.050469;1548;0.055321;RED_SPLIT;25890;-9.329204537642333;9.329204537642333;28.98319627335214;28.98319627335214;0.3218832198372763;-1794.2331911667268;1794.2331911667268;<;-634.6367444418729;1
31762.0;12047.0;2.636507014194405;0.0;0.0;0.0;0.0;12047.0;180618.0;180618.0;0.04720350823326686;27982.0;0.0;27982.0;3780.0;88.0989862099364;88.0989862099364;3780.0;11.9010137900636;0.0;0.0;0.0;0.0;5075.0;42.1266705403835;0.0;0.0;0.0;0.0;0.0;0.0;0.0;0.0;0.0;0.0;55.0;0.4565451979745995;0.0;0.0;0.0;0.0;0.0;0.0;0.0;0.0;0.0;0.0;3243.0;26.919565036938657;0.0;0.0;0.0;0.0;0.0;0.0;0.0;0.0;137527.0;76.14246642084399;137527.0;76.14246642084399;0.0;0.0;0.0;0.0;0.0;0.0;0.0;0.0;760.0;0.4207775526248768;0.0;0.0;0.0;0.0;0.0;0.0;0.0;0.0;0.0;0.0;34983.0;19.368501478257983;0.0;0.0;0.0;0.0;0.0;0.0;-1.0;1.0;0.9249022799499497;0.38020490862610556;1.0;0.0;3.7548860025025195;2.0;6782.0;3.7548860025025195;-1.0;1000.0;20.69951514388263;139.31092283530572;1000.0;0.0;5.783640828663182;3.0;1837.0;5.783640828663182;0.0;14.0;1.2471154644309788;1.1923547047933125;14.0;0.0;0.0;13.0;0.0;0.0;2.0;120.0;14.99277828505022;19.602610459409274;0.0;11.0;0.0;6.046042095752652;4385.0;5334.0;8414.0;11035.0;11627.0;12047.0;12047.0;12047.0;12047.0;36.39910351124762;44.27658338175479;69.84311446833237;91.59956835726737;96.51365485183034;100.0;100.0;100.0;100.0;7690.0;6805.0;3633.0;1012.0;420.0;0.0;0.0;0.0;0.0;0.0;0.0;63.83331949863037;56.48709222212999;30.156885531667637;8.40043164273263;3.4863451481696686;0.0;0.0;0.0;0.0;0.0;0.0;3780.0;31034.0;31762.0;31762.0;31762.0;31762.0;31762.0;31762.0;31762.0;11.9010137900636;97.70795289969145;100.0;100.0;100.0;100.0;100.0;100.0;100.0;27982.0;3531.0;0.0;0.0;0.0;0.0;0.0;0.0;0.0;0.0;0.0;88.0989862099364;11.117058119765758;0.0;0.0;0.0;0.0;0.0;0.0;0.0;0.0;0.0;neos-933966;12;1603;0.050469;1548;0.055321;RED_SPLIT;25714;-9.03219500640542;9.03219500640542;25.63158114599038;25.63158114599038;0.3523854012345372;-1537.084643992093;1537.084643992093;<;-543.0061859620433;1
31762.0;12047.0;2.636507014194405;0.0;0.0;0.0;0.0;12047.0;180618.0;180618.0;0.04720350823326686;27982.0;0.0;27982.0;3780.0;88.0989862099364;88.0989862099364;3780.0;11.9010137900636;0.0;0.0;0.0;0.0;5075.0;42.1266705403835;0.0;0.0;0.0;0.0;0.0;0.0;0.0;0.0;0.0;0.0;55.0;0.4565451979745995;0.0;0.0;0.0;0.0;0.0;0.0;0.0;0.0;0.0;0.0;3243.0;26.919565036938657;0.0;0.0;0.0;0.0;0.0;0.0;0.0;0.0;137527.0;76.14246642084399;137527.0;76.14246642084399;0.0;0.0;0.0;0.0;0.0;0.0;0.0;0.0;760.0;0.4207775526248768;0.0;0.0;0.0;0.0;0.0;0.0;0.0;0.0;0.0;0.0;34983.0;19.368501478257983;0.0;0.0;0.0;0.0;0.0;0.0;-1.0;1.0;0.9249022799499497;0.38020490862610556;1.0;0.0;3.7548860025025195;2.0;6782.0;3.7548860025025195;-1.0;1000.0;20.69951514388263;139.31092283530572;1000.0;0.0;5.783640828663182;3.0;1837.0;5.783640828663182;0.0;14.0;1.2471154644309788;1.1923547047933125;14.0;0.0;0.0;13.0;0.0;0.0;2.0;120.0;14.99277828505022;19.602610459409274;0.0;11.0;0.0;6.046042095752652;4385.0;5334.0;8414.0;11035.0;11627.0;12047.0;12047.0;12047.0;12047.0;36.39910351124762;44.27658338175479;69.84311446833237;91.59956835726737;96.51365485183034;100.0;100.0;100.0;100.0;7690.0;6805.0;3633.0;1012.0;420.0;0.0;0.0;0.0;0.0;0.0;0.0;63.83331949863037;56.48709222212999;30.156885531667637;8.40043164273263;3.4863451481696686;0.0;0.0;0.0;0.0;0.0;0.0;3780.0;31034.0;31762.0;31762.0;31762.0;31762.0;31762.0;31762.0;31762.0;11.9010137900636;97.70795289969145;100.0;100.0;100.0;100.0;100.0;100.0;100.0;27982.0;3531.0;0.0;0.0;0.0;0.0;0.0;0.0;0.0;0.0;0.0;88.0989862099364;11.117058119765758;0.0;0.0;0.0;0.0;0.0;0.0;0.0;0.0;0.0;neos-933966;12;1603;0.050469;1548;0.055321;RED_SPLIT;25827;-5.182895056856316;5.182895056856316;12.07256467572059;12.07256467572059;0.42931184848234893;-762.4919333054156;762.4919333054156;<;-266.6632009533864;1
31762.0;12047.0;2.636507014194405;0.0;0.0;0.0;0.0;12047.0;180618.0;180618.0;0.04720350823326686;27982.0;0.0;27982.0;3780.0;88.0989862099364;88.0989862099364;3780.0;11.9010137900636;0.0;0.0;0.0;0.0;5075.0;42.1266705403835;0.0;0.0;0.0;0.0;0.0;0.0;0.0;0.0;0.0;0.0;55.0;0.4565451979745995;0.0;0.0;0.0;0.0;0.0;0.0;0.0;0.0;0.0;0.0;3243.0;26.919565036938657;0.0;0.0;0.0;0.0;0.0;0.0;0.0;0.0;137527.0;76.14246642084399;137527.0;76.14246642084399;0.0;0.0;0.0;0.0;0.0;0.0;0.0;0.0;760.0;0.4207775526248768;0.0;0.0;0.0;0.0;0.0;0.0;0.0;0.0;0.0;0.0;34983.0;19.368501478257983;0.0;0.0;0.0;0.0;0.0;0.0;-1.0;1.0;0.9249022799499497;0.38020490862610556;1.0;0.0;3.7548860025025195;2.0;6782.0;3.7548860025025195;-1.0;1000.0;20.69951514388263;139.31092283530572;1000.0;0.0;5.783640828663182;3.0;1837.0;5.783640828663182;0.0;14.0;1.2471154644309788;1.1923547047933125;14.0;0.0;0.0;13.0;0.0;0.0;2.0;120.0;14.99277828505022;19.602610459409274;0.0;11.0;0.0;6.046042095752652;4385.0;5334.0;8414.0;11035.0;11627.0;12047.0;12047.0;12047.0;12047.0;36.39910351124762;44.27658338175479;69.84311446833237;91.59956835726737;96.51365485183034;100.0;100.0;100.0;100.0;7690.0;6805.0;3633.0;1012.0;420.0;0.0;0.0;0.0;0.0;0.0;0.0;63.83331949863037;56.48709222212999;30.156885531667637;8.40043164273263;3.4863451481696686;0.0;0.0;0.0;0.0;0.0;0.0;3780.0;31034.0;31762.0;31762.0;31762.0;31762.0;31762.0;31762.0;31762.0;11.9010137900636;97.70795289969145;100.0;100.0;100.0;100.0;100.0;100.0;100.0;27982.0;3531.0;0.0;0.0;0.0;0.0;0.0;0.0;0.0;0.0;0.0;88.0989862099364;11.117058119765758;0.0;0.0;0.0;0.0;0.0;0.0;0.0;0.0;0.0;neos-933966;12;1603;0.050469;1548;0.055321;RED_SPLIT;25673;-5.647574783774942;5.647574783774942;17.596890030934986;17.596890030934986;0.32094164217919285;-949.0078357219892;949.0078357219892;<;-325.3617391917612;1
31762.0;12047.0;2.636507014194405;0.0;0.0;0.0;0.0;12047.0;180618.0;180618.0;0.04720350823326686;27982.0;0.0;27982.0;3780.0;88.0989862099364;88.0989862099364;3780.0;11.9010137900636;0.0;0.0;0.0;0.0;5075.0;42.1266705403835;0.0;0.0;0.0;0.0;0.0;0.0;0.0;0.0;0.0;0.0;55.0;0.4565451979745995;0.0;0.0;0.0;0.0;0.0;0.0;0.0;0.0;0.0;0.0;3243.0;26.919565036938657;0.0;0.0;0.0;0.0;0.0;0.0;0.0;0.0;137527.0;76.14246642084399;137527.0;76.14246642084399;0.0;0.0;0.0;0.0;0.0;0.0;0.0;0.0;760.0;0.4207775526248768;0.0;0.0;0.0;0.0;0.0;0.0;0.0;0.0;0.0;0.0;34983.0;19.368501478257983;0.0;0.0;0.0;0.0;0.0;0.0;-1.0;1.0;0.9249022799499497;0.38020490862610556;1.0;0.0;3.7548860025025195;2.0;6782.0;3.7548860025025195;-1.0;1000.0;20.69951514388263;139.31092283530572;1000.0;0.0;5.783640828663182;3.0;1837.0;5.783640828663182;0.0;14.0;1.2471154644309788;1.1923547047933125;14.0;0.0;0.0;13.0;0.0;0.0;2.0;120.0;14.99277828505022;19.602610459409274;0.0;11.0;0.0;6.046042095752652;4385.0;5334.0;8414.0;11035.0;11627.0;12047.0;12047.0;12047.0;12047.0;36.39910351124762;44.27658338175479;69.84311446833237;91.59956835726737;96.51365485183034;100.0;100.0;100.0;100.0;7690.0;6805.0;3633.0;1012.0;420.0;0.0;0.0;0.0;0.0;0.0;0.0;63.83331949863037;56.48709222212999;30.156885531667637;8.40043164273263;3.4863451481696686;0.0;0.0;0.0;0.0;0.0;0.0;3780.0;31034.0;31762.0;31762.0;31762.0;31762.0;31762.0;31762.0;31762.0;11.9010137900636;97.70795289969145;100.0;100.0;100.0;100.0;100.0;100.0;100.0;27982.0;3531.0;0.0;0.0;0.0;0.0;0.0;0.0;0.0;0.0;0.0;88.0989862099364;11.117058119765758;0.0;0.0;0.0;0.0;0.0;0.0;0.0;0.0;0.0;neos-933966;12;1603;0.050469;1548;0.055321;RED_SPLIT;25468;-16.476032508202916;16.476032508202916;41.64589138565863;41.64589138565863;0.3956220400141724;-2764.9097836276096;2764.9097836276096;<;-956.7241986348929;1
31762.0;12047.0;2.636507014194405;0.0;0.0;0.0;0.0;12047.0;180618.0;180618.0;0.04720350823326686;27982.0;0.0;27982.0;3780.0;88.0989862099364;88.0989862099364;3780.0;11.9010137900636;0.0;0.0;0.0;0.0;5075.0;42.1266705403835;0.0;0.0;0.0;0.0;0.0;0.0;0.0;0.0;0.0;0.0;55.0;0.4565451979745995;0.0;0.0;0.0;0.0;0.0;0.0;0.0;0.0;0.0;0.0;3243.0;26.919565036938657;0.0;0.0;0.0;0.0;0.0;0.0;0.0;0.0;137527.0;76.14246642084399;137527.0;76.14246642084399;0.0;0.0;0.0;0.0;0.0;0.0;0.0;0.0;760.0;0.4207775526248768;0.0;0.0;0.0;0.0;0.0;0.0;0.0;0.0;0.0;0.0;34983.0;19.368501478257983;0.0;0.0;0.0;0.0;0.0;0.0;-1.0;1.0;0.9249022799499497;0.38020490862610556;1.0;0.0;3.7548860025025195;2.0;6782.0;3.7548860025025195;-1.0;1000.0;20.69951514388263;139.31092283530572;1000.0;0.0;5.783640828663182;3.0;1837.0;5.783640828663182;0.0;14.0;1.2471154644309788;1.1923547047933125;14.0;0.0;0.0;13.0;0.0;0.0;2.0;120.0;14.99277828505022;19.602610459409274;0.0;11.0;0.0;6.046042095752652;4385.0;5334.0;8414.0;11035.0;11627.0;12047.0;12047.0;12047.0;12047.0;36.39910351124762;44.27658338175479;69.84311446833237;91.59956835726737;96.51365485183034;100.0;100.0;100.0;100.0;7690.0;6805.0;3633.0;1012.0;420.0;0.0;0.0;0.0;0.0;0.0;0.0;63.83331949863037;56.48709222212999;30.156885531667637;8.40043164273263;3.4863451481696686;0.0;0.0;0.0;0.0;0.0;0.0;3780.0;31034.0;31762.0;31762.0;31762.0;31762.0;31762.0;31762.0;31762.0;11.9010137900636;97.70795289969145;100.0;100.0;100.0;100.0;100.0;100.0;100.0;27982.0;3531.0;0.0;0.0;0.0;0.0;0.0;0.0;0.0;0.0;0.0;88.0989862099364;11.117058119765758;0.0;0.0;0.0;0.0;0.0;0.0;0.0;0.0;0.0;neos-933966;12;1603;0.050469;1548;0.055321;RED_SPLIT;25465;-6.2480403211776805;6.2480403211776805;24.634483808014643;24.634483808014643;0.25362984545854084;-1296.4095119105425;1296.4095119105425;<;-460.3833511646037;1
31762.0;12047.0;2.636507014194405;0.0;0.0;0.0;0.0;12047.0;180618.0;180618.0;0.04720350823326686;27982.0;0.0;27982.0;3780.0;88.0989862099364;88.0989862099364;3780.0;11.9010137900636;0.0;0.0;0.0;0.0;5075.0;42.1266705403835;0.0;0.0;0.0;0.0;0.0;0.0;0.0;0.0;0.0;0.0;55.0;0.4565451979745995;0.0;0.0;0.0;0.0;0.0;0.0;0.0;0.0;0.0;0.0;3243.0;26.919565036938657;0.0;0.0;0.0;0.0;0.0;0.0;0.0;0.0;137527.0;76.14246642084399;137527.0;76.14246642084399;0.0;0.0;0.0;0.0;0.0;0.0;0.0;0.0;760.0;0.4207775526248768;0.0;0.0;0.0;0.0;0.0;0.0;0.0;0.0;0.0;0.0;34983.0;19.368501478257983;0.0;0.0;0.0;0.0;0.0;0.0;-1.0;1.0;0.9249022799499497;0.38020490862610556;1.0;0.0;3.7548860025025195;2.0;6782.0;3.7548860025025195;-1.0;1000.0;20.69951514388263;139.31092283530572;1000.0;0.0;5.783640828663182;3.0;1837.0;5.783640828663182;0.0;14.0;1.2471154644309788;1.1923547047933125;14.0;0.0;0.0;13.0;0.0;0.0;2.0;120.0;14.99277828505022;19.602610459409274;0.0;11.0;0.0;6.046042095752652;4385.0;5334.0;8414.0;11035.0;11627.0;12047.0;12047.0;12047.0;12047.0;36.39910351124762;44.27658338175479;69.84311446833237;91.59956835726737;96.51365485183034;100.0;100.0;100.0;100.0;7690.0;6805.0;3633.0;1012.0;420.0;0.0;0.0;0.0;0.0;0.0;0.0;63.83331949863037;56.48709222212999;30.156885531667637;8.40043164273263;3.4863451481696686;0.0;0.0;0.0;0.0;0.0;0.0;3780.0;31034.0;31762.0;31762.0;31762.0;31762.0;31762.0;31762.0;31762.0;11.9010137900636;97.70795289969145;100.0;100.0;100.0;100.0;100.0;100.0;100.0;27982.0;3531.0;0.0;0.0;0.0;0.0;0.0;0.0;0.0;0.0;0.0;88.0989862099364;11.117058119765758;0.0;0.0;0.0;0.0;0.0;0.0;0.0;0.0;0.0;neos-933966;12;1603;0.050469;1548;0.055321;RED_SPLIT;25827;-6.977084930075809;6.977084930075809;19.339338424697193;19.339338424697193;0.36077164465800765;-1238.2603660696755;1238.2603660696755;<;-427.023367996193;1
31762.0;12047.0;2.636507014194405;0.0;0.0;0.0;0.0;12047.0;180618.0;180618.0;0.04720350823326686;27982.0;0.0;27982.0;3780.0;88.0989862099364;88.0989862099364;3780.0;11.9010137900636;0.0;0.0;0.0;0.0;5075.0;42.1266705403835;0.0;0.0;0.0;0.0;0.0;0.0;0.0;0.0;0.0;0.0;55.0;0.4565451979745995;0.0;0.0;0.0;0.0;0.0;0.0;0.0;0.0;0.0;0.0;3243.0;26.919565036938657;0.0;0.0;0.0;0.0;0.0;0.0;0.0;0.0;137527.0;76.14246642084399;137527.0;76.14246642084399;0.0;0.0;0.0;0.0;0.0;0.0;0.0;0.0;760.0;0.4207775526248768;0.0;0.0;0.0;0.0;0.0;0.0;0.0;0.0;0.0;0.0;34983.0;19.368501478257983;0.0;0.0;0.0;0.0;0.0;0.0;-1.0;1.0;0.9249022799499497;0.38020490862610556;1.0;0.0;3.7548860025025195;2.0;6782.0;3.7548860025025195;-1.0;1000.0;20.69951514388263;139.31092283530572;1000.0;0.0;5.783640828663182;3.0;1837.0;5.783640828663182;0.0;14.0;1.2471154644309788;1.1923547047933125;14.0;0.0;0.0;13.0;0.0;0.0;2.0;120.0;14.99277828505022;19.602610459409274;0.0;11.0;0.0;6.046042095752652;4385.0;5334.0;8414.0;11035.0;11627.0;12047.0;12047.0;12047.0;12047.0;36.39910351124762;44.27658338175479;69.84311446833237;91.59956835726737;96.51365485183034;100.0;100.0;100.0;100.0;7690.0;6805.0;3633.0;1012.0;420.0;0.0;0.0;0.0;0.0;0.0;0.0;63.83331949863037;56.48709222212999;30.156885531667637;8.40043164273263;3.4863451481696686;0.0;0.0;0.0;0.0;0.0;0.0;3780.0;31034.0;31762.0;31762.0;31762.0;31762.0;31762.0;31762.0;31762.0;11.9010137900636;97.70795289969145;100.0;100.0;100.0;100.0;100.0;100.0;100.0;27982.0;3531.0;0.0;0.0;0.0;0.0;0.0;0.0;0.0;0.0;0.0;88.0989862099364;11.117058119765758;0.0;0.0;0.0;0.0;0.0;0.0;0.0;0.0;0.0;neos-933966;12;1603;0.050469;1548;0.055321;RED_SPLIT;25586;-7.746830264991298;7.746830264991298;22.958665148288276;22.958665148288276;0.3374251166152348;-1397.7774615080318;1397.7774615080318;<;-476.74307288829107;1
31762.0;12047.0;2.636507014194405;0.0;0.0;0.0;0.0;12047.0;180618.0;180618.0;0.04720350823326686;27982.0;0.0;27982.0;3780.0;88.0989862099364;88.0989862099364;3780.0;11.9010137900636;0.0;0.0;0.0;0.0;5075.0;42.1266705403835;0.0;0.0;0.0;0.0;0.0;0.0;0.0;0.0;0.0;0.0;55.0;0.4565451979745995;0.0;0.0;0.0;0.0;0.0;0.0;0.0;0.0;0.0;0.0;3243.0;26.919565036938657;0.0;0.0;0.0;0.0;0.0;0.0;0.0;0.0;137527.0;76.14246642084399;137527.0;76.14246642084399;0.0;0.0;0.0;0.0;0.0;0.0;0.0;0.0;760.0;0.4207775526248768;0.0;0.0;0.0;0.0;0.0;0.0;0.0;0.0;0.0;0.0;34983.0;19.368501478257983;0.0;0.0;0.0;0.0;0.0;0.0;-1.0;1.0;0.9249022799499497;0.38020490862610556;1.0;0.0;3.7548860025025195;2.0;6782.0;3.7548860025025195;-1.0;1000.0;20.69951514388263;139.31092283530572;1000.0;0.0;5.783640828663182;3.0;1837.0;5.783640828663182;0.0;14.0;1.2471154644309788;1.1923547047933125;14.0;0.0;0.0;13.0;0.0;0.0;2.0;120.0;14.99277828505022;19.602610459409274;0.0;11.0;0.0;6.046042095752652;4385.0;5334.0;8414.0;11035.0;11627.0;12047.0;12047.0;12047.0;12047.0;36.39910351124762;44.27658338175479;69.84311446833237;91.59956835726737;96.51365485183034;100.0;100.0;100.0;100.0;7690.0;6805.0;3633.0;1012.0;420.0;0.0;0.0;0.0;0.0;0.0;0.0;63.83331949863037;56.48709222212999;30.156885531667637;8.40043164273263;3.4863451481696686;0.0;0.0;0.0;0.0;0.0;0.0;3780.0;31034.0;31762.0;31762.0;31762.0;31762.0;31762.0;31762.0;31762.0;11.9010137900636;97.70795289969145;100.0;100.0;100.0;100.0;100.0;100.0;100.0;27982.0;3531.0;0.0;0.0;0.0;0.0;0.0;0.0;0.0;0.0;0.0;88.0989862099364;11.117058119765758;0.0;0.0;0.0;0.0;0.0;0.0;0.0;0.0;0.0;neos-933966;12;1603;0.050469;1548;0.055321;RED_SPLIT;25795;-4.6716832820107905;4.6716832820107905;12.700357447057142;12.700357447057142;0.3678387243418324;-823.07054280928;823.07054280928;<;-290.2623484673553;1
31762.0;12047.0;2.636507014194405;0.0;0.0;0.0;0.0;12047.0;180618.0;180618.0;0.04720350823326686;27982.0;0.0;27982.0;3780.0;88.0989862099364;88.0989862099364;3780.0;11.9010137900636;0.0;0.0;0.0;0.0;5075.0;42.1266705403835;0.0;0.0;0.0;0.0;0.0;0.0;0.0;0.0;0.0;0.0;55.0;0.4565451979745995;0.0;0.0;0.0;0.0;0.0;0.0;0.0;0.0;0.0;0.0;3243.0;26.919565036938657;0.0;0.0;0.0;0.0;0.0;0.0;0.0;0.0;137527.0;76.14246642084399;137527.0;76.14246642084399;0.0;0.0;0.0;0.0;0.0;0.0;0.0;0.0;760.0;0.4207775526248768;0.0;0.0;0.0;0.0;0.0;0.0;0.0;0.0;0.0;0.0;34983.0;19.368501478257983;0.0;0.0;0.0;0.0;0.0;0.0;-1.0;1.0;0.9249022799499497;0.38020490862610556;1.0;0.0;3.7548860025025195;2.0;6782.0;3.7548860025025195;-1.0;1000.0;20.69951514388263;139.31092283530572;1000.0;0.0;5.783640828663182;3.0;1837.0;5.783640828663182;0.0;14.0;1.2471154644309788;1.1923547047933125;14.0;0.0;0.0;13.0;0.0;0.0;2.0;120.0;14.99277828505022;19.602610459409274;0.0;11.0;0.0;6.046042095752652;4385.0;5334.0;8414.0;11035.0;11627.0;12047.0;12047.0;12047.0;12047.0;36.39910351124762;44.27658338175479;69.84311446833237;91.59956835726737;96.51365485183034;100.0;100.0;100.0;100.0;7690.0;6805.0;3633.0;1012.0;420.0;0.0;0.0;0.0;0.0;0.0;0.0;63.83331949863037;56.48709222212999;30.156885531667637;8.40043164273263;3.4863451481696686;0.0;0.0;0.0;0.0;0.0;0.0;3780.0;31034.0;31762.0;31762.0;31762.0;31762.0;31762.0;31762.0;31762.0;11.9010137900636;97.70795289969145;100.0;100.0;100.0;100.0;100.0;100.0;100.0;27982.0;3531.0;0.0;0.0;0.0;0.0;0.0;0.0;0.0;0.0;0.0;88.0989862099364;11.117058119765758;0.0;0.0;0.0;0.0;0.0;0.0;0.0;0.0;0.0;neos-933966;12;1603;0.050469;1548;0.055321;RED_SPLIT;25791;-9.394187747176488;9.394187747176488;23.84956424906759;23.84956424906759;0.39389347533021524;-1681.3523963992359;1681.3523963992359;<;-591.9568507243116;1
31762.0;12047.0;2.636507014194405;0.0;0.0;0.0;0.0;12047.0;180618.0;180618.0;0.04720350823326686;27982.0;0.0;27982.0;3780.0;88.0989862099364;88.0989862099364;3780.0;11.9010137900636;0.0;0.0;0.0;0.0;5075.0;42.1266705403835;0.0;0.0;0.0;0.0;0.0;0.0;0.0;0.0;0.0;0.0;55.0;0.4565451979745995;0.0;0.0;0.0;0.0;0.0;0.0;0.0;0.0;0.0;0.0;3243.0;26.919565036938657;0.0;0.0;0.0;0.0;0.0;0.0;0.0;0.0;137527.0;76.14246642084399;137527.0;76.14246642084399;0.0;0.0;0.0;0.0;0.0;0.0;0.0;0.0;760.0;0.4207775526248768;0.0;0.0;0.0;0.0;0.0;0.0;0.0;0.0;0.0;0.0;34983.0;19.368501478257983;0.0;0.0;0.0;0.0;0.0;0.0;-1.0;1.0;0.9249022799499497;0.38020490862610556;1.0;0.0;3.7548860025025195;2.0;6782.0;3.7548860025025195;-1.0;1000.0;20.69951514388263;139.31092283530572;1000.0;0.0;5.783640828663182;3.0;1837.0;5.783640828663182;0.0;14.0;1.2471154644309788;1.1923547047933125;14.0;0.0;0.0;13.0;0.0;0.0;2.0;120.0;14.99277828505022;19.602610459409274;0.0;11.0;0.0;6.046042095752652;4385.0;5334.0;8414.0;11035.0;11627.0;12047.0;12047.0;12047.0;12047.0;36.39910351124762;44.27658338175479;69.84311446833237;91.59956835726737;96.51365485183034;100.0;100.0;100.0;100.0;7690.0;6805.0;3633.0;1012.0;420.0;0.0;0.0;0.0;0.0;0.0;0.0;63.83331949863037;56.48709222212999;30.156885531667637;8.40043164273263;3.4863451481696686;0.0;0.0;0.0;0.0;0.0;0.0;3780.0;31034.0;31762.0;31762.0;31762.0;31762.0;31762.0;31762.0;31762.0;11.9010137900636;97.70795289969145;100.0;100.0;100.0;100.0;100.0;100.0;100.0;27982.0;3531.0;0.0;0.0;0.0;0.0;0.0;0.0;0.0;0.0;0.0;88.0989862099364;11.117058119765758;0.0;0.0;0.0;0.0;0.0;0.0;0.0;0.0;0.0;neos-933966;12;1603;0.050469;1548;0.055321;RED_SPLIT;25395;-5.425473024619643;5.425473024619643;16.368753886032348;16.368753886032348;0.33145302705352936;-933.9009367603663;933.9009367603663;<;-342.3327576116816;1
31762.0;12047.0;2.636507014194405;0.0;0.0;0.0;0.0;12047.0;180618.0;180618.0;0.04720350823326686;27982.0;0.0;27982.0;3780.0;88.0989862099364;88.0989862099364;3780.0;11.9010137900636;0.0;0.0;0.0;0.0;5075.0;42.1266705403835;0.0;0.0;0.0;0.0;0.0;0.0;0.0;0.0;0.0;0.0;55.0;0.4565451979745995;0.0;0.0;0.0;0.0;0.0;0.0;0.0;0.0;0.0;0.0;3243.0;26.919565036938657;0.0;0.0;0.0;0.0;0.0;0.0;0.0;0.0;137527.0;76.14246642084399;137527.0;76.14246642084399;0.0;0.0;0.0;0.0;0.0;0.0;0.0;0.0;760.0;0.4207775526248768;0.0;0.0;0.0;0.0;0.0;0.0;0.0;0.0;0.0;0.0;34983.0;19.368501478257983;0.0;0.0;0.0;0.0;0.0;0.0;-1.0;1.0;0.9249022799499497;0.38020490862610556;1.0;0.0;3.7548860025025195;2.0;6782.0;3.7548860025025195;-1.0;1000.0;20.69951514388263;139.31092283530572;1000.0;0.0;5.783640828663182;3.0;1837.0;5.783640828663182;0.0;14.0;1.2471154644309788;1.1923547047933125;14.0;0.0;0.0;13.0;0.0;0.0;2.0;120.0;14.99277828505022;19.602610459409274;0.0;11.0;0.0;6.046042095752652;4385.0;5334.0;8414.0;11035.0;11627.0;12047.0;12047.0;12047.0;12047.0;36.39910351124762;44.27658338175479;69.84311446833237;91.59956835726737;96.51365485183034;100.0;100.0;100.0;100.0;7690.0;6805.0;3633.0;1012.0;420.0;0.0;0.0;0.0;0.0;0.0;0.0;63.83331949863037;56.48709222212999;30.156885531667637;8.40043164273263;3.4863451481696686;0.0;0.0;0.0;0.0;0.0;0.0;3780.0;31034.0;31762.0;31762.0;31762.0;31762.0;31762.0;31762.0;31762.0;11.9010137900636;97.70795289969145;100.0;100.0;100.0;100.0;100.0;100.0;100.0;27982.0;3531.0;0.0;0.0;0.0;0.0;0.0;0.0;0.0;0.0;0.0;88.0989862099364;11.117058119765758;0.0;0.0;0.0;0.0;0.0;0.0;0.0;0.0;0.0;neos-933966;12;1603;0.050469;1548;0.055321;RED_SPLIT;25648;-18.07003847620199;18.07003847620199;39.522211049377184;39.522211049377184;0.4572122357634834;-3039.852416522503;3039.852416522503;<;-1046.4887659432165;1
31762.0;12047.0;2.636507014194405;0.0;0.0;0.0;0.0;12047.0;180618.0;180618.0;0.04720350823326686;27982.0;0.0;27982.0;3780.0;88.0989862099364;88.0989862099364;3780.0;11.9010137900636;0.0;0.0;0.0;0.0;5075.0;42.1266705403835;0.0;0.0;0.0;0.0;0.0;0.0;0.0;0.0;0.0;0.0;55.0;0.4565451979745995;0.0;0.0;0.0;0.0;0.0;0.0;0.0;0.0;0.0;0.0;3243.0;26.919565036938657;0.0;0.0;0.0;0.0;0.0;0.0;0.0;0.0;137527.0;76.14246642084399;137527.0;76.14246642084399;0.0;0.0;0.0;0.0;0.0;0.0;0.0;0.0;760.0;0.4207775526248768;0.0;0.0;0.0;0.0;0.0;0.0;0.0;0.0;0.0;0.0;34983.0;19.368501478257983;0.0;0.0;0.0;0.0;0.0;0.0;-1.0;1.0;0.9249022799499497;0.38020490862610556;1.0;0.0;3.7548860025025195;2.0;6782.0;3.7548860025025195;-1.0;1000.0;20.69951514388263;139.31092283530572;1000.0;0.0;5.783640828663182;3.0;1837.0;5.783640828663182;0.0;14.0;1.2471154644309788;1.1923547047933125;14.0;0.0;0.0;13.0;0.0;0.0;2.0;120.0;14.99277828505022;19.602610459409274;0.0;11.0;0.0;6.046042095752652;4385.0;5334.0;8414.0;11035.0;11627.0;12047.0;12047.0;12047.0;12047.0;36.39910351124762;44.27658338175479;69.84311446833237;91.59956835726737;96.51365485183034;100.0;100.0;100.0;100.0;7690.0;6805.0;3633.0;1012.0;420.0;0.0;0.0;0.0;0.0;0.0;0.0;63.83331949863037;56.48709222212999;30.156885531667637;8.40043164273263;3.4863451481696686;0.0;0.0;0.0;0.0;0.0;0.0;3780.0;31034.0;31762.0;31762.0;31762.0;31762.0;31762.0;31762.0;31762.0;11.9010137900636;97.70795289969145;100.0;100.0;100.0;100.0;100.0;100.0;100.0;27982.0;3531.0;0.0;0.0;0.0;0.0;0.0;0.0;0.0;0.0;0.0;88.0989862099364;11.117058119765758;0.0;0.0;0.0;0.0;0.0;0.0;0.0;0.0;0.0;neos-933966;12;1603;0.050469;1548;0.055321;RED_SPLIT;26081;-4.690205829724298;4.690205829724298;14.428139371325535;14.428139371325535;0.32507350456051226;-727.0599371464223;727.0599371464223;<;-244.95875672383158;1
31762.0;12047.0;2.636507014194405;0.0;0.0;0.0;0.0;12047.0;180618.0;180618.0;0.04720350823326686;27982.0;0.0;27982.0;3780.0;88.0989862099364;88.0989862099364;3780.0;11.9010137900636;0.0;0.0;0.0;0.0;5075.0;42.1266705403835;0.0;0.0;0.0;0.0;0.0;0.0;0.0;0.0;0.0;0.0;55.0;0.4565451979745995;0.0;0.0;0.0;0.0;0.0;0.0;0.0;0.0;0.0;0.0;3243.0;26.919565036938657;0.0;0.0;0.0;0.0;0.0;0.0;0.0;0.0;137527.0;76.14246642084399;137527.0;76.14246642084399;0.0;0.0;0.0;0.0;0.0;0.0;0.0;0.0;760.0;0.4207775526248768;0.0;0.0;0.0;0.0;0.0;0.0;0.0;0.0;0.0;0.0;34983.0;19.368501478257983;0.0;0.0;0.0;0.0;0.0;0.0;-1.0;1.0;0.9249022799499497;0.38020490862610556;1.0;0.0;3.7548860025025195;2.0;6782.0;3.7548860025025195;-1.0;1000.0;20.69951514388263;139.31092283530572;1000.0;0.0;5.783640828663182;3.0;1837.0;5.783640828663182;0.0;14.0;1.2471154644309788;1.1923547047933125;14.0;0.0;0.0;13.0;0.0;0.0;2.0;120.0;14.99277828505022;19.602610459409274;0.0;11.0;0.0;6.046042095752652;4385.0;5334.0;8414.0;11035.0;11627.0;12047.0;12047.0;12047.0;12047.0;36.39910351124762;44.27658338175479;69.84311446833237;91.59956835726737;96.51365485183034;100.0;100.0;100.0;100.0;7690.0;6805.0;3633.0;1012.0;420.0;0.0;0.0;0.0;0.0;0.0;0.0;63.83331949863037;56.48709222212999;30.156885531667637;8.40043164273263;3.4863451481696686;0.0;0.0;0.0;0.0;0.0;0.0;3780.0;31034.0;31762.0;31762.0;31762.0;31762.0;31762.0;31762.0;31762.0;11.9010137900636;97.70795289969145;100.0;100.0;100.0;100.0;100.0;100.0;100.0;27982.0;3531.0;0.0;0.0;0.0;0.0;0.0;0.0;0.0;0.0;0.0;88.0989862099364;11.117058119765758;0.0;0.0;0.0;0.0;0.0;0.0;0.0;0.0;0.0;neos-933966;12;1603;0.050469;1548;0.055321;RED_SPLIT;25427;-1.7422774180170977;1.7422774180170977;5.335380207336513;5.335380207336513;0.32655168897267095;-341.60628150580425;341.60628150580425;<;-122.82681610324511;1
31762.0;12047.0;2.636507014194405;0.0;0.0;0.0;0.0;12047.0;180618.0;180618.0;0.04720350823326686;27982.0;0.0;27982.0;3780.0;88.0989862099364;88.0989862099364;3780.0;11.9010137900636;0.0;0.0;0.0;0.0;5075.0;42.1266705403835;0.0;0.0;0.0;0.0;0.0;0.0;0.0;0.0;0.0;0.0;55.0;0.4565451979745995;0.0;0.0;0.0;0.0;0.0;0.0;0.0;0.0;0.0;0.0;3243.0;26.919565036938657;0.0;0.0;0.0;0.0;0.0;0.0;0.0;0.0;137527.0;76.14246642084399;137527.0;76.14246642084399;0.0;0.0;0.0;0.0;0.0;0.0;0.0;0.0;760.0;0.4207775526248768;0.0;0.0;0.0;0.0;0.0;0.0;0.0;0.0;0.0;0.0;34983.0;19.368501478257983;0.0;0.0;0.0;0.0;0.0;0.0;-1.0;1.0;0.9249022799499497;0.38020490862610556;1.0;0.0;3.7548860025025195;2.0;6782.0;3.7548860025025195;-1.0;1000.0;20.69951514388263;139.31092283530572;1000.0;0.0;5.783640828663182;3.0;1837.0;5.783640828663182;0.0;14.0;1.2471154644309788;1.1923547047933125;14.0;0.0;0.0;13.0;0.0;0.0;2.0;120.0;14.99277828505022;19.602610459409274;0.0;11.0;0.0;6.046042095752652;4385.0;5334.0;8414.0;11035.0;11627.0;12047.0;12047.0;12047.0;12047.0;36.39910351124762;44.27658338175479;69.84311446833237;91.59956835726737;96.51365485183034;100.0;100.0;100.0;100.0;7690.0;6805.0;3633.0;1012.0;420.0;0.0;0.0;0.0;0.0;0.0;0.0;63.83331949863037;56.48709222212999;30.156885531667637;8.40043164273263;3.4863451481696686;0.0;0.0;0.0;0.0;0.0;0.0;3780.0;31034.0;31762.0;31762.0;31762.0;31762.0;31762.0;31762.0;31762.0;11.9010137900636;97.70795289969145;100.0;100.0;100.0;100.0;100.0;100.0;100.0;27982.0;3531.0;0.0;0.0;0.0;0.0;0.0;0.0;0.0;0.0;0.0;88.0989862099364;11.117058119765758;0.0;0.0;0.0;0.0;0.0;0.0;0.0;0.0;0.0;neos-933966;12;1603;0.050469;1548;0.055321;RED_SPLIT;25415;-8.323927414377634;8.323927414377634;20.209396853979882;20.209396853979882;0.4118840099247387;-1327.1813134877123;1327.1813134877123;<;-474.11325380425785;1
31762.0;12047.0;2.636507014194405;0.0;0.0;0.0;0.0;12047.0;180618.0;180618.0;0.04720350823326686;27982.0;0.0;27982.0;3780.0;88.0989862099364;88.0989862099364;3780.0;11.9010137900636;0.0;0.0;0.0;0.0;5075.0;42.1266705403835;0.0;0.0;0.0;0.0;0.0;0.0;0.0;0.0;0.0;0.0;55.0;0.4565451979745995;0.0;0.0;0.0;0.0;0.0;0.0;0.0;0.0;0.0;0.0;3243.0;26.919565036938657;0.0;0.0;0.0;0.0;0.0;0.0;0.0;0.0;137527.0;76.14246642084399;137527.0;76.14246642084399;0.0;0.0;0.0;0.0;0.0;0.0;0.0;0.0;760.0;0.4207775526248768;0.0;0.0;0.0;0.0;0.0;0.0;0.0;0.0;0.0;0.0;34983.0;19.368501478257983;0.0;0.0;0.0;0.0;0.0;0.0;-1.0;1.0;0.9249022799499497;0.38020490862610556;1.0;0.0;3.7548860025025195;2.0;6782.0;3.7548860025025195;-1.0;1000.0;20.69951514388263;139.31092283530572;1000.0;0.0;5.783640828663182;3.0;1837.0;5.783640828663182;0.0;14.0;1.2471154644309788;1.1923547047933125;14.0;0.0;0.0;13.0;0.0;0.0;2.0;120.0;14.99277828505022;19.602610459409274;0.0;11.0;0.0;6.046042095752652;4385.0;5334.0;8414.0;11035.0;11627.0;12047.0;12047.0;12047.0;12047.0;36.39910351124762;44.27658338175479;69.84311446833237;91.59956835726737;96.51365485183034;100.0;100.0;100.0;100.0;7690.0;6805.0;3633.0;1012.0;420.0;0.0;0.0;0.0;0.0;0.0;0.0;63.83331949863037;56.48709222212999;30.156885531667637;8.40043164273263;3.4863451481696686;0.0;0.0;0.0;0.0;0.0;0.0;3780.0;31034.0;31762.0;31762.0;31762.0;31762.0;31762.0;31762.0;31762.0;11.9010137900636;97.70795289969145;100.0;100.0;100.0;100.0;100.0;100.0;100.0;27982.0;3531.0;0.0;0.0;0.0;0.0;0.0;0.0;0.0;0.0;0.0;88.0989862099364;11.117058119765758;0.0;0.0;0.0;0.0;0.0;0.0;0.0;0.0;0.0;neos-933966;12;1603;0.050469;1548;0.055321;RED_SPLIT;25652;-7.944780212080909;7.944780212080909;21.013132260255468;21.013132260255468;0.3780864325071507;-1381.149040586765;1381.149040586765;<;-493.04938881902933;1
31762.0;12047.0;2.636507014194405;0.0;0.0;0.0;0.0;12047.0;180618.0;180618.0;0.04720350823326686;27982.0;0.0;27982.0;3780.0;88.0989862099364;88.0989862099364;3780.0;11.9010137900636;0.0;0.0;0.0;0.0;5075.0;42.1266705403835;0.0;0.0;0.0;0.0;0.0;0.0;0.0;0.0;0.0;0.0;55.0;0.4565451979745995;0.0;0.0;0.0;0.0;0.0;0.0;0.0;0.0;0.0;0.0;3243.0;26.919565036938657;0.0;0.0;0.0;0.0;0.0;0.0;0.0;0.0;137527.0;76.14246642084399;137527.0;76.14246642084399;0.0;0.0;0.0;0.0;0.0;0.0;0.0;0.0;760.0;0.4207775526248768;0.0;0.0;0.0;0.0;0.0;0.0;0.0;0.0;0.0;0.0;34983.0;19.368501478257983;0.0;0.0;0.0;0.0;0.0;0.0;-1.0;1.0;0.9249022799499497;0.38020490862610556;1.0;0.0;3.7548860025025195;2.0;6782.0;3.7548860025025195;-1.0;1000.0;20.69951514388263;139.31092283530572;1000.0;0.0;5.783640828663182;3.0;1837.0;5.783640828663182;0.0;14.0;1.2471154644309788;1.1923547047933125;14.0;0.0;0.0;13.0;0.0;0.0;2.0;120.0;14.99277828505022;19.602610459409274;0.0;11.0;0.0;6.046042095752652;4385.0;5334.0;8414.0;11035.0;11627.0;12047.0;12047.0;12047.0;12047.0;36.39910351124762;44.27658338175479;69.84311446833237;91.59956835726737;96.51365485183034;100.0;100.0;100.0;100.0;7690.0;6805.0;3633.0;1012.0;420.0;0.0;0.0;0.0;0.0;0.0;0.0;63.83331949863037;56.48709222212999;30.156885531667637;8.40043164273263;3.4863451481696686;0.0;0.0;0.0;0.0;0.0;0.0;3780.0;31034.0;31762.0;31762.0;31762.0;31762.0;31762.0;31762.0;31762.0;11.9010137900636;97.70795289969145;100.0;100.0;100.0;100.0;100.0;100.0;100.0;27982.0;3531.0;0.0;0.0;0.0;0.0;0.0;0.0;0.0;0.0;0.0;88.0989862099364;11.117058119765758;0.0;0.0;0.0;0.0;0.0;0.0;0.0;0.0;0.0;neos-933966;12;1603;0.050469;1548;0.055321;RED_SPLIT;25647;-6.409986164844207;6.409986164844207;15.301398760634147;15.301398760634147;0.41891504594567885;-1196.347090007439;1196.347090007439;<;-425.0716834098406;1
31762.0;12047.0;2.636507014194405;0.0;0.0;0.0;0.0;12047.0;180618.0;180618.0;0.04720350823326686;27982.0;0.0;27982.0;3780.0;88.0989862099364;88.0989862099364;3780.0;11.9010137900636;0.0;0.0;0.0;0.0;5075.0;42.1266705403835;0.0;0.0;0.0;0.0;0.0;0.0;0.0;0.0;0.0;0.0;55.0;0.4565451979745995;0.0;0.0;0.0;0.0;0.0;0.0;0.0;0.0;0.0;0.0;3243.0;26.919565036938657;0.0;0.0;0.0;0.0;0.0;0.0;0.0;0.0;137527.0;76.14246642084399;137527.0;76.14246642084399;0.0;0.0;0.0;0.0;0.0;0.0;0.0;0.0;760.0;0.4207775526248768;0.0;0.0;0.0;0.0;0.0;0.0;0.0;0.0;0.0;0.0;34983.0;19.368501478257983;0.0;0.0;0.0;0.0;0.0;0.0;-1.0;1.0;0.9249022799499497;0.38020490862610556;1.0;0.0;3.7548860025025195;2.0;6782.0;3.7548860025025195;-1.0;1000.0;20.69951514388263;139.31092283530572;1000.0;0.0;5.783640828663182;3.0;1837.0;5.783640828663182;0.0;14.0;1.2471154644309788;1.1923547047933125;14.0;0.0;0.0;13.0;0.0;0.0;2.0;120.0;14.99277828505022;19.602610459409274;0.0;11.0;0.0;6.046042095752652;4385.0;5334.0;8414.0;11035.0;11627.0;12047.0;12047.0;12047.0;12047.0;36.39910351124762;44.27658338175479;69.84311446833237;91.59956835726737;96.51365485183034;100.0;100.0;100.0;100.0;7690.0;6805.0;3633.0;1012.0;420.0;0.0;0.0;0.0;0.0;0.0;0.0;63.83331949863037;56.48709222212999;30.156885531667637;8.40043164273263;3.4863451481696686;0.0;0.0;0.0;0.0;0.0;0.0;3780.0;31034.0;31762.0;31762.0;31762.0;31762.0;31762.0;31762.0;31762.0;11.9010137900636;97.70795289969145;100.0;100.0;100.0;100.0;100.0;100.0;100.0;27982.0;3531.0;0.0;0.0;0.0;0.0;0.0;0.0;0.0;0.0;0.0;88.0989862099364;11.117058119765758;0.0;0.0;0.0;0.0;0.0;0.0;0.0;0.0;0.0;neos-933966;12;1603;0.050469;1548;0.055321;RED_SPLIT;25497;-4.71068528854175;4.71068528854175;14.011784916212944;14.011784916212944;0.33619451887896507;-876.2819506083264;876.2819506083264;<;-312.61429147120214;1
31762.0;12047.0;2.636507014194405;0.0;0.0;0.0;0.0;12047.0;180618.0;180618.0;0.04720350823326686;27982.0;0.0;27982.0;3780.0;88.0989862099364;88.0989862099364;3780.0;11.9010137900636;0.0;0.0;0.0;0.0;5075.0;42.1266705403835;0.0;0.0;0.0;0.0;0.0;0.0;0.0;0.0;0.0;0.0;55.0;0.4565451979745995;0.0;0.0;0.0;0.0;0.0;0.0;0.0;0.0;0.0;0.0;3243.0;26.919565036938657;0.0;0.0;0.0;0.0;0.0;0.0;0.0;0.0;137527.0;76.14246642084399;137527.0;76.14246642084399;0.0;0.0;0.0;0.0;0.0;0.0;0.0;0.0;760.0;0.4207775526248768;0.0;0.0;0.0;0.0;0.0;0.0;0.0;0.0;0.0;0.0;34983.0;19.368501478257983;0.0;0.0;0.0;0.0;0.0;0.0;-1.0;1.0;0.9249022799499497;0.38020490862610556;1.0;0.0;3.7548860025025195;2.0;6782.0;3.7548860025025195;-1.0;1000.0;20.69951514388263;139.31092283530572;1000.0;0.0;5.783640828663182;3.0;1837.0;5.783640828663182;0.0;14.0;1.2471154644309788;1.1923547047933125;14.0;0.0;0.0;13.0;0.0;0.0;2.0;120.0;14.99277828505022;19.602610459409274;0.0;11.0;0.0;6.046042095752652;4385.0;5334.0;8414.0;11035.0;11627.0;12047.0;12047.0;12047.0;12047.0;36.39910351124762;44.27658338175479;69.84311446833237;91.59956835726737;96.51365485183034;100.0;100.0;100.0;100.0;7690.0;6805.0;3633.0;1012.0;420.0;0.0;0.0;0.0;0.0;0.0;0.0;63.83331949863037;56.48709222212999;30.156885531667637;8.40043164273263;3.4863451481696686;0.0;0.0;0.0;0.0;0.0;0.0;3780.0;31034.0;31762.0;31762.0;31762.0;31762.0;31762.0;31762.0;31762.0;11.9010137900636;97.70795289969145;100.0;100.0;100.0;100.0;100.0;100.0;100.0;27982.0;3531.0;0.0;0.0;0.0;0.0;0.0;0.0;0.0;0.0;0.0;88.0989862099364;11.117058119765758;0.0;0.0;0.0;0.0;0.0;0.0;0.0;0.0;0.0;neos-933966;12;1603;0.050469;1548;0.055321;RED_SPLIT;25385;-8.49560440146021;8.49560440146021;22.934243792282963;22.934243792282963;0.37043316005556964;-1532.6926858586453;1532.6926858586453;<;-524.165651230904;1
31762.0;12047.0;2.636507014194405;0.0;0.0;0.0;0.0;12047.0;180618.0;180618.0;0.04720350823326686;27982.0;0.0;27982.0;3780.0;88.0989862099364;88.0989862099364;3780.0;11.9010137900636;0.0;0.0;0.0;0.0;5075.0;42.1266705403835;0.0;0.0;0.0;0.0;0.0;0.0;0.0;0.0;0.0;0.0;55.0;0.4565451979745995;0.0;0.0;0.0;0.0;0.0;0.0;0.0;0.0;0.0;0.0;3243.0;26.919565036938657;0.0;0.0;0.0;0.0;0.0;0.0;0.0;0.0;137527.0;76.14246642084399;137527.0;76.14246642084399;0.0;0.0;0.0;0.0;0.0;0.0;0.0;0.0;760.0;0.4207775526248768;0.0;0.0;0.0;0.0;0.0;0.0;0.0;0.0;0.0;0.0;34983.0;19.368501478257983;0.0;0.0;0.0;0.0;0.0;0.0;-1.0;1.0;0.9249022799499497;0.38020490862610556;1.0;0.0;3.7548860025025195;2.0;6782.0;3.7548860025025195;-1.0;1000.0;20.69951514388263;139.31092283530572;1000.0;0.0;5.783640828663182;3.0;1837.0;5.783640828663182;0.0;14.0;1.2471154644309788;1.1923547047933125;14.0;0.0;0.0;13.0;0.0;0.0;2.0;120.0;14.99277828505022;19.602610459409274;0.0;11.0;0.0;6.046042095752652;4385.0;5334.0;8414.0;11035.0;11627.0;12047.0;12047.0;12047.0;12047.0;36.39910351124762;44.27658338175479;69.84311446833237;91.59956835726737;96.51365485183034;100.0;100.0;100.0;100.0;7690.0;6805.0;3633.0;1012.0;420.0;0.0;0.0;0.0;0.0;0.0;0.0;63.83331949863037;56.48709222212999;30.156885531667637;8.40043164273263;3.4863451481696686;0.0;0.0;0.0;0.0;0.0;0.0;3780.0;31034.0;31762.0;31762.0;31762.0;31762.0;31762.0;31762.0;31762.0;11.9010137900636;97.70795289969145;100.0;100.0;100.0;100.0;100.0;100.0;100.0;27982.0;3531.0;0.0;0.0;0.0;0.0;0.0;0.0;0.0;0.0;0.0;88.0989862099364;11.117058119765758;0.0;0.0;0.0;0.0;0.0;0.0;0.0;0.0;0.0;neos-933966;12;1603;0.050469;1548;0.055321;MIR;26006;-15412.335238945987;15412.335238945987;39805.79315369454;39805.79315369454;0.38718824617907416;-2797847.9563339716;2797847.9563339716;<;-980422.3334263894;1
31762.0;12047.0;2.636507014194405;0.0;0.0;0.0;0.0;12047.0;180618.0;180618.0;0.04720350823326686;27982.0;0.0;27982.0;3780.0;88.0989862099364;88.0989862099364;3780.0;11.9010137900636;0.0;0.0;0.0;0.0;5075.0;42.1266705403835;0.0;0.0;0.0;0.0;0.0;0.0;0.0;0.0;0.0;0.0;55.0;0.4565451979745995;0.0;0.0;0.0;0.0;0.0;0.0;0.0;0.0;0.0;0.0;3243.0;26.919565036938657;0.0;0.0;0.0;0.0;0.0;0.0;0.0;0.0;137527.0;76.14246642084399;137527.0;76.14246642084399;0.0;0.0;0.0;0.0;0.0;0.0;0.0;0.0;760.0;0.4207775526248768;0.0;0.0;0.0;0.0;0.0;0.0;0.0;0.0;0.0;0.0;34983.0;19.368501478257983;0.0;0.0;0.0;0.0;0.0;0.0;-1.0;1.0;0.9249022799499497;0.38020490862610556;1.0;0.0;3.7548860025025195;2.0;6782.0;3.7548860025025195;-1.0;1000.0;20.69951514388263;139.31092283530572;1000.0;0.0;5.783640828663182;3.0;1837.0;5.783640828663182;0.0;14.0;1.2471154644309788;1.1923547047933125;14.0;0.0;0.0;13.0;0.0;0.0;2.0;120.0;14.99277828505022;19.602610459409274;0.0;11.0;0.0;6.046042095752652;4385.0;5334.0;8414.0;11035.0;11627.0;12047.0;12047.0;12047.0;12047.0;36.39910351124762;44.27658338175479;69.84311446833237;91.59956835726737;96.51365485183034;100.0;100.0;100.0;100.0;7690.0;6805.0;3633.0;1012.0;420.0;0.0;0.0;0.0;0.0;0.0;0.0;63.83331949863037;56.48709222212999;30.156885531667637;8.40043164273263;3.4863451481696686;0.0;0.0;0.0;0.0;0.0;0.0;3780.0;31034.0;31762.0;31762.0;31762.0;31762.0;31762.0;31762.0;31762.0;11.9010137900636;97.70795289969145;100.0;100.0;100.0;100.0;100.0;100.0;100.0;27982.0;3531.0;0.0;0.0;0.0;0.0;0.0;0.0;0.0;0.0;0.0;88.0989862099364;11.117058119765758;0.0;0.0;0.0;0.0;0.0;0.0;0.0;0.0;0.0;neos-933966;12;1603;0.050469;1548;0.055321;MIR;26006;-49742.32265155976;49742.32265155976;128467.8100606439;128467.8100606439;0.38719678204274394;-9029972.313681364;9029972.313681364;<;-3164668.344447326;1
31762.0;12047.0;2.636507014194405;0.0;0.0;0.0;0.0;12047.0;180618.0;180618.0;0.04720350823326686;27982.0;0.0;27982.0;3780.0;88.0989862099364;88.0989862099364;3780.0;11.9010137900636;0.0;0.0;0.0;0.0;5075.0;42.1266705403835;0.0;0.0;0.0;0.0;0.0;0.0;0.0;0.0;0.0;0.0;55.0;0.4565451979745995;0.0;0.0;0.0;0.0;0.0;0.0;0.0;0.0;0.0;0.0;3243.0;26.919565036938657;0.0;0.0;0.0;0.0;0.0;0.0;0.0;0.0;137527.0;76.14246642084399;137527.0;76.14246642084399;0.0;0.0;0.0;0.0;0.0;0.0;0.0;0.0;760.0;0.4207775526248768;0.0;0.0;0.0;0.0;0.0;0.0;0.0;0.0;0.0;0.0;34983.0;19.368501478257983;0.0;0.0;0.0;0.0;0.0;0.0;-1.0;1.0;0.9249022799499497;0.38020490862610556;1.0;0.0;3.7548860025025195;2.0;6782.0;3.7548860025025195;-1.0;1000.0;20.69951514388263;139.31092283530572;1000.0;0.0;5.783640828663182;3.0;1837.0;5.783640828663182;0.0;14.0;1.2471154644309788;1.1923547047933125;14.0;0.0;0.0;13.0;0.0;0.0;2.0;120.0;14.99277828505022;19.602610459409274;0.0;11.0;0.0;6.046042095752652;4385.0;5334.0;8414.0;11035.0;11627.0;12047.0;12047.0;12047.0;12047.0;36.39910351124762;44.27658338175479;69.84311446833237;91.59956835726737;96.51365485183034;100.0;100.0;100.0;100.0;7690.0;6805.0;3633.0;1012.0;420.0;0.0;0.0;0.0;0.0;0.0;0.0;63.83331949863037;56.48709222212999;30.156885531667637;8.40043164273263;3.4863451481696686;0.0;0.0;0.0;0.0;0.0;0.0;3780.0;31034.0;31762.0;31762.0;31762.0;31762.0;31762.0;31762.0;31762.0;11.9010137900636;97.70795289969145;100.0;100.0;100.0;100.0;100.0;100.0;100.0;27982.0;3531.0;0.0;0.0;0.0;0.0;0.0;0.0;0.0;0.0;0.0;88.0989862099364;11.117058119765758;0.0;0.0;0.0;0.0;0.0;0.0;0.0;0.0;0.0;neos-933966;12;1603;0.050469;1548;0.055321;MIR;25461;-5176.535238417669;5176.535238417669;12163.217715813049;12163.217715813049;0.4255892938336378;-806847.941189922;806847.941189922;<;-288966.624788062;1
31762.0;12047.0;2.636507014194405;0.0;0.0;0.0;0.0;12047.0;180618.0;180618.0;0.04720350823326686;27982.0;0.0;27982.0;3780.0;88.0989862099364;88.0989862099364;3780.0;11.9010137900636;0.0;0.0;0.0;0.0;5075.0;42.1266705403835;0.0;0.0;0.0;0.0;0.0;0.0;0.0;0.0;0.0;0.0;55.0;0.4565451979745995;0.0;0.0;0.0;0.0;0.0;0.0;0.0;0.0;0.0;0.0;3243.0;26.919565036938657;0.0;0.0;0.0;0.0;0.0;0.0;0.0;0.0;137527.0;76.14246642084399;137527.0;76.14246642084399;0.0;0.0;0.0;0.0;0.0;0.0;0.0;0.0;760.0;0.4207775526248768;0.0;0.0;0.0;0.0;0.0;0.0;0.0;0.0;0.0;0.0;34983.0;19.368501478257983;0.0;0.0;0.0;0.0;0.0;0.0;-1.0;1.0;0.9249022799499497;0.38020490862610556;1.0;0.0;3.7548860025025195;2.0;6782.0;3.7548860025025195;-1.0;1000.0;20.69951514388263;139.31092283530572;1000.0;0.0;5.783640828663182;3.0;1837.0;5.783640828663182;0.0;14.0;1.2471154644309788;1.1923547047933125;14.0;0.0;0.0;13.0;0.0;0.0;2.0;120.0;14.99277828505022;19.602610459409274;0.0;11.0;0.0;6.046042095752652;4385.0;5334.0;8414.0;11035.0;11627.0;12047.0;12047.0;12047.0;12047.0;36.39910351124762;44.27658338175479;69.84311446833237;91.59956835726737;96.51365485183034;100.0;100.0;100.0;100.0;7690.0;6805.0;3633.0;1012.0;420.0;0.0;0.0;0.0;0.0;0.0;0.0;63.83331949863037;56.48709222212999;30.156885531667637;8.40043164273263;3.4863451481696686;0.0;0.0;0.0;0.0;0.0;0.0;3780.0;31034.0;31762.0;31762.0;31762.0;31762.0;31762.0;31762.0;31762.0;11.9010137900636;97.70795289969145;100.0;100.0;100.0;100.0;100.0;100.0;100.0;27982.0;3531.0;0.0;0.0;0.0;0.0;0.0;0.0;0.0;0.0;0.0;88.0989862099364;11.117058119765758;0.0;0.0;0.0;0.0;0.0;0.0;0.0;0.0;0.0;neos-933966;12;1603;0.050469;1548;0.055321;MIR;25461;-13413.351068430622;13413.351068430622;31515.622292888944;31515.622292888944;0.4256095895481383;-2090897.461594552;2090897.461594552;<;-749245.6307780785;1
31762.0;12047.0;2.636507014194405;0.0;0.0;0.0;0.0;12047.0;180618.0;180618.0;0.04720350823326686;27982.0;0.0;27982.0;3780.0;88.0989862099364;88.0989862099364;3780.0;11.9010137900636;0.0;0.0;0.0;0.0;5075.0;42.1266705403835;0.0;0.0;0.0;0.0;0.0;0.0;0.0;0.0;0.0;0.0;55.0;0.4565451979745995;0.0;0.0;0.0;0.0;0.0;0.0;0.0;0.0;0.0;0.0;3243.0;26.919565036938657;0.0;0.0;0.0;0.0;0.0;0.0;0.0;0.0;137527.0;76.14246642084399;137527.0;76.14246642084399;0.0;0.0;0.0;0.0;0.0;0.0;0.0;0.0;760.0;0.4207775526248768;0.0;0.0;0.0;0.0;0.0;0.0;0.0;0.0;0.0;0.0;34983.0;19.368501478257983;0.0;0.0;0.0;0.0;0.0;0.0;-1.0;1.0;0.9249022799499497;0.38020490862610556;1.0;0.0;3.7548860025025195;2.0;6782.0;3.7548860025025195;-1.0;1000.0;20.69951514388263;139.31092283530572;1000.0;0.0;5.783640828663182;3.0;1837.0;5.783640828663182;0.0;14.0;1.2471154644309788;1.1923547047933125;14.0;0.0;0.0;13.0;0.0;0.0;2.0;120.0;14.99277828505022;19.602610459409274;0.0;11.0;0.0;6.046042095752652;4385.0;5334.0;8414.0;11035.0;11627.0;12047.0;12047.0;12047.0;12047.0;36.39910351124762;44.27658338175479;69.84311446833237;91.59956835726737;96.51365485183034;100.0;100.0;100.0;100.0;7690.0;6805.0;3633.0;1012.0;420.0;0.0;0.0;0.0;0.0;0.0;0.0;63.83331949863037;56.48709222212999;30.156885531667637;8.40043164273263;3.4863451481696686;0.0;0.0;0.0;0.0;0.0;0.0;3780.0;31034.0;31762.0;31762.0;31762.0;31762.0;31762.0;31762.0;31762.0;11.9010137900636;97.70795289969145;100.0;100.0;100.0;100.0;100.0;100.0;100.0;27982.0;3531.0;0.0;0.0;0.0;0.0;0.0;0.0;0.0;0.0;0.0;88.0989862099364;11.117058119765758;0.0;0.0;0.0;0.0;0.0;0.0;0.0;0.0;0.0;neos-933966;12;1603;0.050469;1548;0.055321;MIR;25452;-27937.69262276454;27937.69262276454;90001.41050749009;90001.41050749009;0.31041394201749223;-5342084.744790218;5342084.744790218;<;-1895648.6650749142;1
31762.0;12047.0;2.636507014194405;0.0;0.0;0.0;0.0;12047.0;180618.0;180618.0;0.04720350823326686;27982.0;0.0;27982.0;3780.0;88.0989862099364;88.0989862099364;3780.0;11.9010137900636;0.0;0.0;0.0;0.0;5075.0;42.1266705403835;0.0;0.0;0.0;0.0;0.0;0.0;0.0;0.0;0.0;0.0;55.0;0.4565451979745995;0.0;0.0;0.0;0.0;0.0;0.0;0.0;0.0;0.0;0.0;3243.0;26.919565036938657;0.0;0.0;0.0;0.0;0.0;0.0;0.0;0.0;137527.0;76.14246642084399;137527.0;76.14246642084399;0.0;0.0;0.0;0.0;0.0;0.0;0.0;0.0;760.0;0.4207775526248768;0.0;0.0;0.0;0.0;0.0;0.0;0.0;0.0;0.0;0.0;34983.0;19.368501478257983;0.0;0.0;0.0;0.0;0.0;0.0;-1.0;1.0;0.9249022799499497;0.38020490862610556;1.0;0.0;3.7548860025025195;2.0;6782.0;3.7548860025025195;-1.0;1000.0;20.69951514388263;139.31092283530572;1000.0;0.0;5.783640828663182;3.0;1837.0;5.783640828663182;0.0;14.0;1.2471154644309788;1.1923547047933125;14.0;0.0;0.0;13.0;0.0;0.0;2.0;120.0;14.99277828505022;19.602610459409274;0.0;11.0;0.0;6.046042095752652;4385.0;5334.0;8414.0;11035.0;11627.0;12047.0;12047.0;12047.0;12047.0;36.39910351124762;44.27658338175479;69.84311446833237;91.59956835726737;96.51365485183034;100.0;100.0;100.0;100.0;7690.0;6805.0;3633.0;1012.0;420.0;0.0;0.0;0.0;0.0;0.0;0.0;63.83331949863037;56.48709222212999;30.156885531667637;8.40043164273263;3.4863451481696686;0.0;0.0;0.0;0.0;0.0;0.0;3780.0;31034.0;31762.0;31762.0;31762.0;31762.0;31762.0;31762.0;31762.0;11.9010137900636;97.70795289969145;100.0;100.0;100.0;100.0;100.0;100.0;100.0;27982.0;3531.0;0.0;0.0;0.0;0.0;0.0;0.0;0.0;0.0;0.0;88.0989862099364;11.117058119765758;0.0;0.0;0.0;0.0;0.0;0.0;0.0;0.0;0.0;neos-933966;12;1603;0.050469;1548;0.055321;MIR;25452;-276515.3571395699;276515.3571395699;890792.5614036717;890792.5614036717;0.310414982253387;-52873824.6542413;52873824.6542413;<;-18762775.003452867;1
31762.0;12047.0;2.636507014194405;0.0;0.0;0.0;0.0;12047.0;180618.0;180618.0;0.04720350823326686;27982.0;0.0;27982.0;3780.0;88.0989862099364;88.0989862099364;3780.0;11.9010137900636;0.0;0.0;0.0;0.0;5075.0;42.1266705403835;0.0;0.0;0.0;0.0;0.0;0.0;0.0;0.0;0.0;0.0;55.0;0.4565451979745995;0.0;0.0;0.0;0.0;0.0;0.0;0.0;0.0;0.0;0.0;3243.0;26.919565036938657;0.0;0.0;0.0;0.0;0.0;0.0;0.0;0.0;137527.0;76.14246642084399;137527.0;76.14246642084399;0.0;0.0;0.0;0.0;0.0;0.0;0.0;0.0;760.0;0.4207775526248768;0.0;0.0;0.0;0.0;0.0;0.0;0.0;0.0;0.0;0.0;34983.0;19.368501478257983;0.0;0.0;0.0;0.0;0.0;0.0;-1.0;1.0;0.9249022799499497;0.38020490862610556;1.0;0.0;3.7548860025025195;2.0;6782.0;3.7548860025025195;-1.0;1000.0;20.69951514388263;139.31092283530572;1000.0;0.0;5.783640828663182;3.0;1837.0;5.783640828663182;0.0;14.0;1.2471154644309788;1.1923547047933125;14.0;0.0;0.0;13.0;0.0;0.0;2.0;120.0;14.99277828505022;19.602610459409274;0.0;11.0;0.0;6.046042095752652;4385.0;5334.0;8414.0;11035.0;11627.0;12047.0;12047.0;12047.0;12047.0;36.39910351124762;44.27658338175479;69.84311446833237;91.59956835726737;96.51365485183034;100.0;100.0;100.0;100.0;7690.0;6805.0;3633.0;1012.0;420.0;0.0;0.0;0.0;0.0;0.0;0.0;63.83331949863037;56.48709222212999;30.156885531667637;8.40043164273263;3.4863451481696686;0.0;0.0;0.0;0.0;0.0;0.0;3780.0;31034.0;31762.0;31762.0;31762.0;31762.0;31762.0;31762.0;31762.0;11.9010137900636;97.70795289969145;100.0;100.0;100.0;100.0;100.0;100.0;100.0;27982.0;3531.0;0.0;0.0;0.0;0.0;0.0;0.0;0.0;0.0;0.0;88.0989862099364;11.117058119765758;0.0;0.0;0.0;0.0;0.0;0.0;0.0;0.0;0.0;neos-933966;12;1603;0.050469;1548;0.055321;MIR;25744;-875584.6821000857;875584.6821000857;2353045.404532519;2353045.404532519;0.3721070066958774;-122251316.65927953;122251316.65927953;<;-42413713.27772774;1
31762.0;12047.0;2.636507014194405;0.0;0.0;0.0;0.0;12047.0;180618.0;180618.0;0.04720350823326686;27982.0;0.0;27982.0;3780.0;88.0989862099364;88.0989862099364;3780.0;11.9010137900636;0.0;0.0;0.0;0.0;5075.0;42.1266705403835;0.0;0.0;0.0;0.0;0.0;0.0;0.0;0.0;0.0;0.0;55.0;0.4565451979745995;0.0;0.0;0.0;0.0;0.0;0.0;0.0;0.0;0.0;0.0;3243.0;26.919565036938657;0.0;0.0;0.0;0.0;0.0;0.0;0.0;0.0;137527.0;76.14246642084399;137527.0;76.14246642084399;0.0;0.0;0.0;0.0;0.0;0.0;0.0;0.0;760.0;0.4207775526248768;0.0;0.0;0.0;0.0;0.0;0.0;0.0;0.0;0.0;0.0;34983.0;19.368501478257983;0.0;0.0;0.0;0.0;0.0;0.0;-1.0;1.0;0.9249022799499497;0.38020490862610556;1.0;0.0;3.7548860025025195;2.0;6782.0;3.7548860025025195;-1.0;1000.0;20.69951514388263;139.31092283530572;1000.0;0.0;5.783640828663182;3.0;1837.0;5.783640828663182;0.0;14.0;1.2471154644309788;1.1923547047933125;14.0;0.0;0.0;13.0;0.0;0.0;2.0;120.0;14.99277828505022;19.602610459409274;0.0;11.0;0.0;6.046042095752652;4385.0;5334.0;8414.0;11035.0;11627.0;12047.0;12047.0;12047.0;12047.0;36.39910351124762;44.27658338175479;69.84311446833237;91.59956835726737;96.51365485183034;100.0;100.0;100.0;100.0;7690.0;6805.0;3633.0;1012.0;420.0;0.0;0.0;0.0;0.0;0.0;0.0;63.83331949863037;56.48709222212999;30.156885531667637;8.40043164273263;3.4863451481696686;0.0;0.0;0.0;0.0;0.0;0.0;3780.0;31034.0;31762.0;31762.0;31762.0;31762.0;31762.0;31762.0;31762.0;11.9010137900636;97.70795289969145;100.0;100.0;100.0;100.0;100.0;100.0;100.0;27982.0;3531.0;0.0;0.0;0.0;0.0;0.0;0.0;0.0;0.0;0.0;88.0989862099364;11.117058119765758;0.0;0.0;0.0;0.0;0.0;0.0;0.0;0.0;0.0;neos-933966;12;1603;0.050469;1548;0.055321;MIR;25707;-5705.628029336283;5705.628029336283;15330.113019969705;15330.113019969705;0.3721843421443711;-796764.5919840768;796764.5919840768;<;-276828.690895207;1
31762.0;12047.0;2.636507014194405;0.0;0.0;0.0;0.0;12047.0;180618.0;180618.0;0.04720350823326686;27982.0;0.0;27982.0;3780.0;88.0989862099364;88.0989862099364;3780.0;11.9010137900636;0.0;0.0;0.0;0.0;5075.0;42.1266705403835;0.0;0.0;0.0;0.0;0.0;0.0;0.0;0.0;0.0;0.0;55.0;0.4565451979745995;0.0;0.0;0.0;0.0;0.0;0.0;0.0;0.0;0.0;0.0;3243.0;26.919565036938657;0.0;0.0;0.0;0.0;0.0;0.0;0.0;0.0;137527.0;76.14246642084399;137527.0;76.14246642084399;0.0;0.0;0.0;0.0;0.0;0.0;0.0;0.0;760.0;0.4207775526248768;0.0;0.0;0.0;0.0;0.0;0.0;0.0;0.0;0.0;0.0;34983.0;19.368501478257983;0.0;0.0;0.0;0.0;0.0;0.0;-1.0;1.0;0.9249022799499497;0.38020490862610556;1.0;0.0;3.7548860025025195;2.0;6782.0;3.7548860025025195;-1.0;1000.0;20.69951514388263;139.31092283530572;1000.0;0.0;5.783640828663182;3.0;1837.0;5.783640828663182;0.0;14.0;1.2471154644309788;1.1923547047933125;14.0;0.0;0.0;13.0;0.0;0.0;2.0;120.0;14.99277828505022;19.602610459409274;0.0;11.0;0.0;6.046042095752652;4385.0;5334.0;8414.0;11035.0;11627.0;12047.0;12047.0;12047.0;12047.0;36.39910351124762;44.27658338175479;69.84311446833237;91.59956835726737;96.51365485183034;100.0;100.0;100.0;100.0;7690.0;6805.0;3633.0;1012.0;420.0;0.0;0.0;0.0;0.0;0.0;0.0;63.83331949863037;56.48709222212999;30.156885531667637;8.40043164273263;3.4863451481696686;0.0;0.0;0.0;0.0;0.0;0.0;3780.0;31034.0;31762.0;31762.0;31762.0;31762.0;31762.0;31762.0;31762.0;11.9010137900636;97.70795289969145;100.0;100.0;100.0;100.0;100.0;100.0;100.0;27982.0;3531.0;0.0;0.0;0.0;0.0;0.0;0.0;0.0;0.0;0.0;88.0989862099364;11.117058119765758;0.0;0.0;0.0;0.0;0.0;0.0;0.0;0.0;0.0;neos-933966;12;1603;0.050469;1548;0.055321;MIR;25656;-479917.95202257077;479917.95202257077;1138414.0916878872;1138414.0916878872;0.4215671217764118;-87943395.75083306;87943395.75083306;<;-31972686.364151202;1
31762.0;12047.0;2.636507014194405;0.0;0.0;0.0;0.0;12047.0;180618.0;180618.0;0.04720350823326686;27982.0;0.0;27982.0;3780.0;88.0989862099364;88.0989862099364;3780.0;11.9010137900636;0.0;0.0;0.0;0.0;5075.0;42.1266705403835;0.0;0.0;0.0;0.0;0.0;0.0;0.0;0.0;0.0;0.0;55.0;0.4565451979745995;0.0;0.0;0.0;0.0;0.0;0.0;0.0;0.0;0.0;0.0;3243.0;26.919565036938657;0.0;0.0;0.0;0.0;0.0;0.0;0.0;0.0;137527.0;76.14246642084399;137527.0;76.14246642084399;0.0;0.0;0.0;0.0;0.0;0.0;0.0;0.0;760.0;0.4207775526248768;0.0;0.0;0.0;0.0;0.0;0.0;0.0;0.0;0.0;0.0;34983.0;19.368501478257983;0.0;0.0;0.0;0.0;0.0;0.0;-1.0;1.0;0.9249022799499497;0.38020490862610556;1.0;0.0;3.7548860025025195;2.0;6782.0;3.7548860025025195;-1.0;1000.0;20.69951514388263;139.31092283530572;1000.0;0.0;5.783640828663182;3.0;1837.0;5.783640828663182;0.0;14.0;1.2471154644309788;1.1923547047933125;14.0;0.0;0.0;13.0;0.0;0.0;2.0;120.0;14.99277828505022;19.602610459409274;0.0;11.0;0.0;6.046042095752652;4385.0;5334.0;8414.0;11035.0;11627.0;12047.0;12047.0;12047.0;12047.0;36.39910351124762;44.27658338175479;69.84311446833237;91.59956835726737;96.51365485183034;100.0;100.0;100.0;100.0;7690.0;6805.0;3633.0;1012.0;420.0;0.0;0.0;0.0;0.0;0.0;0.0;63.83331949863037;56.48709222212999;30.156885531667637;8.40043164273263;3.4863451481696686;0.0;0.0;0.0;0.0;0.0;0.0;3780.0;31034.0;31762.0;31762.0;31762.0;31762.0;31762.0;31762.0;31762.0;11.9010137900636;97.70795289969145;100.0;100.0;100.0;100.0;100.0;100.0;100.0;27982.0;3531.0;0.0;0.0;0.0;0.0;0.0;0.0;0.0;0.0;0.0;88.0989862099364;11.117058119765758;0.0;0.0;0.0;0.0;0.0;0.0;0.0;0.0;0.0;neos-933966;12;1603;0.050469;1548;0.055321;MIR;25652;-32104.138377430514;32104.138377430514;76153.47120423039;76153.47120423039;0.421571569486738;-5883196.251867328;5883196.251867328;<;-2139279.5985328536;1
31762.0;12047.0;2.636507014194405;0.0;0.0;0.0;0.0;12047.0;180618.0;180618.0;0.04720350823326686;27982.0;0.0;27982.0;3780.0;88.0989862099364;88.0989862099364;3780.0;11.9010137900636;0.0;0.0;0.0;0.0;5075.0;42.1266705403835;0.0;0.0;0.0;0.0;0.0;0.0;0.0;0.0;0.0;0.0;55.0;0.4565451979745995;0.0;0.0;0.0;0.0;0.0;0.0;0.0;0.0;0.0;0.0;3243.0;26.919565036938657;0.0;0.0;0.0;0.0;0.0;0.0;0.0;0.0;137527.0;76.14246642084399;137527.0;76.14246642084399;0.0;0.0;0.0;0.0;0.0;0.0;0.0;0.0;760.0;0.4207775526248768;0.0;0.0;0.0;0.0;0.0;0.0;0.0;0.0;0.0;0.0;34983.0;19.368501478257983;0.0;0.0;0.0;0.0;0.0;0.0;-1.0;1.0;0.9249022799499497;0.38020490862610556;1.0;0.0;3.7548860025025195;2.0;6782.0;3.7548860025025195;-1.0;1000.0;20.69951514388263;139.31092283530572;1000.0;0.0;5.783640828663182;3.0;1837.0;5.783640828663182;0.0;14.0;1.2471154644309788;1.1923547047933125;14.0;0.0;0.0;13.0;0.0;0.0;2.0;120.0;14.99277828505022;19.602610459409274;0.0;11.0;0.0;6.046042095752652;4385.0;5334.0;8414.0;11035.0;11627.0;12047.0;12047.0;12047.0;12047.0;36.39910351124762;44.27658338175479;69.84311446833237;91.59956835726737;96.51365485183034;100.0;100.0;100.0;100.0;7690.0;6805.0;3633.0;1012.0;420.0;0.0;0.0;0.0;0.0;0.0;0.0;63.83331949863037;56.48709222212999;30.156885531667637;8.40043164273263;3.4863451481696686;0.0;0.0;0.0;0.0;0.0;0.0;3780.0;31034.0;31762.0;31762.0;31762.0;31762.0;31762.0;31762.0;31762.0;11.9010137900636;97.70795289969145;100.0;100.0;100.0;100.0;100.0;100.0;100.0;27982.0;3531.0;0.0;0.0;0.0;0.0;0.0;0.0;0.0;0.0;0.0;88.0989862099364;11.117058119765758;0.0;0.0;0.0;0.0;0.0;0.0;0.0;0.0;0.0;neos-933966;12;1603;0.050469;1548;0.055321;MIR;25535;-3826.1871017515045;3826.1871017515045;10191.086209567115;10191.086209567115;0.3754444838431044;-744096.3284122309;744096.3284122309;<;-262544.54000570456;1
31762.0;12047.0;2.636507014194405;0.0;0.0;0.0;0.0;12047.0;180618.0;180618.0;0.04720350823326686;27982.0;0.0;27982.0;3780.0;88.0989862099364;88.0989862099364;3780.0;11.9010137900636;0.0;0.0;0.0;0.0;5075.0;42.1266705403835;0.0;0.0;0.0;0.0;0.0;0.0;0.0;0.0;0.0;0.0;55.0;0.4565451979745995;0.0;0.0;0.0;0.0;0.0;0.0;0.0;0.0;0.0;0.0;3243.0;26.919565036938657;0.0;0.0;0.0;0.0;0.0;0.0;0.0;0.0;137527.0;76.14246642084399;137527.0;76.14246642084399;0.0;0.0;0.0;0.0;0.0;0.0;0.0;0.0;760.0;0.4207775526248768;0.0;0.0;0.0;0.0;0.0;0.0;0.0;0.0;0.0;0.0;34983.0;19.368501478257983;0.0;0.0;0.0;0.0;0.0;0.0;-1.0;1.0;0.9249022799499497;0.38020490862610556;1.0;0.0;3.7548860025025195;2.0;6782.0;3.7548860025025195;-1.0;1000.0;20.69951514388263;139.31092283530572;1000.0;0.0;5.783640828663182;3.0;1837.0;5.783640828663182;0.0;14.0;1.2471154644309788;1.1923547047933125;14.0;0.0;0.0;13.0;0.0;0.0;2.0;120.0;14.99277828505022;19.602610459409274;0.0;11.0;0.0;6.046042095752652;4385.0;5334.0;8414.0;11035.0;11627.0;12047.0;12047.0;12047.0;12047.0;36.39910351124762;44.27658338175479;69.84311446833237;91.59956835726737;96.51365485183034;100.0;100.0;100.0;100.0;7690.0;6805.0;3633.0;1012.0;420.0;0.0;0.0;0.0;0.0;0.0;0.0;63.83331949863037;56.48709222212999;30.156885531667637;8.40043164273263;3.4863451481696686;0.0;0.0;0.0;0.0;0.0;0.0;3780.0;31034.0;31762.0;31762.0;31762.0;31762.0;31762.0;31762.0;31762.0;11.9010137900636;97.70795289969145;100.0;100.0;100.0;100.0;100.0;100.0;100.0;27982.0;3531.0;0.0;0.0;0.0;0.0;0.0;0.0;0.0;0.0;0.0;88.0989862099364;11.117058119765758;0.0;0.0;0.0;0.0;0.0;0.0;0.0;0.0;0.0;neos-933966;12;1603;0.050469;1548;0.055321;MIR;25531;-93991.13473292203;93991.13473292203;250344.79404522004;250344.79404522004;0.37544673174208015;-18279066.657152712;18279066.657152712;<;-6449935.940491494;1
31762.0;12047.0;2.636507014194405;0.0;0.0;0.0;0.0;12047.0;180618.0;180618.0;0.04720350823326686;27982.0;0.0;27982.0;3780.0;88.0989862099364;88.0989862099364;3780.0;11.9010137900636;0.0;0.0;0.0;0.0;5075.0;42.1266705403835;0.0;0.0;0.0;0.0;0.0;0.0;0.0;0.0;0.0;0.0;55.0;0.4565451979745995;0.0;0.0;0.0;0.0;0.0;0.0;0.0;0.0;0.0;0.0;3243.0;26.919565036938657;0.0;0.0;0.0;0.0;0.0;0.0;0.0;0.0;137527.0;76.14246642084399;137527.0;76.14246642084399;0.0;0.0;0.0;0.0;0.0;0.0;0.0;0.0;760.0;0.4207775526248768;0.0;0.0;0.0;0.0;0.0;0.0;0.0;0.0;0.0;0.0;34983.0;19.368501478257983;0.0;0.0;0.0;0.0;0.0;0.0;-1.0;1.0;0.9249022799499497;0.38020490862610556;1.0;0.0;3.7548860025025195;2.0;6782.0;3.7548860025025195;-1.0;1000.0;20.69951514388263;139.31092283530572;1000.0;0.0;5.783640828663182;3.0;1837.0;5.783640828663182;0.0;14.0;1.2471154644309788;1.1923547047933125;14.0;0.0;0.0;13.0;0.0;0.0;2.0;120.0;14.99277828505022;19.602610459409274;0.0;11.0;0.0;6.046042095752652;4385.0;5334.0;8414.0;11035.0;11627.0;12047.0;12047.0;12047.0;12047.0;36.39910351124762;44.27658338175479;69.84311446833237;91.59956835726737;96.51365485183034;100.0;100.0;100.0;100.0;7690.0;6805.0;3633.0;1012.0;420.0;0.0;0.0;0.0;0.0;0.0;0.0;63.83331949863037;56.48709222212999;30.156885531667637;8.40043164273263;3.4863451481696686;0.0;0.0;0.0;0.0;0.0;0.0;3780.0;31034.0;31762.0;31762.0;31762.0;31762.0;31762.0;31762.0;31762.0;11.9010137900636;97.70795289969145;100.0;100.0;100.0;100.0;100.0;100.0;100.0;27982.0;3531.0;0.0;0.0;0.0;0.0;0.0;0.0;0.0;0.0;0.0;88.0989862099364;11.117058119765758;0.0;0.0;0.0;0.0;0.0;0.0;0.0;0.0;0.0;neos-933966;12;1603;0.050469;1548;0.055321;MIR;25624;-11741.198067545973;11741.198067545973;32624.038902081513;32624.038902081513;0.35989406776966687;-2001507.8087865962;2001507.8087865962;<;-705527.0715876254;1
31762.0;12047.0;2.636507014194405;0.0;0.0;0.0;0.0;12047.0;180618.0;180618.0;0.04720350823326686;27982.0;0.0;27982.0;3780.0;88.0989862099364;88.0989862099364;3780.0;11.9010137900636;0.0;0.0;0.0;0.0;5075.0;42.1266705403835;0.0;0.0;0.0;0.0;0.0;0.0;0.0;0.0;0.0;0.0;55.0;0.4565451979745995;0.0;0.0;0.0;0.0;0.0;0.0;0.0;0.0;0.0;0.0;3243.0;26.919565036938657;0.0;0.0;0.0;0.0;0.0;0.0;0.0;0.0;137527.0;76.14246642084399;137527.0;76.14246642084399;0.0;0.0;0.0;0.0;0.0;0.0;0.0;0.0;760.0;0.4207775526248768;0.0;0.0;0.0;0.0;0.0;0.0;0.0;0.0;0.0;0.0;34983.0;19.368501478257983;0.0;0.0;0.0;0.0;0.0;0.0;-1.0;1.0;0.9249022799499497;0.38020490862610556;1.0;0.0;3.7548860025025195;2.0;6782.0;3.7548860025025195;-1.0;1000.0;20.69951514388263;139.31092283530572;1000.0;0.0;5.783640828663182;3.0;1837.0;5.783640828663182;0.0;14.0;1.2471154644309788;1.1923547047933125;14.0;0.0;0.0;13.0;0.0;0.0;2.0;120.0;14.99277828505022;19.602610459409274;0.0;11.0;0.0;6.046042095752652;4385.0;5334.0;8414.0;11035.0;11627.0;12047.0;12047.0;12047.0;12047.0;36.39910351124762;44.27658338175479;69.84311446833237;91.59956835726737;96.51365485183034;100.0;100.0;100.0;100.0;7690.0;6805.0;3633.0;1012.0;420.0;0.0;0.0;0.0;0.0;0.0;0.0;63.83331949863037;56.48709222212999;30.156885531667637;8.40043164273263;3.4863451481696686;0.0;0.0;0.0;0.0;0.0;0.0;3780.0;31034.0;31762.0;31762.0;31762.0;31762.0;31762.0;31762.0;31762.0;11.9010137900636;97.70795289969145;100.0;100.0;100.0;100.0;100.0;100.0;100.0;27982.0;3531.0;0.0;0.0;0.0;0.0;0.0;0.0;0.0;0.0;0.0;88.0989862099364;11.117058119765758;0.0;0.0;0.0;0.0;0.0;0.0;0.0;0.0;0.0;neos-933966;12;1603;0.050469;1548;0.055321;MIR;25584;-6706.53211977789;6706.53211977789;18631.858617223945;18631.858617223945;0.3599497107378293;-1143393.6098844125;1143393.6098844125;<;-403441.49832666153;1
31762.0;12047.0;2.636507014194405;0.0;0.0;0.0;0.0;12047.0;180618.0;180618.0;0.04720350823326686;27982.0;0.0;27982.0;3780.0;88.0989862099364;88.0989862099364;3780.0;11.9010137900636;0.0;0.0;0.0;0.0;5075.0;42.1266705403835;0.0;0.0;0.0;0.0;0.0;0.0;0.0;0.0;0.0;0.0;55.0;0.4565451979745995;0.0;0.0;0.0;0.0;0.0;0.0;0.0;0.0;0.0;0.0;3243.0;26.919565036938657;0.0;0.0;0.0;0.0;0.0;0.0;0.0;0.0;137527.0;76.14246642084399;137527.0;76.14246642084399;0.0;0.0;0.0;0.0;0.0;0.0;0.0;0.0;760.0;0.4207775526248768;0.0;0.0;0.0;0.0;0.0;0.0;0.0;0.0;0.0;0.0;34983.0;19.368501478257983;0.0;0.0;0.0;0.0;0.0;0.0;-1.0;1.0;0.9249022799499497;0.38020490862610556;1.0;0.0;3.7548860025025195;2.0;6782.0;3.7548860025025195;-1.0;1000.0;20.69951514388263;139.31092283530572;1000.0;0.0;5.783640828663182;3.0;1837.0;5.783640828663182;0.0;14.0;1.2471154644309788;1.1923547047933125;14.0;0.0;0.0;13.0;0.0;0.0;2.0;120.0;14.99277828505022;19.602610459409274;0.0;11.0;0.0;6.046042095752652;4385.0;5334.0;8414.0;11035.0;11627.0;12047.0;12047.0;12047.0;12047.0;36.39910351124762;44.27658338175479;69.84311446833237;91.59956835726737;96.51365485183034;100.0;100.0;100.0;100.0;7690.0;6805.0;3633.0;1012.0;420.0;0.0;0.0;0.0;0.0;0.0;0.0;63.83331949863037;56.48709222212999;30.156885531667637;8.40043164273263;3.4863451481696686;0.0;0.0;0.0;0.0;0.0;0.0;3780.0;31034.0;31762.0;31762.0;31762.0;31762.0;31762.0;31762.0;31762.0;11.9010137900636;97.70795289969145;100.0;100.0;100.0;100.0;100.0;100.0;100.0;27982.0;3531.0;0.0;0.0;0.0;0.0;0.0;0.0;0.0;0.0;0.0;88.0989862099364;11.117058119765758;0.0;0.0;0.0;0.0;0.0;0.0;0.0;0.0;0.0;neos-933966;12;1603;0.050469;1548;0.055321;MIR;25890;-34.229385696874935;34.229385696874935;106.34023473446399;106.34023473446399;0.3218855570739254;-6583.2755089684615;6583.2755089684615;<;-2328.798293419053;1
31762.0;12047.0;2.636507014194405;0.0;0.0;0.0;0.0;12047.0;180618.0;180618.0;0.04720350823326686;27982.0;0.0;27982.0;3780.0;88.0989862099364;88.0989862099364;3780.0;11.9010137900636;0.0;0.0;0.0;0.0;5075.0;42.1266705403835;0.0;0.0;0.0;0.0;0.0;0.0;0.0;0.0;0.0;0.0;55.0;0.4565451979745995;0.0;0.0;0.0;0.0;0.0;0.0;0.0;0.0;0.0;0.0;3243.0;26.919565036938657;0.0;0.0;0.0;0.0;0.0;0.0;0.0;0.0;137527.0;76.14246642084399;137527.0;76.14246642084399;0.0;0.0;0.0;0.0;0.0;0.0;0.0;0.0;760.0;0.4207775526248768;0.0;0.0;0.0;0.0;0.0;0.0;0.0;0.0;0.0;0.0;34983.0;19.368501478257983;0.0;0.0;0.0;0.0;0.0;0.0;-1.0;1.0;0.9249022799499497;0.38020490862610556;1.0;0.0;3.7548860025025195;2.0;6782.0;3.7548860025025195;-1.0;1000.0;20.69951514388263;139.31092283530572;1000.0;0.0;5.783640828663182;3.0;1837.0;5.783640828663182;0.0;14.0;1.2471154644309788;1.1923547047933125;14.0;0.0;0.0;13.0;0.0;0.0;2.0;120.0;14.99277828505022;19.602610459409274;0.0;11.0;0.0;6.046042095752652;4385.0;5334.0;8414.0;11035.0;11627.0;12047.0;12047.0;12047.0;12047.0;36.39910351124762;44.27658338175479;69.84311446833237;91.59956835726737;96.51365485183034;100.0;100.0;100.0;100.0;7690.0;6805.0;3633.0;1012.0;420.0;0.0;0.0;0.0;0.0;0.0;0.0;63.83331949863037;56.48709222212999;30.156885531667637;8.40043164273263;3.4863451481696686;0.0;0.0;0.0;0.0;0.0;0.0;3780.0;31034.0;31762.0;31762.0;31762.0;31762.0;31762.0;31762.0;31762.0;11.9010137900636;97.70795289969145;100.0;100.0;100.0;100.0;100.0;100.0;100.0;27982.0;3531.0;0.0;0.0;0.0;0.0;0.0;0.0;0.0;0.0;0.0;88.0989862099364;11.117058119765758;0.0;0.0;0.0;0.0;0.0;0.0;0.0;0.0;0.0;neos-933966;12;1603;0.050469;1548;0.055321;MIR;25890;-106937.43874083139;106937.43874083139;332223.10989328776;332223.10989328776;0.32188440706361576;-20566906.74300379;20566906.74300379;<;-7275106.778237585;1
31762.0;12047.0;2.636507014194405;0.0;0.0;0.0;0.0;12047.0;180618.0;180618.0;0.04720350823326686;27982.0;0.0;27982.0;3780.0;88.0989862099364;88.0989862099364;3780.0;11.9010137900636;0.0;0.0;0.0;0.0;5075.0;42.1266705403835;0.0;0.0;0.0;0.0;0.0;0.0;0.0;0.0;0.0;0.0;55.0;0.4565451979745995;0.0;0.0;0.0;0.0;0.0;0.0;0.0;0.0;0.0;0.0;3243.0;26.919565036938657;0.0;0.0;0.0;0.0;0.0;0.0;0.0;0.0;137527.0;76.14246642084399;137527.0;76.14246642084399;0.0;0.0;0.0;0.0;0.0;0.0;0.0;0.0;760.0;0.4207775526248768;0.0;0.0;0.0;0.0;0.0;0.0;0.0;0.0;0.0;0.0;34983.0;19.368501478257983;0.0;0.0;0.0;0.0;0.0;0.0;-1.0;1.0;0.9249022799499497;0.38020490862610556;1.0;0.0;3.7548860025025195;2.0;6782.0;3.7548860025025195;-1.0;1000.0;20.69951514388263;139.31092283530572;1000.0;0.0;5.783640828663182;3.0;1837.0;5.783640828663182;0.0;14.0;1.2471154644309788;1.1923547047933125;14.0;0.0;0.0;13.0;0.0;0.0;2.0;120.0;14.99277828505022;19.602610459409274;0.0;11.0;0.0;6.046042095752652;4385.0;5334.0;8414.0;11035.0;11627.0;12047.0;12047.0;12047.0;12047.0;36.39910351124762;44.27658338175479;69.84311446833237;91.59956835726737;96.51365485183034;100.0;100.0;100.0;100.0;7690.0;6805.0;3633.0;1012.0;420.0;0.0;0.0;0.0;0.0;0.0;0.0;63.83331949863037;56.48709222212999;30.156885531667637;8.40043164273263;3.4863451481696686;0.0;0.0;0.0;0.0;0.0;0.0;3780.0;31034.0;31762.0;31762.0;31762.0;31762.0;31762.0;31762.0;31762.0;11.9010137900636;97.70795289969145;100.0;100.0;100.0;100.0;100.0;100.0;100.0;27982.0;3531.0;0.0;0.0;0.0;0.0;0.0;0.0;0.0;0.0;0.0;88.0989862099364;11.117058119765758;0.0;0.0;0.0;0.0;0.0;0.0;0.0;0.0;0.0;neos-933966;12;1603;0.050469;1548;0.055321;MIR;25714;-101710.67385541297;101710.67385541297;288634.7458897866;288634.7458897866;0.35238541202607176;-17308962.0591985;17308962.0591985;<;-6114741.996199837;1
31762.0;12047.0;2.636507014194405;0.0;0.0;0.0;0.0;12047.0;180618.0;180618.0;0.04720350823326686;27982.0;0.0;27982.0;3780.0;88.0989862099364;88.0989862099364;3780.0;11.9010137900636;0.0;0.0;0.0;0.0;5075.0;42.1266705403835;0.0;0.0;0.0;0.0;0.0;0.0;0.0;0.0;0.0;0.0;55.0;0.4565451979745995;0.0;0.0;0.0;0.0;0.0;0.0;0.0;0.0;0.0;0.0;3243.0;26.919565036938657;0.0;0.0;0.0;0.0;0.0;0.0;0.0;0.0;137527.0;76.14246642084399;137527.0;76.14246642084399;0.0;0.0;0.0;0.0;0.0;0.0;0.0;0.0;760.0;0.4207775526248768;0.0;0.0;0.0;0.0;0.0;0.0;0.0;0.0;0.0;0.0;34983.0;19.368501478257983;0.0;0.0;0.0;0.0;0.0;0.0;-1.0;1.0;0.9249022799499497;0.38020490862610556;1.0;0.0;3.7548860025025195;2.0;6782.0;3.7548860025025195;-1.0;1000.0;20.69951514388263;139.31092283530572;1000.0;0.0;5.783640828663182;3.0;1837.0;5.783640828663182;0.0;14.0;1.2471154644309788;1.1923547047933125;14.0;0.0;0.0;13.0;0.0;0.0;2.0;120.0;14.99277828505022;19.602610459409274;0.0;11.0;0.0;6.046042095752652;4385.0;5334.0;8414.0;11035.0;11627.0;12047.0;12047.0;12047.0;12047.0;36.39910351124762;44.27658338175479;69.84311446833237;91.59956835726737;96.51365485183034;100.0;100.0;100.0;100.0;7690.0;6805.0;3633.0;1012.0;420.0;0.0;0.0;0.0;0.0;0.0;0.0;63.83331949863037;56.48709222212999;30.156885531667637;8.40043164273263;3.4863451481696686;0.0;0.0;0.0;0.0;0.0;0.0;3780.0;31034.0;31762.0;31762.0;31762.0;31762.0;31762.0;31762.0;31762.0;11.9010137900636;97.70795289969145;100.0;100.0;100.0;100.0;100.0;100.0;100.0;27982.0;3531.0;0.0;0.0;0.0;0.0;0.0;0.0;0.0;0.0;0.0;88.0989862099364;11.117058119765758;0.0;0.0;0.0;0.0;0.0;0.0;0.0;0.0;0.0;neos-933966;12;1603;0.050469;1548;0.055321;MIR;25707;-8147.114109449618;8147.114109449618;23117.572401411177;23117.572401411177;0.3524208324292861;-1386645.7607705637;1386645.7607705637;<;-490251.7048015918;1
31762.0;12047.0;2.636507014194405;0.0;0.0;0.0;0.0;12047.0;180618.0;180618.0;0.04720350823326686;27982.0;0.0;27982.0;3780.0;88.0989862099364;88.0989862099364;3780.0;11.9010137900636;0.0;0.0;0.0;0.0;5075.0;42.1266705403835;0.0;0.0;0.0;0.0;0.0;0.0;0.0;0.0;0.0;0.0;55.0;0.4565451979745995;0.0;0.0;0.0;0.0;0.0;0.0;0.0;0.0;0.0;0.0;3243.0;26.919565036938657;0.0;0.0;0.0;0.0;0.0;0.0;0.0;0.0;137527.0;76.14246642084399;137527.0;76.14246642084399;0.0;0.0;0.0;0.0;0.0;0.0;0.0;0.0;760.0;0.4207775526248768;0.0;0.0;0.0;0.0;0.0;0.0;0.0;0.0;0.0;0.0;34983.0;19.368501478257983;0.0;0.0;0.0;0.0;0.0;0.0;-1.0;1.0;0.9249022799499497;0.38020490862610556;1.0;0.0;3.7548860025025195;2.0;6782.0;3.7548860025025195;-1.0;1000.0;20.69951514388263;139.31092283530572;1000.0;0.0;5.783640828663182;3.0;1837.0;5.783640828663182;0.0;14.0;1.2471154644309788;1.1923547047933125;14.0;0.0;0.0;13.0;0.0;0.0;2.0;120.0;14.99277828505022;19.602610459409274;0.0;11.0;0.0;6.046042095752652;4385.0;5334.0;8414.0;11035.0;11627.0;12047.0;12047.0;12047.0;12047.0;36.39910351124762;44.27658338175479;69.84311446833237;91.59956835726737;96.51365485183034;100.0;100.0;100.0;100.0;7690.0;6805.0;3633.0;1012.0;420.0;0.0;0.0;0.0;0.0;0.0;0.0;63.83331949863037;56.48709222212999;30.156885531667637;8.40043164273263;3.4863451481696686;0.0;0.0;0.0;0.0;0.0;0.0;3780.0;31034.0;31762.0;31762.0;31762.0;31762.0;31762.0;31762.0;31762.0;11.9010137900636;97.70795289969145;100.0;100.0;100.0;100.0;100.0;100.0;100.0;27982.0;3531.0;0.0;0.0;0.0;0.0;0.0;0.0;0.0;0.0;0.0;88.0989862099364;11.117058119765758;0.0;0.0;0.0;0.0;0.0;0.0;0.0;0.0;0.0;neos-933966;12;1603;0.050469;1548;0.055321;MIR;25827;-16.128842105615487;16.128842105615487;37.56885211537218;37.56885211537218;0.4293142110406932;-2372.899388194613;2372.899388194613;<;-829.9819172192654;1
31762.0;12047.0;2.636507014194405;0.0;0.0;0.0;0.0;12047.0;180618.0;180618.0;0.04720350823326686;27982.0;0.0;27982.0;3780.0;88.0989862099364;88.0989862099364;3780.0;11.9010137900636;0.0;0.0;0.0;0.0;5075.0;42.1266705403835;0.0;0.0;0.0;0.0;0.0;0.0;0.0;0.0;0.0;0.0;55.0;0.4565451979745995;0.0;0.0;0.0;0.0;0.0;0.0;0.0;0.0;0.0;0.0;3243.0;26.919565036938657;0.0;0.0;0.0;0.0;0.0;0.0;0.0;0.0;137527.0;76.14246642084399;137527.0;76.14246642084399;0.0;0.0;0.0;0.0;0.0;0.0;0.0;0.0;760.0;0.4207775526248768;0.0;0.0;0.0;0.0;0.0;0.0;0.0;0.0;0.0;0.0;34983.0;19.368501478257983;0.0;0.0;0.0;0.0;0.0;0.0;-1.0;1.0;0.9249022799499497;0.38020490862610556;1.0;0.0;3.7548860025025195;2.0;6782.0;3.7548860025025195;-1.0;1000.0;20.69951514388263;139.31092283530572;1000.0;0.0;5.783640828663182;3.0;1837.0;5.783640828663182;0.0;14.0;1.2471154644309788;1.1923547047933125;14.0;0.0;0.0;13.0;0.0;0.0;2.0;120.0;14.99277828505022;19.602610459409274;0.0;11.0;0.0;6.046042095752652;4385.0;5334.0;8414.0;11035.0;11627.0;12047.0;12047.0;12047.0;12047.0;36.39910351124762;44.27658338175479;69.84311446833237;91.59956835726737;96.51365485183034;100.0;100.0;100.0;100.0;7690.0;6805.0;3633.0;1012.0;420.0;0.0;0.0;0.0;0.0;0.0;0.0;63.83331949863037;56.48709222212999;30.156885531667637;8.40043164273263;3.4863451481696686;0.0;0.0;0.0;0.0;0.0;0.0;3780.0;31034.0;31762.0;31762.0;31762.0;31762.0;31762.0;31762.0;31762.0;11.9010137900636;97.70795289969145;100.0;100.0;100.0;100.0;100.0;100.0;100.0;27982.0;3531.0;0.0;0.0;0.0;0.0;0.0;0.0;0.0;0.0;0.0;88.0989862099364;11.117058119765758;0.0;0.0;0.0;0.0;0.0;0.0;0.0;0.0;0.0;neos-933966;12;1603;0.050469;1548;0.055321;MIR;25827;-2513227.2924219356;2513227.2924219356;5854082.49831997;5854082.49831997;0.4293119021030524;-369738712.08508503;369738712.08508503;<;-129307620.46982104;1
31762.0;12047.0;2.636507014194405;0.0;0.0;0.0;0.0;12047.0;180618.0;180618.0;0.04720350823326686;27982.0;0.0;27982.0;3780.0;88.0989862099364;88.0989862099364;3780.0;11.9010137900636;0.0;0.0;0.0;0.0;5075.0;42.1266705403835;0.0;0.0;0.0;0.0;0.0;0.0;0.0;0.0;0.0;0.0;55.0;0.4565451979745995;0.0;0.0;0.0;0.0;0.0;0.0;0.0;0.0;0.0;0.0;3243.0;26.919565036938657;0.0;0.0;0.0;0.0;0.0;0.0;0.0;0.0;137527.0;76.14246642084399;137527.0;76.14246642084399;0.0;0.0;0.0;0.0;0.0;0.0;0.0;0.0;760.0;0.4207775526248768;0.0;0.0;0.0;0.0;0.0;0.0;0.0;0.0;0.0;0.0;34983.0;19.368501478257983;0.0;0.0;0.0;0.0;0.0;0.0;-1.0;1.0;0.9249022799499497;0.38020490862610556;1.0;0.0;3.7548860025025195;2.0;6782.0;3.7548860025025195;-1.0;1000.0;20.69951514388263;139.31092283530572;1000.0;0.0;5.783640828663182;3.0;1837.0;5.783640828663182;0.0;14.0;1.2471154644309788;1.1923547047933125;14.0;0.0;0.0;13.0;0.0;0.0;2.0;120.0;14.99277828505022;19.602610459409274;0.0;11.0;0.0;6.046042095752652;4385.0;5334.0;8414.0;11035.0;11627.0;12047.0;12047.0;12047.0;12047.0;36.39910351124762;44.27658338175479;69.84311446833237;91.59956835726737;96.51365485183034;100.0;100.0;100.0;100.0;7690.0;6805.0;3633.0;1012.0;420.0;0.0;0.0;0.0;0.0;0.0;0.0;63.83331949863037;56.48709222212999;30.156885531667637;8.40043164273263;3.4863451481696686;0.0;0.0;0.0;0.0;0.0;0.0;3780.0;31034.0;31762.0;31762.0;31762.0;31762.0;31762.0;31762.0;31762.0;11.9010137900636;97.70795289969145;100.0;100.0;100.0;100.0;100.0;100.0;100.0;27982.0;3531.0;0.0;0.0;0.0;0.0;0.0;0.0;0.0;0.0;0.0;88.0989862099364;11.117058119765758;0.0;0.0;0.0;0.0;0.0;0.0;0.0;0.0;0.0;neos-933966;12;1603;0.050469;1548;0.055321;MIR;25673;-149.4781586536554;149.4781586536554;465.7482292281686;465.7482292281686;0.3209419795355283;-25118.078925557198;25118.078925557198;<;-8611.696394801118;1
31762.0;12047.0;2.636507014194405;0.0;0.0;0.0;0.0;12047.0;180618.0;180618.0;0.04720350823326686;27982.0;0.0;27982.0;3780.0;88.0989862099364;88.0989862099364;3780.0;11.9010137900636;0.0;0.0;0.0;0.0;5075.0;42.1266705403835;0.0;0.0;0.0;0.0;0.0;0.0;0.0;0.0;0.0;0.0;55.0;0.4565451979745995;0.0;0.0;0.0;0.0;0.0;0.0;0.0;0.0;0.0;0.0;3243.0;26.919565036938657;0.0;0.0;0.0;0.0;0.0;0.0;0.0;0.0;137527.0;76.14246642084399;137527.0;76.14246642084399;0.0;0.0;0.0;0.0;0.0;0.0;0.0;0.0;760.0;0.4207775526248768;0.0;0.0;0.0;0.0;0.0;0.0;0.0;0.0;0.0;0.0;34983.0;19.368501478257983;0.0;0.0;0.0;0.0;0.0;0.0;-1.0;1.0;0.9249022799499497;0.38020490862610556;1.0;0.0;3.7548860025025195;2.0;6782.0;3.7548860025025195;-1.0;1000.0;20.69951514388263;139.31092283530572;1000.0;0.0;5.783640828663182;3.0;1837.0;5.783640828663182;0.0;14.0;1.2471154644309788;1.1923547047933125;14.0;0.0;0.0;13.0;0.0;0.0;2.0;120.0;14.99277828505022;19.602610459409274;0.0;11.0;0.0;6.046042095752652;4385.0;5334.0;8414.0;11035.0;11627.0;12047.0;12047.0;12047.0;12047.0;36.39910351124762;44.27658338175479;69.84311446833237;91.59956835726737;96.51365485183034;100.0;100.0;100.0;100.0;7690.0;6805.0;3633.0;1012.0;420.0;0.0;0.0;0.0;0.0;0.0;0.0;63.83331949863037;56.48709222212999;30.156885531667637;8.40043164273263;3.4863451481696686;0.0;0.0;0.0;0.0;0.0;0.0;3780.0;31034.0;31762.0;31762.0;31762.0;31762.0;31762.0;31762.0;31762.0;11.9010137900636;97.70795289969145;100.0;100.0;100.0;100.0;100.0;100.0;100.0;27982.0;3531.0;0.0;0.0;0.0;0.0;0.0;0.0;0.0;0.0;0.0;88.0989862099364;11.117058119765758;0.0;0.0;0.0;0.0;0.0;0.0;0.0;0.0;0.0;neos-933966;12;1603;0.050469;1548;0.055321;MIR;25669;-234495.12897219535;234495.12897219535;730644.9896607752;730644.9896607752;0.32094263601406076;-39404272.63274782;39404272.63274782;<;-13509924.319021948;1
31762.0;12047.0;2.636507014194405;0.0;0.0;0.0;0.0;12047.0;180618.0;180618.0;0.04720350823326686;27982.0;0.0;27982.0;3780.0;88.0989862099364;88.0989862099364;3780.0;11.9010137900636;0.0;0.0;0.0;0.0;5075.0;42.1266705403835;0.0;0.0;0.0;0.0;0.0;0.0;0.0;0.0;0.0;0.0;55.0;0.4565451979745995;0.0;0.0;0.0;0.0;0.0;0.0;0.0;0.0;0.0;0.0;3243.0;26.919565036938657;0.0;0.0;0.0;0.0;0.0;0.0;0.0;0.0;137527.0;76.14246642084399;137527.0;76.14246642084399;0.0;0.0;0.0;0.0;0.0;0.0;0.0;0.0;760.0;0.4207775526248768;0.0;0.0;0.0;0.0;0.0;0.0;0.0;0.0;0.0;0.0;34983.0;19.368501478257983;0.0;0.0;0.0;0.0;0.0;0.0;-1.0;1.0;0.9249022799499497;0.38020490862610556;1.0;0.0;3.7548860025025195;2.0;6782.0;3.7548860025025195;-1.0;1000.0;20.69951514388263;139.31092283530572;1000.0;0.0;5.783640828663182;3.0;1837.0;5.783640828663182;0.0;14.0;1.2471154644309788;1.1923547047933125;14.0;0.0;0.0;13.0;0.0;0.0;2.0;120.0;14.99277828505022;19.602610459409274;0.0;11.0;0.0;6.046042095752652;4385.0;5334.0;8414.0;11035.0;11627.0;12047.0;12047.0;12047.0;12047.0;36.39910351124762;44.27658338175479;69.84311446833237;91.59956835726737;96.51365485183034;100.0;100.0;100.0;100.0;7690.0;6805.0;3633.0;1012.0;420.0;0.0;0.0;0.0;0.0;0.0;0.0;63.83331949863037;56.48709222212999;30.156885531667637;8.40043164273263;3.4863451481696686;0.0;0.0;0.0;0.0;0.0;0.0;3780.0;31034.0;31762.0;31762.0;31762.0;31762.0;31762.0;31762.0;31762.0;11.9010137900636;97.70795289969145;100.0;100.0;100.0;100.0;100.0;100.0;100.0;27982.0;3531.0;0.0;0.0;0.0;0.0;0.0;0.0;0.0;0.0;0.0;88.0989862099364;11.117058119765758;0.0;0.0;0.0;0.0;0.0;0.0;0.0;0.0;0.0;neos-933966;12;1603;0.050469;1548;0.055321;MIR;25461;-14.538053391293115;14.538053391293115;36.74641951727964;36.74641951727964;0.3956318352174894;-2439.783527736349;2439.783527736349;<;-844.4509486520571;1
31762.0;12047.0;2.636507014194405;0.0;0.0;0.0;0.0;12047.0;180618.0;180618.0;0.04720350823326686;27982.0;0.0;27982.0;3780.0;88.0989862099364;88.0989862099364;3780.0;11.9010137900636;0.0;0.0;0.0;0.0;5075.0;42.1266705403835;0.0;0.0;0.0;0.0;0.0;0.0;0.0;0.0;0.0;0.0;55.0;0.4565451979745995;0.0;0.0;0.0;0.0;0.0;0.0;0.0;0.0;0.0;0.0;3243.0;26.919565036938657;0.0;0.0;0.0;0.0;0.0;0.0;0.0;0.0;137527.0;76.14246642084399;137527.0;76.14246642084399;0.0;0.0;0.0;0.0;0.0;0.0;0.0;0.0;760.0;0.4207775526248768;0.0;0.0;0.0;0.0;0.0;0.0;0.0;0.0;0.0;0.0;34983.0;19.368501478257983;0.0;0.0;0.0;0.0;0.0;0.0;-1.0;1.0;0.9249022799499497;0.38020490862610556;1.0;0.0;3.7548860025025195;2.0;6782.0;3.7548860025025195;-1.0;1000.0;20.69951514388263;139.31092283530572;1000.0;0.0;5.783640828663182;3.0;1837.0;5.783640828663182;0.0;14.0;1.2471154644309788;1.1923547047933125;14.0;0.0;0.0;13.0;0.0;0.0;2.0;120.0;14.99277828505022;19.602610459409274;0.0;11.0;0.0;6.046042095752652;4385.0;5334.0;8414.0;11035.0;11627.0;12047.0;12047.0;12047.0;12047.0;36.39910351124762;44.27658338175479;69.84311446833237;91.59956835726737;96.51365485183034;100.0;100.0;100.0;100.0;7690.0;6805.0;3633.0;1012.0;420.0;0.0;0.0;0.0;0.0;0.0;0.0;63.83331949863037;56.48709222212999;30.156885531667637;8.40043164273263;3.4863451481696686;0.0;0.0;0.0;0.0;0.0;0.0;3780.0;31034.0;31762.0;31762.0;31762.0;31762.0;31762.0;31762.0;31762.0;11.9010137900636;97.70795289969145;100.0;100.0;100.0;100.0;100.0;100.0;100.0;27982.0;3531.0;0.0;0.0;0.0;0.0;0.0;0.0;0.0;0.0;0.0;88.0989862099364;11.117058119765758;0.0;0.0;0.0;0.0;0.0;0.0;0.0;0.0;0.0;neos-933966;12;1603;0.050469;1548;0.055321;MIR;25468;-1116856.2377358433;1116856.2377358433;2823035.5542766685;2823035.5542766685;0.3956224483407222;-187424294.0215917;187424294.0215917;<;-64853649.96715678;1
31762.0;12047.0;2.636507014194405;0.0;0.0;0.0;0.0;12047.0;180618.0;180618.0;0.04720350823326686;27982.0;0.0;27982.0;3780.0;88.0989862099364;88.0989862099364;3780.0;11.9010137900636;0.0;0.0;0.0;0.0;5075.0;42.1266705403835;0.0;0.0;0.0;0.0;0.0;0.0;0.0;0.0;0.0;0.0;55.0;0.4565451979745995;0.0;0.0;0.0;0.0;0.0;0.0;0.0;0.0;0.0;0.0;3243.0;26.919565036938657;0.0;0.0;0.0;0.0;0.0;0.0;0.0;0.0;137527.0;76.14246642084399;137527.0;76.14246642084399;0.0;0.0;0.0;0.0;0.0;0.0;0.0;0.0;760.0;0.4207775526248768;0.0;0.0;0.0;0.0;0.0;0.0;0.0;0.0;0.0;0.0;34983.0;19.368501478257983;0.0;0.0;0.0;0.0;0.0;0.0;-1.0;1.0;0.9249022799499497;0.38020490862610556;1.0;0.0;3.7548860025025195;2.0;6782.0;3.7548860025025195;-1.0;1000.0;20.69951514388263;139.31092283530572;1000.0;0.0;5.783640828663182;3.0;1837.0;5.783640828663182;0.0;14.0;1.2471154644309788;1.1923547047933125;14.0;0.0;0.0;13.0;0.0;0.0;2.0;120.0;14.99277828505022;19.602610459409274;0.0;11.0;0.0;6.046042095752652;4385.0;5334.0;8414.0;11035.0;11627.0;12047.0;12047.0;12047.0;12047.0;36.39910351124762;44.27658338175479;69.84311446833237;91.59956835726737;96.51365485183034;100.0;100.0;100.0;100.0;7690.0;6805.0;3633.0;1012.0;420.0;0.0;0.0;0.0;0.0;0.0;0.0;63.83331949863037;56.48709222212999;30.156885531667637;8.40043164273263;3.4863451481696686;0.0;0.0;0.0;0.0;0.0;0.0;3780.0;31034.0;31762.0;31762.0;31762.0;31762.0;31762.0;31762.0;31762.0;11.9010137900636;97.70795289969145;100.0;100.0;100.0;100.0;100.0;100.0;100.0;27982.0;3531.0;0.0;0.0;0.0;0.0;0.0;0.0;0.0;0.0;0.0;88.0989862099364;11.117058119765758;0.0;0.0;0.0;0.0;0.0;0.0;0.0;0.0;0.0;neos-933966;12;1603;0.050469;1548;0.055321;MIR;25465;-240876.65235231613;240876.65235231613;949717.1232074213;949717.1232074213;0.2536298930136357;-49979643.504364595;49979643.504364595;<;-17748884.686021265;1
31762.0;12047.0;2.636507014194405;0.0;0.0;0.0;0.0;12047.0;180618.0;180618.0;0.04720350823326686;27982.0;0.0;27982.0;3780.0;88.0989862099364;88.0989862099364;3780.0;11.9010137900636;0.0;0.0;0.0;0.0;5075.0;42.1266705403835;0.0;0.0;0.0;0.0;0.0;0.0;0.0;0.0;0.0;0.0;55.0;0.4565451979745995;0.0;0.0;0.0;0.0;0.0;0.0;0.0;0.0;0.0;0.0;3243.0;26.919565036938657;0.0;0.0;0.0;0.0;0.0;0.0;0.0;0.0;137527.0;76.14246642084399;137527.0;76.14246642084399;0.0;0.0;0.0;0.0;0.0;0.0;0.0;0.0;760.0;0.4207775526248768;0.0;0.0;0.0;0.0;0.0;0.0;0.0;0.0;0.0;0.0;34983.0;19.368501478257983;0.0;0.0;0.0;0.0;0.0;0.0;-1.0;1.0;0.9249022799499497;0.38020490862610556;1.0;0.0;3.7548860025025195;2.0;6782.0;3.7548860025025195;-1.0;1000.0;20.69951514388263;139.31092283530572;1000.0;0.0;5.783640828663182;3.0;1837.0;5.783640828663182;0.0;14.0;1.2471154644309788;1.1923547047933125;14.0;0.0;0.0;13.0;0.0;0.0;2.0;120.0;14.99277828505022;19.602610459409274;0.0;11.0;0.0;6.046042095752652;4385.0;5334.0;8414.0;11035.0;11627.0;12047.0;12047.0;12047.0;12047.0;36.39910351124762;44.27658338175479;69.84311446833237;91.59956835726737;96.51365485183034;100.0;100.0;100.0;100.0;7690.0;6805.0;3633.0;1012.0;420.0;0.0;0.0;0.0;0.0;0.0;0.0;63.83331949863037;56.48709222212999;30.156885531667637;8.40043164273263;3.4863451481696686;0.0;0.0;0.0;0.0;0.0;0.0;3780.0;31034.0;31762.0;31762.0;31762.0;31762.0;31762.0;31762.0;31762.0;11.9010137900636;97.70795289969145;100.0;100.0;100.0;100.0;100.0;100.0;100.0;27982.0;3531.0;0.0;0.0;0.0;0.0;0.0;0.0;0.0;0.0;0.0;88.0989862099364;11.117058119765758;0.0;0.0;0.0;0.0;0.0;0.0;0.0;0.0;0.0;neos-933966;12;1603;0.050469;1548;0.055321;MIR;25465;-41045.17830191353;41045.17830191353;161829.39702802923;161829.39702802923;0.2536323996486523;-8516700.260314764;8516700.260314764;<;-3024867.5001535295;1
31762.0;12047.0;2.636507014194405;0.0;0.0;0.0;0.0;12047.0;180618.0;180618.0;0.04720350823326686;27982.0;0.0;27982.0;3780.0;88.0989862099364;88.0989862099364;3780.0;11.9010137900636;0.0;0.0;0.0;0.0;5075.0;42.1266705403835;0.0;0.0;0.0;0.0;0.0;0.0;0.0;0.0;0.0;0.0;55.0;0.4565451979745995;0.0;0.0;0.0;0.0;0.0;0.0;0.0;0.0;0.0;0.0;3243.0;26.919565036938657;0.0;0.0;0.0;0.0;0.0;0.0;0.0;0.0;137527.0;76.14246642084399;137527.0;76.14246642084399;0.0;0.0;0.0;0.0;0.0;0.0;0.0;0.0;760.0;0.4207775526248768;0.0;0.0;0.0;0.0;0.0;0.0;0.0;0.0;0.0;0.0;34983.0;19.368501478257983;0.0;0.0;0.0;0.0;0.0;0.0;-1.0;1.0;0.9249022799499497;0.38020490862610556;1.0;0.0;3.7548860025025195;2.0;6782.0;3.7548860025025195;-1.0;1000.0;20.69951514388263;139.31092283530572;1000.0;0.0;5.783640828663182;3.0;1837.0;5.783640828663182;0.0;14.0;1.2471154644309788;1.1923547047933125;14.0;0.0;0.0;13.0;0.0;0.0;2.0;120.0;14.99277828505022;19.602610459409274;0.0;11.0;0.0;6.046042095752652;4385.0;5334.0;8414.0;11035.0;11627.0;12047.0;12047.0;12047.0;12047.0;36.39910351124762;44.27658338175479;69.84311446833237;91.59956835726737;96.51365485183034;100.0;100.0;100.0;100.0;7690.0;6805.0;3633.0;1012.0;420.0;0.0;0.0;0.0;0.0;0.0;0.0;63.83331949863037;56.48709222212999;30.156885531667637;8.40043164273263;3.4863451481696686;0.0;0.0;0.0;0.0;0.0;0.0;3780.0;31034.0;31762.0;31762.0;31762.0;31762.0;31762.0;31762.0;31762.0;11.9010137900636;97.70795289969145;100.0;100.0;100.0;100.0;100.0;100.0;100.0;27982.0;3531.0;0.0;0.0;0.0;0.0;0.0;0.0;0.0;0.0;0.0;88.0989862099364;11.117058119765758;0.0;0.0;0.0;0.0;0.0;0.0;0.0;0.0;0.0;neos-933966;12;1603;0.050469;1548;0.055321;MIR;25827;-15642.280140180103;15642.280140180103;43357.84069074627;43357.84069074627;0.36077165954250545;-2776119.048546761;2776119.048546761;<;-957366.2332688358;1
31762.0;12047.0;2.636507014194405;0.0;0.0;0.0;0.0;12047.0;180618.0;180618.0;0.04720350823326686;27982.0;0.0;27982.0;3780.0;88.0989862099364;88.0989862099364;3780.0;11.9010137900636;0.0;0.0;0.0;0.0;5075.0;42.1266705403835;0.0;0.0;0.0;0.0;0.0;0.0;0.0;0.0;0.0;0.0;55.0;0.4565451979745995;0.0;0.0;0.0;0.0;0.0;0.0;0.0;0.0;0.0;0.0;3243.0;26.919565036938657;0.0;0.0;0.0;0.0;0.0;0.0;0.0;0.0;137527.0;76.14246642084399;137527.0;76.14246642084399;0.0;0.0;0.0;0.0;0.0;0.0;0.0;0.0;760.0;0.4207775526248768;0.0;0.0;0.0;0.0;0.0;0.0;0.0;0.0;0.0;0.0;34983.0;19.368501478257983;0.0;0.0;0.0;0.0;0.0;0.0;-1.0;1.0;0.9249022799499497;0.38020490862610556;1.0;0.0;3.7548860025025195;2.0;6782.0;3.7548860025025195;-1.0;1000.0;20.69951514388263;139.31092283530572;1000.0;0.0;5.783640828663182;3.0;1837.0;5.783640828663182;0.0;14.0;1.2471154644309788;1.1923547047933125;14.0;0.0;0.0;13.0;0.0;0.0;2.0;120.0;14.99277828505022;19.602610459409274;0.0;11.0;0.0;6.046042095752652;4385.0;5334.0;8414.0;11035.0;11627.0;12047.0;12047.0;12047.0;12047.0;36.39910351124762;44.27658338175479;69.84311446833237;91.59956835726737;96.51365485183034;100.0;100.0;100.0;100.0;7690.0;6805.0;3633.0;1012.0;420.0;0.0;0.0;0.0;0.0;0.0;0.0;63.83331949863037;56.48709222212999;30.156885531667637;8.40043164273263;3.4863451481696686;0.0;0.0;0.0;0.0;0.0;0.0;3780.0;31034.0;31762.0;31762.0;31762.0;31762.0;31762.0;31762.0;31762.0;11.9010137900636;97.70795289969145;100.0;100.0;100.0;100.0;100.0;100.0;100.0;27982.0;3531.0;0.0;0.0;0.0;0.0;0.0;0.0;0.0;0.0;0.0;88.0989862099364;11.117058119765758;0.0;0.0;0.0;0.0;0.0;0.0;0.0;0.0;0.0;neos-933966;12;1603;0.050469;1548;0.055321;MIR;25586;-6903.076730308423;6903.076730308423;20458.09968344199;20458.09968344199;0.3374251194941391;-1245537.212849952;1245537.212849952;<;-424818.215777684;1
31762.0;12047.0;2.636507014194405;0.0;0.0;0.0;0.0;12047.0;180618.0;180618.0;0.04720350823326686;27982.0;0.0;27982.0;3780.0;88.0989862099364;88.0989862099364;3780.0;11.9010137900636;0.0;0.0;0.0;0.0;5075.0;42.1266705403835;0.0;0.0;0.0;0.0;0.0;0.0;0.0;0.0;0.0;0.0;55.0;0.4565451979745995;0.0;0.0;0.0;0.0;0.0;0.0;0.0;0.0;0.0;0.0;3243.0;26.919565036938657;0.0;0.0;0.0;0.0;0.0;0.0;0.0;0.0;137527.0;76.14246642084399;137527.0;76.14246642084399;0.0;0.0;0.0;0.0;0.0;0.0;0.0;0.0;760.0;0.4207775526248768;0.0;0.0;0.0;0.0;0.0;0.0;0.0;0.0;0.0;0.0;34983.0;19.368501478257983;0.0;0.0;0.0;0.0;0.0;0.0;-1.0;1.0;0.9249022799499497;0.38020490862610556;1.0;0.0;3.7548860025025195;2.0;6782.0;3.7548860025025195;-1.0;1000.0;20.69951514388263;139.31092283530572;1000.0;0.0;5.783640828663182;3.0;1837.0;5.783640828663182;0.0;14.0;1.2471154644309788;1.1923547047933125;14.0;0.0;0.0;13.0;0.0;0.0;2.0;120.0;14.99277828505022;19.602610459409274;0.0;11.0;0.0;6.046042095752652;4385.0;5334.0;8414.0;11035.0;11627.0;12047.0;12047.0;12047.0;12047.0;36.39910351124762;44.27658338175479;69.84311446833237;91.59956835726737;96.51365485183034;100.0;100.0;100.0;100.0;7690.0;6805.0;3633.0;1012.0;420.0;0.0;0.0;0.0;0.0;0.0;0.0;63.83331949863037;56.48709222212999;30.156885531667637;8.40043164273263;3.4863451481696686;0.0;0.0;0.0;0.0;0.0;0.0;3780.0;31034.0;31762.0;31762.0;31762.0;31762.0;31762.0;31762.0;31762.0;11.9010137900636;97.70795289969145;100.0;100.0;100.0;100.0;100.0;100.0;100.0;27982.0;3531.0;0.0;0.0;0.0;0.0;0.0;0.0;0.0;0.0;0.0;88.0989862099364;11.117058119765758;0.0;0.0;0.0;0.0;0.0;0.0;0.0;0.0;0.0;neos-933966;12;1603;0.050469;1548;0.055321;MIR;25586;-17211.592415512063;17211.592415512063;51005.41020983998;51005.41020983998;0.3374464070517679;-3105650.708780286;3105650.708780286;<;-1059657.612407986;1
31762.0;12047.0;2.636507014194405;0.0;0.0;0.0;0.0;12047.0;180618.0;180618.0;0.04720350823326686;27982.0;0.0;27982.0;3780.0;88.0989862099364;88.0989862099364;3780.0;11.9010137900636;0.0;0.0;0.0;0.0;5075.0;42.1266705403835;0.0;0.0;0.0;0.0;0.0;0.0;0.0;0.0;0.0;0.0;55.0;0.4565451979745995;0.0;0.0;0.0;0.0;0.0;0.0;0.0;0.0;0.0;0.0;3243.0;26.919565036938657;0.0;0.0;0.0;0.0;0.0;0.0;0.0;0.0;137527.0;76.14246642084399;137527.0;76.14246642084399;0.0;0.0;0.0;0.0;0.0;0.0;0.0;0.0;760.0;0.4207775526248768;0.0;0.0;0.0;0.0;0.0;0.0;0.0;0.0;0.0;0.0;34983.0;19.368501478257983;0.0;0.0;0.0;0.0;0.0;0.0;-1.0;1.0;0.9249022799499497;0.38020490862610556;1.0;0.0;3.7548860025025195;2.0;6782.0;3.7548860025025195;-1.0;1000.0;20.69951514388263;139.31092283530572;1000.0;0.0;5.783640828663182;3.0;1837.0;5.783640828663182;0.0;14.0;1.2471154644309788;1.1923547047933125;14.0;0.0;0.0;13.0;0.0;0.0;2.0;120.0;14.99277828505022;19.602610459409274;0.0;11.0;0.0;6.046042095752652;4385.0;5334.0;8414.0;11035.0;11627.0;12047.0;12047.0;12047.0;12047.0;36.39910351124762;44.27658338175479;69.84311446833237;91.59956835726737;96.51365485183034;100.0;100.0;100.0;100.0;7690.0;6805.0;3633.0;1012.0;420.0;0.0;0.0;0.0;0.0;0.0;0.0;63.83331949863037;56.48709222212999;30.156885531667637;8.40043164273263;3.4863451481696686;0.0;0.0;0.0;0.0;0.0;0.0;3780.0;31034.0;31762.0;31762.0;31762.0;31762.0;31762.0;31762.0;31762.0;11.9010137900636;97.70795289969145;100.0;100.0;100.0;100.0;100.0;100.0;100.0;27982.0;3531.0;0.0;0.0;0.0;0.0;0.0;0.0;0.0;0.0;0.0;88.0989862099364;11.117058119765758;0.0;0.0;0.0;0.0;0.0;0.0;0.0;0.0;0.0;neos-933966;12;1603;0.050469;1548;0.055321;MIR;25795;-292.7362055831174;292.7362055831174;795.8269990690837;795.8269990690837;0.3678389975780474;-51575.14115902779;51575.14115902779;<;-18188.492716157358;1
31762.0;12047.0;2.636507014194405;0.0;0.0;0.0;0.0;12047.0;180618.0;180618.0;0.04720350823326686;27982.0;0.0;27982.0;3780.0;88.0989862099364;88.0989862099364;3780.0;11.9010137900636;0.0;0.0;0.0;0.0;5075.0;42.1266705403835;0.0;0.0;0.0;0.0;0.0;0.0;0.0;0.0;0.0;0.0;55.0;0.4565451979745995;0.0;0.0;0.0;0.0;0.0;0.0;0.0;0.0;0.0;0.0;3243.0;26.919565036938657;0.0;0.0;0.0;0.0;0.0;0.0;0.0;0.0;137527.0;76.14246642084399;137527.0;76.14246642084399;0.0;0.0;0.0;0.0;0.0;0.0;0.0;0.0;760.0;0.4207775526248768;0.0;0.0;0.0;0.0;0.0;0.0;0.0;0.0;0.0;0.0;34983.0;19.368501478257983;0.0;0.0;0.0;0.0;0.0;0.0;-1.0;1.0;0.9249022799499497;0.38020490862610556;1.0;0.0;3.7548860025025195;2.0;6782.0;3.7548860025025195;-1.0;1000.0;20.69951514388263;139.31092283530572;1000.0;0.0;5.783640828663182;3.0;1837.0;5.783640828663182;0.0;14.0;1.2471154644309788;1.1923547047933125;14.0;0.0;0.0;13.0;0.0;0.0;2.0;120.0;14.99277828505022;19.602610459409274;0.0;11.0;0.0;6.046042095752652;4385.0;5334.0;8414.0;11035.0;11627.0;12047.0;12047.0;12047.0;12047.0;36.39910351124762;44.27658338175479;69.84311446833237;91.59956835726737;96.51365485183034;100.0;100.0;100.0;100.0;7690.0;6805.0;3633.0;1012.0;420.0;0.0;0.0;0.0;0.0;0.0;0.0;63.83331949863037;56.48709222212999;30.156885531667637;8.40043164273263;3.4863451481696686;0.0;0.0;0.0;0.0;0.0;0.0;3780.0;31034.0;31762.0;31762.0;31762.0;31762.0;31762.0;31762.0;31762.0;11.9010137900636;97.70795289969145;100.0;100.0;100.0;100.0;100.0;100.0;100.0;27982.0;3531.0;0.0;0.0;0.0;0.0;0.0;0.0;0.0;0.0;0.0;88.0989862099364;11.117058119765758;0.0;0.0;0.0;0.0;0.0;0.0;0.0;0.0;0.0;neos-933966;12;1603;0.050469;1548;0.055321;MIR;25794;-44609.83819163894;44609.83819163894;121273.43969093589;121273.43969093589;0.36784508054959647;-7859663.090406188;7859663.090406188;<;-2772182.5529355817;1
31762.0;12047.0;2.636507014194405;0.0;0.0;0.0;0.0;12047.0;180618.0;180618.0;0.04720350823326686;27982.0;0.0;27982.0;3780.0;88.0989862099364;88.0989862099364;3780.0;11.9010137900636;0.0;0.0;0.0;0.0;5075.0;42.1266705403835;0.0;0.0;0.0;0.0;0.0;0.0;0.0;0.0;0.0;0.0;55.0;0.4565451979745995;0.0;0.0;0.0;0.0;0.0;0.0;0.0;0.0;0.0;0.0;3243.0;26.919565036938657;0.0;0.0;0.0;0.0;0.0;0.0;0.0;0.0;137527.0;76.14246642084399;137527.0;76.14246642084399;0.0;0.0;0.0;0.0;0.0;0.0;0.0;0.0;760.0;0.4207775526248768;0.0;0.0;0.0;0.0;0.0;0.0;0.0;0.0;0.0;0.0;34983.0;19.368501478257983;0.0;0.0;0.0;0.0;0.0;0.0;-1.0;1.0;0.9249022799499497;0.38020490862610556;1.0;0.0;3.7548860025025195;2.0;6782.0;3.7548860025025195;-1.0;1000.0;20.69951514388263;139.31092283530572;1000.0;0.0;5.783640828663182;3.0;1837.0;5.783640828663182;0.0;14.0;1.2471154644309788;1.1923547047933125;14.0;0.0;0.0;13.0;0.0;0.0;2.0;120.0;14.99277828505022;19.602610459409274;0.0;11.0;0.0;6.046042095752652;4385.0;5334.0;8414.0;11035.0;11627.0;12047.0;12047.0;12047.0;12047.0;36.39910351124762;44.27658338175479;69.84311446833237;91.59956835726737;96.51365485183034;100.0;100.0;100.0;100.0;7690.0;6805.0;3633.0;1012.0;420.0;0.0;0.0;0.0;0.0;0.0;0.0;63.83331949863037;56.48709222212999;30.156885531667637;8.40043164273263;3.4863451481696686;0.0;0.0;0.0;0.0;0.0;0.0;3780.0;31034.0;31762.0;31762.0;31762.0;31762.0;31762.0;31762.0;31762.0;11.9010137900636;97.70795289969145;100.0;100.0;100.0;100.0;100.0;100.0;100.0;27982.0;3531.0;0.0;0.0;0.0;0.0;0.0;0.0;0.0;0.0;0.0;88.0989862099364;11.117058119765758;0.0;0.0;0.0;0.0;0.0;0.0;0.0;0.0;0.0;neos-933966;12;1603;0.050469;1548;0.055321;MIR;25791;-125.82584134005921;125.82584134005921;319.43756107615786;319.43756107615786;0.39389807797230453;-22520.223467098072;22520.223467098072;<;-7929.285341988521;1
31762.0;12047.0;2.636507014194405;0.0;0.0;0.0;0.0;12047.0;180618.0;180618.0;0.04720350823326686;27982.0;0.0;27982.0;3780.0;88.0989862099364;88.0989862099364;3780.0;11.9010137900636;0.0;0.0;0.0;0.0;5075.0;42.1266705403835;0.0;0.0;0.0;0.0;0.0;0.0;0.0;0.0;0.0;0.0;55.0;0.4565451979745995;0.0;0.0;0.0;0.0;0.0;0.0;0.0;0.0;0.0;0.0;3243.0;26.919565036938657;0.0;0.0;0.0;0.0;0.0;0.0;0.0;0.0;137527.0;76.14246642084399;137527.0;76.14246642084399;0.0;0.0;0.0;0.0;0.0;0.0;0.0;0.0;760.0;0.4207775526248768;0.0;0.0;0.0;0.0;0.0;0.0;0.0;0.0;0.0;0.0;34983.0;19.368501478257983;0.0;0.0;0.0;0.0;0.0;0.0;-1.0;1.0;0.9249022799499497;0.38020490862610556;1.0;0.0;3.7548860025025195;2.0;6782.0;3.7548860025025195;-1.0;1000.0;20.69951514388263;139.31092283530572;1000.0;0.0;5.783640828663182;3.0;1837.0;5.783640828663182;0.0;14.0;1.2471154644309788;1.1923547047933125;14.0;0.0;0.0;13.0;0.0;0.0;2.0;120.0;14.99277828505022;19.602610459409274;0.0;11.0;0.0;6.046042095752652;4385.0;5334.0;8414.0;11035.0;11627.0;12047.0;12047.0;12047.0;12047.0;36.39910351124762;44.27658338175479;69.84311446833237;91.59956835726737;96.51365485183034;100.0;100.0;100.0;100.0;7690.0;6805.0;3633.0;1012.0;420.0;0.0;0.0;0.0;0.0;0.0;0.0;63.83331949863037;56.48709222212999;30.156885531667637;8.40043164273263;3.4863451481696686;0.0;0.0;0.0;0.0;0.0;0.0;3780.0;31034.0;31762.0;31762.0;31762.0;31762.0;31762.0;31762.0;31762.0;11.9010137900636;97.70795289969145;100.0;100.0;100.0;100.0;100.0;100.0;100.0;27982.0;3531.0;0.0;0.0;0.0;0.0;0.0;0.0;0.0;0.0;0.0;88.0989862099364;11.117058119765758;0.0;0.0;0.0;0.0;0.0;0.0;0.0;0.0;0.0;neos-933966;12;1603;0.050469;1548;0.055321;MIR;25791;-56239.35791623183;56239.35791623183;142775.7833941147;142775.7833941147;0.39389983776863696;-10065739.468760947;10065739.468760947;<;-3544275.10309726;1
31762.0;12047.0;2.636507014194405;0.0;0.0;0.0;0.0;12047.0;180618.0;180618.0;0.04720350823326686;27982.0;0.0;27982.0;3780.0;88.0989862099364;88.0989862099364;3780.0;11.9010137900636;0.0;0.0;0.0;0.0;5075.0;42.1266705403835;0.0;0.0;0.0;0.0;0.0;0.0;0.0;0.0;0.0;0.0;55.0;0.4565451979745995;0.0;0.0;0.0;0.0;0.0;0.0;0.0;0.0;0.0;0.0;3243.0;26.919565036938657;0.0;0.0;0.0;0.0;0.0;0.0;0.0;0.0;137527.0;76.14246642084399;137527.0;76.14246642084399;0.0;0.0;0.0;0.0;0.0;0.0;0.0;0.0;760.0;0.4207775526248768;0.0;0.0;0.0;0.0;0.0;0.0;0.0;0.0;0.0;0.0;34983.0;19.368501478257983;0.0;0.0;0.0;0.0;0.0;0.0;-1.0;1.0;0.9249022799499497;0.38020490862610556;1.0;0.0;3.7548860025025195;2.0;6782.0;3.7548860025025195;-1.0;1000.0;20.69951514388263;139.31092283530572;1000.0;0.0;5.783640828663182;3.0;1837.0;5.783640828663182;0.0;14.0;1.2471154644309788;1.1923547047933125;14.0;0.0;0.0;13.0;0.0;0.0;2.0;120.0;14.99277828505022;19.602610459409274;0.0;11.0;0.0;6.046042095752652;4385.0;5334.0;8414.0;11035.0;11627.0;12047.0;12047.0;12047.0;12047.0;36.39910351124762;44.27658338175479;69.84311446833237;91.59956835726737;96.51365485183034;100.0;100.0;100.0;100.0;7690.0;6805.0;3633.0;1012.0;420.0;0.0;0.0;0.0;0.0;0.0;0.0;63.83331949863037;56.48709222212999;30.156885531667637;8.40043164273263;3.4863451481696686;0.0;0.0;0.0;0.0;0.0;0.0;3780.0;31034.0;31762.0;31762.0;31762.0;31762.0;31762.0;31762.0;31762.0;11.9010137900636;97.70795289969145;100.0;100.0;100.0;100.0;100.0;100.0;100.0;27982.0;3531.0;0.0;0.0;0.0;0.0;0.0;0.0;0.0;0.0;0.0;88.0989862099364;11.117058119765758;0.0;0.0;0.0;0.0;0.0;0.0;0.0;0.0;0.0;neos-933966;12;1603;0.050469;1548;0.055321;MIR;25395;-141.63936590015817;141.63936590015817;427.3279665713823;427.3279665713823;0.3314535368152607;-24380.796570520604;24380.796570520604;<;-8937.182060113124;1
31762.0;12047.0;2.636507014194405;0.0;0.0;0.0;0.0;12047.0;180618.0;180618.0;0.04720350823326686;27982.0;0.0;27982.0;3780.0;88.0989862099364;88.0989862099364;3780.0;11.9010137900636;0.0;0.0;0.0;0.0;5075.0;42.1266705403835;0.0;0.0;0.0;0.0;0.0;0.0;0.0;0.0;0.0;0.0;55.0;0.4565451979745995;0.0;0.0;0.0;0.0;0.0;0.0;0.0;0.0;0.0;0.0;3243.0;26.919565036938657;0.0;0.0;0.0;0.0;0.0;0.0;0.0;0.0;137527.0;76.14246642084399;137527.0;76.14246642084399;0.0;0.0;0.0;0.0;0.0;0.0;0.0;0.0;760.0;0.4207775526248768;0.0;0.0;0.0;0.0;0.0;0.0;0.0;0.0;0.0;0.0;34983.0;19.368501478257983;0.0;0.0;0.0;0.0;0.0;0.0;-1.0;1.0;0.9249022799499497;0.38020490862610556;1.0;0.0;3.7548860025025195;2.0;6782.0;3.7548860025025195;-1.0;1000.0;20.69951514388263;139.31092283530572;1000.0;0.0;5.783640828663182;3.0;1837.0;5.783640828663182;0.0;14.0;1.2471154644309788;1.1923547047933125;14.0;0.0;0.0;13.0;0.0;0.0;2.0;120.0;14.99277828505022;19.602610459409274;0.0;11.0;0.0;6.046042095752652;4385.0;5334.0;8414.0;11035.0;11627.0;12047.0;12047.0;12047.0;12047.0;36.39910351124762;44.27658338175479;69.84311446833237;91.59956835726737;96.51365485183034;100.0;100.0;100.0;100.0;7690.0;6805.0;3633.0;1012.0;420.0;0.0;0.0;0.0;0.0;0.0;0.0;63.83331949863037;56.48709222212999;30.156885531667637;8.40043164273263;3.4863451481696686;0.0;0.0;0.0;0.0;0.0;0.0;3780.0;31034.0;31762.0;31762.0;31762.0;31762.0;31762.0;31762.0;31762.0;11.9010137900636;97.70795289969145;100.0;100.0;100.0;100.0;100.0;100.0;100.0;27982.0;3531.0;0.0;0.0;0.0;0.0;0.0;0.0;0.0;0.0;0.0;88.0989862099364;11.117058119765758;0.0;0.0;0.0;0.0;0.0;0.0;0.0;0.0;0.0;neos-933966;12;1603;0.050469;1548;0.055321;MIR;25395;-91536.85733102106;91536.85733102106;276165.6028178743;276165.6028178743;0.33145640295901657;-15756609.38640878;15756609.38640878;<;-5776191.606081124;1
31762.0;12047.0;2.636507014194405;0.0;0.0;0.0;0.0;12047.0;180618.0;180618.0;0.04720350823326686;27982.0;0.0;27982.0;3780.0;88.0989862099364;88.0989862099364;3780.0;11.9010137900636;0.0;0.0;0.0;0.0;5075.0;42.1266705403835;0.0;0.0;0.0;0.0;0.0;0.0;0.0;0.0;0.0;0.0;55.0;0.4565451979745995;0.0;0.0;0.0;0.0;0.0;0.0;0.0;0.0;0.0;0.0;3243.0;26.919565036938657;0.0;0.0;0.0;0.0;0.0;0.0;0.0;0.0;137527.0;76.14246642084399;137527.0;76.14246642084399;0.0;0.0;0.0;0.0;0.0;0.0;0.0;0.0;760.0;0.4207775526248768;0.0;0.0;0.0;0.0;0.0;0.0;0.0;0.0;0.0;0.0;34983.0;19.368501478257983;0.0;0.0;0.0;0.0;0.0;0.0;-1.0;1.0;0.9249022799499497;0.38020490862610556;1.0;0.0;3.7548860025025195;2.0;6782.0;3.7548860025025195;-1.0;1000.0;20.69951514388263;139.31092283530572;1000.0;0.0;5.783640828663182;3.0;1837.0;5.783640828663182;0.0;14.0;1.2471154644309788;1.1923547047933125;14.0;0.0;0.0;13.0;0.0;0.0;2.0;120.0;14.99277828505022;19.602610459409274;0.0;11.0;0.0;6.046042095752652;4385.0;5334.0;8414.0;11035.0;11627.0;12047.0;12047.0;12047.0;12047.0;36.39910351124762;44.27658338175479;69.84311446833237;91.59956835726737;96.51365485183034;100.0;100.0;100.0;100.0;7690.0;6805.0;3633.0;1012.0;420.0;0.0;0.0;0.0;0.0;0.0;0.0;63.83331949863037;56.48709222212999;30.156885531667637;8.40043164273263;3.4863451481696686;0.0;0.0;0.0;0.0;0.0;0.0;3780.0;31034.0;31762.0;31762.0;31762.0;31762.0;31762.0;31762.0;31762.0;11.9010137900636;97.70795289969145;100.0;100.0;100.0;100.0;100.0;100.0;100.0;27982.0;3531.0;0.0;0.0;0.0;0.0;0.0;0.0;0.0;0.0;0.0;88.0989862099364;11.117058119765758;0.0;0.0;0.0;0.0;0.0;0.0;0.0;0.0;0.0;neos-933966;12;1603;0.050469;1548;0.055321;MIR;25648;-6933.098194290607;6933.098194290607;15163.850443182331;15163.850443182331;0.4572122509562028;-1166328.5582640262;1166328.5582640262;<;-401516.67517057434;1
31762.0;12047.0;2.636507014194405;0.0;0.0;0.0;0.0;12047.0;180618.0;180618.0;0.04720350823326686;27982.0;0.0;27982.0;3780.0;88.0989862099364;88.0989862099364;3780.0;11.9010137900636;0.0;0.0;0.0;0.0;5075.0;42.1266705403835;0.0;0.0;0.0;0.0;0.0;0.0;0.0;0.0;0.0;0.0;55.0;0.4565451979745995;0.0;0.0;0.0;0.0;0.0;0.0;0.0;0.0;0.0;0.0;3243.0;26.919565036938657;0.0;0.0;0.0;0.0;0.0;0.0;0.0;0.0;137527.0;76.14246642084399;137527.0;76.14246642084399;0.0;0.0;0.0;0.0;0.0;0.0;0.0;0.0;760.0;0.4207775526248768;0.0;0.0;0.0;0.0;0.0;0.0;0.0;0.0;0.0;0.0;34983.0;19.368501478257983;0.0;0.0;0.0;0.0;0.0;0.0;-1.0;1.0;0.9249022799499497;0.38020490862610556;1.0;0.0;3.7548860025025195;2.0;6782.0;3.7548860025025195;-1.0;1000.0;20.69951514388263;139.31092283530572;1000.0;0.0;5.783640828663182;3.0;1837.0;5.783640828663182;0.0;14.0;1.2471154644309788;1.1923547047933125;14.0;0.0;0.0;13.0;0.0;0.0;2.0;120.0;14.99277828505022;19.602610459409274;0.0;11.0;0.0;6.046042095752652;4385.0;5334.0;8414.0;11035.0;11627.0;12047.0;12047.0;12047.0;12047.0;36.39910351124762;44.27658338175479;69.84311446833237;91.59956835726737;96.51365485183034;100.0;100.0;100.0;100.0;7690.0;6805.0;3633.0;1012.0;420.0;0.0;0.0;0.0;0.0;0.0;0.0;63.83331949863037;56.48709222212999;30.156885531667637;8.40043164273263;3.4863451481696686;0.0;0.0;0.0;0.0;0.0;0.0;3780.0;31034.0;31762.0;31762.0;31762.0;31762.0;31762.0;31762.0;31762.0;11.9010137900636;97.70795289969145;100.0;100.0;100.0;100.0;100.0;100.0;100.0;27982.0;3531.0;0.0;0.0;0.0;0.0;0.0;0.0;0.0;0.0;0.0;88.0989862099364;11.117058119765758;0.0;0.0;0.0;0.0;0.0;0.0;0.0;0.0;0.0;neos-933966;12;1603;0.050469;1548;0.055321;MIR;25648;-47269.467276931915;47269.467276931915;103384.69704922657;103384.69704922657;0.4572191883913398;-7952147.515257586;7952147.515257586;<;-2737979.54332689;1
31762.0;12047.0;2.636507014194405;0.0;0.0;0.0;0.0;12047.0;180618.0;180618.0;0.04720350823326686;27982.0;0.0;27982.0;3780.0;88.0989862099364;88.0989862099364;3780.0;11.9010137900636;0.0;0.0;0.0;0.0;5075.0;42.1266705403835;0.0;0.0;0.0;0.0;0.0;0.0;0.0;0.0;0.0;0.0;55.0;0.4565451979745995;0.0;0.0;0.0;0.0;0.0;0.0;0.0;0.0;0.0;0.0;3243.0;26.919565036938657;0.0;0.0;0.0;0.0;0.0;0.0;0.0;0.0;137527.0;76.14246642084399;137527.0;76.14246642084399;0.0;0.0;0.0;0.0;0.0;0.0;0.0;0.0;760.0;0.4207775526248768;0.0;0.0;0.0;0.0;0.0;0.0;0.0;0.0;0.0;0.0;34983.0;19.368501478257983;0.0;0.0;0.0;0.0;0.0;0.0;-1.0;1.0;0.9249022799499497;0.38020490862610556;1.0;0.0;3.7548860025025195;2.0;6782.0;3.7548860025025195;-1.0;1000.0;20.69951514388263;139.31092283530572;1000.0;0.0;5.783640828663182;3.0;1837.0;5.783640828663182;0.0;14.0;1.2471154644309788;1.1923547047933125;14.0;0.0;0.0;13.0;0.0;0.0;2.0;120.0;14.99277828505022;19.602610459409274;0.0;11.0;0.0;6.046042095752652;4385.0;5334.0;8414.0;11035.0;11627.0;12047.0;12047.0;12047.0;12047.0;36.39910351124762;44.27658338175479;69.84311446833237;91.59956835726737;96.51365485183034;100.0;100.0;100.0;100.0;7690.0;6805.0;3633.0;1012.0;420.0;0.0;0.0;0.0;0.0;0.0;0.0;63.83331949863037;56.48709222212999;30.156885531667637;8.40043164273263;3.4863451481696686;0.0;0.0;0.0;0.0;0.0;0.0;3780.0;31034.0;31762.0;31762.0;31762.0;31762.0;31762.0;31762.0;31762.0;11.9010137900636;97.70795289969145;100.0;100.0;100.0;100.0;100.0;100.0;100.0;27982.0;3531.0;0.0;0.0;0.0;0.0;0.0;0.0;0.0;0.0;0.0;88.0989862099364;11.117058119765758;0.0;0.0;0.0;0.0;0.0;0.0;0.0;0.0;0.0;neos-933966;12;1603;0.050469;1548;0.055321;MIR;26068;-31.673480697360187;31.673480697360187;97.43137327795522;97.43137327795522;0.3250850278688068;-4910.13108669043;4910.13108669043;<;-1654.840620606824;1
31762.0;12047.0;2.636507014194405;0.0;0.0;0.0;0.0;12047.0;180618.0;180618.0;0.04720350823326686;27982.0;0.0;27982.0;3780.0;88.0989862099364;88.0989862099364;3780.0;11.9010137900636;0.0;0.0;0.0;0.0;5075.0;42.1266705403835;0.0;0.0;0.0;0.0;0.0;0.0;0.0;0.0;0.0;0.0;55.0;0.4565451979745995;0.0;0.0;0.0;0.0;0.0;0.0;0.0;0.0;0.0;0.0;3243.0;26.919565036938657;0.0;0.0;0.0;0.0;0.0;0.0;0.0;0.0;137527.0;76.14246642084399;137527.0;76.14246642084399;0.0;0.0;0.0;0.0;0.0;0.0;0.0;0.0;760.0;0.4207775526248768;0.0;0.0;0.0;0.0;0.0;0.0;0.0;0.0;0.0;0.0;34983.0;19.368501478257983;0.0;0.0;0.0;0.0;0.0;0.0;-1.0;1.0;0.9249022799499497;0.38020490862610556;1.0;0.0;3.7548860025025195;2.0;6782.0;3.7548860025025195;-1.0;1000.0;20.69951514388263;139.31092283530572;1000.0;0.0;5.783640828663182;3.0;1837.0;5.783640828663182;0.0;14.0;1.2471154644309788;1.1923547047933125;14.0;0.0;0.0;13.0;0.0;0.0;2.0;120.0;14.99277828505022;19.602610459409274;0.0;11.0;0.0;6.046042095752652;4385.0;5334.0;8414.0;11035.0;11627.0;12047.0;12047.0;12047.0;12047.0;36.39910351124762;44.27658338175479;69.84311446833237;91.59956835726737;96.51365485183034;100.0;100.0;100.0;100.0;7690.0;6805.0;3633.0;1012.0;420.0;0.0;0.0;0.0;0.0;0.0;0.0;63.83331949863037;56.48709222212999;30.156885531667637;8.40043164273263;3.4863451481696686;0.0;0.0;0.0;0.0;0.0;0.0;3780.0;31034.0;31762.0;31762.0;31762.0;31762.0;31762.0;31762.0;31762.0;11.9010137900636;97.70795289969145;100.0;100.0;100.0;100.0;100.0;100.0;100.0;27982.0;3531.0;0.0;0.0;0.0;0.0;0.0;0.0;0.0;0.0;0.0;88.0989862099364;11.117058119765758;0.0;0.0;0.0;0.0;0.0;0.0;0.0;0.0;0.0;neos-933966;12;1603;0.050469;1548;0.055321;MIR;26068;-329476.17632390786;329476.17632390786;1013540.5339452813;1013540.5339452813;0.3250744941017776;-51074452.206575766;51074452.206575766;<;-17208266.2097959;1
31762.0;12047.0;2.636507014194405;0.0;0.0;0.0;0.0;12047.0;180618.0;180618.0;0.04720350823326686;27982.0;0.0;27982.0;3780.0;88.0989862099364;88.0989862099364;3780.0;11.9010137900636;0.0;0.0;0.0;0.0;5075.0;42.1266705403835;0.0;0.0;0.0;0.0;0.0;0.0;0.0;0.0;0.0;0.0;55.0;0.4565451979745995;0.0;0.0;0.0;0.0;0.0;0.0;0.0;0.0;0.0;0.0;3243.0;26.919565036938657;0.0;0.0;0.0;0.0;0.0;0.0;0.0;0.0;137527.0;76.14246642084399;137527.0;76.14246642084399;0.0;0.0;0.0;0.0;0.0;0.0;0.0;0.0;760.0;0.4207775526248768;0.0;0.0;0.0;0.0;0.0;0.0;0.0;0.0;0.0;0.0;34983.0;19.368501478257983;0.0;0.0;0.0;0.0;0.0;0.0;-1.0;1.0;0.9249022799499497;0.38020490862610556;1.0;0.0;3.7548860025025195;2.0;6782.0;3.7548860025025195;-1.0;1000.0;20.69951514388263;139.31092283530572;1000.0;0.0;5.783640828663182;3.0;1837.0;5.783640828663182;0.0;14.0;1.2471154644309788;1.1923547047933125;14.0;0.0;0.0;13.0;0.0;0.0;2.0;120.0;14.99277828505022;19.602610459409274;0.0;11.0;0.0;6.046042095752652;4385.0;5334.0;8414.0;11035.0;11627.0;12047.0;12047.0;12047.0;12047.0;36.39910351124762;44.27658338175479;69.84311446833237;91.59956835726737;96.51365485183034;100.0;100.0;100.0;100.0;7690.0;6805.0;3633.0;1012.0;420.0;0.0;0.0;0.0;0.0;0.0;0.0;63.83331949863037;56.48709222212999;30.156885531667637;8.40043164273263;3.4863451481696686;0.0;0.0;0.0;0.0;0.0;0.0;3780.0;31034.0;31762.0;31762.0;31762.0;31762.0;31762.0;31762.0;31762.0;11.9010137900636;97.70795289969145;100.0;100.0;100.0;100.0;100.0;100.0;100.0;27982.0;3531.0;0.0;0.0;0.0;0.0;0.0;0.0;0.0;0.0;0.0;88.0989862099364;11.117058119765758;0.0;0.0;0.0;0.0;0.0;0.0;0.0;0.0;0.0;neos-933966;12;1603;0.050469;1548;0.055321;MIR;25427;-19241.241908660722;19241.241908660722;58922.49989873449;58922.49989873449;0.3265516897913216;-3772607.6688940525;3772607.6688940525;<;-1356466.2898198958;1
31762.0;12047.0;2.636507014194405;0.0;0.0;0.0;0.0;12047.0;180618.0;180618.0;0.04720350823326686;27982.0;0.0;27982.0;3780.0;88.0989862099364;88.0989862099364;3780.0;11.9010137900636;0.0;0.0;0.0;0.0;5075.0;42.1266705403835;0.0;0.0;0.0;0.0;0.0;0.0;0.0;0.0;0.0;0.0;55.0;0.4565451979745995;0.0;0.0;0.0;0.0;0.0;0.0;0.0;0.0;0.0;0.0;3243.0;26.919565036938657;0.0;0.0;0.0;0.0;0.0;0.0;0.0;0.0;137527.0;76.14246642084399;137527.0;76.14246642084399;0.0;0.0;0.0;0.0;0.0;0.0;0.0;0.0;760.0;0.4207775526248768;0.0;0.0;0.0;0.0;0.0;0.0;0.0;0.0;0.0;0.0;34983.0;19.368501478257983;0.0;0.0;0.0;0.0;0.0;0.0;-1.0;1.0;0.9249022799499497;0.38020490862610556;1.0;0.0;3.7548860025025195;2.0;6782.0;3.7548860025025195;-1.0;1000.0;20.69951514388263;139.31092283530572;1000.0;0.0;5.783640828663182;3.0;1837.0;5.783640828663182;0.0;14.0;1.2471154644309788;1.1923547047933125;14.0;0.0;0.0;13.0;0.0;0.0;2.0;120.0;14.99277828505022;19.602610459409274;0.0;11.0;0.0;6.046042095752652;4385.0;5334.0;8414.0;11035.0;11627.0;12047.0;12047.0;12047.0;12047.0;36.39910351124762;44.27658338175479;69.84311446833237;91.59956835726737;96.51365485183034;100.0;100.0;100.0;100.0;7690.0;6805.0;3633.0;1012.0;420.0;0.0;0.0;0.0;0.0;0.0;0.0;63.83331949863037;56.48709222212999;30.156885531667637;8.40043164273263;3.4863451481696686;0.0;0.0;0.0;0.0;0.0;0.0;3780.0;31034.0;31762.0;31762.0;31762.0;31762.0;31762.0;31762.0;31762.0;11.9010137900636;97.70795289969145;100.0;100.0;100.0;100.0;100.0;100.0;100.0;27982.0;3531.0;0.0;0.0;0.0;0.0;0.0;0.0;0.0;0.0;0.0;88.0989862099364;11.117058119765758;0.0;0.0;0.0;0.0;0.0;0.0;0.0;0.0;0.0;neos-933966;12;1603;0.050469;1548;0.055321;MIR;25415;-2797.194392940162;2797.194392940162;6791.218304295295;6791.218304295295;0.4118840342933754;-445989.5654408226;445989.5654408226;<;-159322.41676458856;1
31762.0;12047.0;2.636507014194405;0.0;0.0;0.0;0.0;12047.0;180618.0;180618.0;0.04720350823326686;27982.0;0.0;27982.0;3780.0;88.0989862099364;88.0989862099364;3780.0;11.9010137900636;0.0;0.0;0.0;0.0;5075.0;42.1266705403835;0.0;0.0;0.0;0.0;0.0;0.0;0.0;0.0;0.0;0.0;55.0;0.4565451979745995;0.0;0.0;0.0;0.0;0.0;0.0;0.0;0.0;0.0;0.0;3243.0;26.919565036938657;0.0;0.0;0.0;0.0;0.0;0.0;0.0;0.0;137527.0;76.14246642084399;137527.0;76.14246642084399;0.0;0.0;0.0;0.0;0.0;0.0;0.0;0.0;760.0;0.4207775526248768;0.0;0.0;0.0;0.0;0.0;0.0;0.0;0.0;0.0;0.0;34983.0;19.368501478257983;0.0;0.0;0.0;0.0;0.0;0.0;-1.0;1.0;0.9249022799499497;0.38020490862610556;1.0;0.0;3.7548860025025195;2.0;6782.0;3.7548860025025195;-1.0;1000.0;20.69951514388263;139.31092283530572;1000.0;0.0;5.783640828663182;3.0;1837.0;5.783640828663182;0.0;14.0;1.2471154644309788;1.1923547047933125;14.0;0.0;0.0;13.0;0.0;0.0;2.0;120.0;14.99277828505022;19.602610459409274;0.0;11.0;0.0;6.046042095752652;4385.0;5334.0;8414.0;11035.0;11627.0;12047.0;12047.0;12047.0;12047.0;36.39910351124762;44.27658338175479;69.84311446833237;91.59956835726737;96.51365485183034;100.0;100.0;100.0;100.0;7690.0;6805.0;3633.0;1012.0;420.0;0.0;0.0;0.0;0.0;0.0;0.0;63.83331949863037;56.48709222212999;30.156885531667637;8.40043164273263;3.4863451481696686;0.0;0.0;0.0;0.0;0.0;0.0;3780.0;31034.0;31762.0;31762.0;31762.0;31762.0;31762.0;31762.0;31762.0;11.9010137900636;97.70795289969145;100.0;100.0;100.0;100.0;100.0;100.0;100.0;27982.0;3531.0;0.0;0.0;0.0;0.0;0.0;0.0;0.0;0.0;0.0;88.0989862099364;11.117058119765758;0.0;0.0;0.0;0.0;0.0;0.0;0.0;0.0;0.0;neos-933966;12;1603;0.050469;1548;0.055321;MIR;25414;-73235.98825669859;73235.98825669859;177806.13228670837;177806.13228670837;0.411886740433717;-11677116.54388976;11677116.54388976;<;-4171856.4387299484;1
31762.0;12047.0;2.636507014194405;0.0;0.0;0.0;0.0;12047.0;180618.0;180618.0;0.04720350823326686;27982.0;0.0;27982.0;3780.0;88.0989862099364;88.0989862099364;3780.0;11.9010137900636;0.0;0.0;0.0;0.0;5075.0;42.1266705403835;0.0;0.0;0.0;0.0;0.0;0.0;0.0;0.0;0.0;0.0;55.0;0.4565451979745995;0.0;0.0;0.0;0.0;0.0;0.0;0.0;0.0;0.0;0.0;3243.0;26.919565036938657;0.0;0.0;0.0;0.0;0.0;0.0;0.0;0.0;137527.0;76.14246642084399;137527.0;76.14246642084399;0.0;0.0;0.0;0.0;0.0;0.0;0.0;0.0;760.0;0.4207775526248768;0.0;0.0;0.0;0.0;0.0;0.0;0.0;0.0;0.0;0.0;34983.0;19.368501478257983;0.0;0.0;0.0;0.0;0.0;0.0;-1.0;1.0;0.9249022799499497;0.38020490862610556;1.0;0.0;3.7548860025025195;2.0;6782.0;3.7548860025025195;-1.0;1000.0;20.69951514388263;139.31092283530572;1000.0;0.0;5.783640828663182;3.0;1837.0;5.783640828663182;0.0;14.0;1.2471154644309788;1.1923547047933125;14.0;0.0;0.0;13.0;0.0;0.0;2.0;120.0;14.99277828505022;19.602610459409274;0.0;11.0;0.0;6.046042095752652;4385.0;5334.0;8414.0;11035.0;11627.0;12047.0;12047.0;12047.0;12047.0;36.39910351124762;44.27658338175479;69.84311446833237;91.59956835726737;96.51365485183034;100.0;100.0;100.0;100.0;7690.0;6805.0;3633.0;1012.0;420.0;0.0;0.0;0.0;0.0;0.0;0.0;63.83331949863037;56.48709222212999;30.156885531667637;8.40043164273263;3.4863451481696686;0.0;0.0;0.0;0.0;0.0;0.0;3780.0;31034.0;31762.0;31762.0;31762.0;31762.0;31762.0;31762.0;31762.0;11.9010137900636;97.70795289969145;100.0;100.0;100.0;100.0;100.0;100.0;100.0;27982.0;3531.0;0.0;0.0;0.0;0.0;0.0;0.0;0.0;0.0;0.0;88.0989862099364;11.117058119765758;0.0;0.0;0.0;0.0;0.0;0.0;0.0;0.0;0.0;neos-933966;12;1603;0.050469;1548;0.055321;MIR;25651;-57802.779713822005;57802.779713822005;152882.42999434177;152882.42999434177;0.3780864793682394;-10048643.14356276;10048643.14356276;<;-3587217.0784758236;1
31762.0;12047.0;2.636507014194405;0.0;0.0;0.0;0.0;12047.0;180618.0;180618.0;0.04720350823326686;27982.0;0.0;27982.0;3780.0;88.0989862099364;88.0989862099364;3780.0;11.9010137900636;0.0;0.0;0.0;0.0;5075.0;42.1266705403835;0.0;0.0;0.0;0.0;0.0;0.0;0.0;0.0;0.0;0.0;55.0;0.4565451979745995;0.0;0.0;0.0;0.0;0.0;0.0;0.0;0.0;0.0;0.0;3243.0;26.919565036938657;0.0;0.0;0.0;0.0;0.0;0.0;0.0;0.0;137527.0;76.14246642084399;137527.0;76.14246642084399;0.0;0.0;0.0;0.0;0.0;0.0;0.0;0.0;760.0;0.4207775526248768;0.0;0.0;0.0;0.0;0.0;0.0;0.0;0.0;0.0;0.0;34983.0;19.368501478257983;0.0;0.0;0.0;0.0;0.0;0.0;-1.0;1.0;0.9249022799499497;0.38020490862610556;1.0;0.0;3.7548860025025195;2.0;6782.0;3.7548860025025195;-1.0;1000.0;20.69951514388263;139.31092283530572;1000.0;0.0;5.783640828663182;3.0;1837.0;5.783640828663182;0.0;14.0;1.2471154644309788;1.1923547047933125;14.0;0.0;0.0;13.0;0.0;0.0;2.0;120.0;14.99277828505022;19.602610459409274;0.0;11.0;0.0;6.046042095752652;4385.0;5334.0;8414.0;11035.0;11627.0;12047.0;12047.0;12047.0;12047.0;36.39910351124762;44.27658338175479;69.84311446833237;91.59956835726737;96.51365485183034;100.0;100.0;100.0;100.0;7690.0;6805.0;3633.0;1012.0;420.0;0.0;0.0;0.0;0.0;0.0;0.0;63.83331949863037;56.48709222212999;30.156885531667637;8.40043164273263;3.4863451481696686;0.0;0.0;0.0;0.0;0.0;0.0;3780.0;31034.0;31762.0;31762.0;31762.0;31762.0;31762.0;31762.0;31762.0;11.9010137900636;97.70795289969145;100.0;100.0;100.0;100.0;100.0;100.0;100.0;27982.0;3531.0;0.0;0.0;0.0;0.0;0.0;0.0;0.0;0.0;0.0;88.0989862099364;11.117058119765758;0.0;0.0;0.0;0.0;0.0;0.0;0.0;0.0;0.0;neos-933966;12;1603;0.050469;1548;0.055321;MIR;25647;-4301.889640673576;4301.889640673576;10269.120150364008;10269.120150364008;0.4189151142146377;-802896.1936333164;802896.1936333164;<;-285275.6623510023;1
31762.0;12047.0;2.636507014194405;0.0;0.0;0.0;0.0;12047.0;180618.0;180618.0;0.04720350823326686;27982.0;0.0;27982.0;3780.0;88.0989862099364;88.0989862099364;3780.0;11.9010137900636;0.0;0.0;0.0;0.0;5075.0;42.1266705403835;0.0;0.0;0.0;0.0;0.0;0.0;0.0;0.0;0.0;0.0;55.0;0.4565451979745995;0.0;0.0;0.0;0.0;0.0;0.0;0.0;0.0;0.0;0.0;3243.0;26.919565036938657;0.0;0.0;0.0;0.0;0.0;0.0;0.0;0.0;137527.0;76.14246642084399;137527.0;76.14246642084399;0.0;0.0;0.0;0.0;0.0;0.0;0.0;0.0;760.0;0.4207775526248768;0.0;0.0;0.0;0.0;0.0;0.0;0.0;0.0;0.0;0.0;34983.0;19.368501478257983;0.0;0.0;0.0;0.0;0.0;0.0;-1.0;1.0;0.9249022799499497;0.38020490862610556;1.0;0.0;3.7548860025025195;2.0;6782.0;3.7548860025025195;-1.0;1000.0;20.69951514388263;139.31092283530572;1000.0;0.0;5.783640828663182;3.0;1837.0;5.783640828663182;0.0;14.0;1.2471154644309788;1.1923547047933125;14.0;0.0;0.0;13.0;0.0;0.0;2.0;120.0;14.99277828505022;19.602610459409274;0.0;11.0;0.0;6.046042095752652;4385.0;5334.0;8414.0;11035.0;11627.0;12047.0;12047.0;12047.0;12047.0;36.39910351124762;44.27658338175479;69.84311446833237;91.59956835726737;96.51365485183034;100.0;100.0;100.0;100.0;7690.0;6805.0;3633.0;1012.0;420.0;0.0;0.0;0.0;0.0;0.0;0.0;63.83331949863037;56.48709222212999;30.156885531667637;8.40043164273263;3.4863451481696686;0.0;0.0;0.0;0.0;0.0;0.0;3780.0;31034.0;31762.0;31762.0;31762.0;31762.0;31762.0;31762.0;31762.0;11.9010137900636;97.70795289969145;100.0;100.0;100.0;100.0;100.0;100.0;100.0;27982.0;3531.0;0.0;0.0;0.0;0.0;0.0;0.0;0.0;0.0;0.0;88.0989862099364;11.117058119765758;0.0;0.0;0.0;0.0;0.0;0.0;0.0;0.0;0.0;neos-933966;12;1603;0.050469;1548;0.055321;MIR;25577;-5763.256961639912;5763.256961639912;13756.676243775397;13756.676243775397;0.4189425453875651;-1075862.8120528935;1075862.8120528935;<;-382664.8178265637;1
31762.0;12047.0;2.636507014194405;0.0;0.0;0.0;0.0;12047.0;180618.0;180618.0;0.04720350823326686;27982.0;0.0;27982.0;3780.0;88.0989862099364;88.0989862099364;3780.0;11.9010137900636;0.0;0.0;0.0;0.0;5075.0;42.1266705403835;0.0;0.0;0.0;0.0;0.0;0.0;0.0;0.0;0.0;0.0;55.0;0.4565451979745995;0.0;0.0;0.0;0.0;0.0;0.0;0.0;0.0;0.0;0.0;3243.0;26.919565036938657;0.0;0.0;0.0;0.0;0.0;0.0;0.0;0.0;137527.0;76.14246642084399;137527.0;76.14246642084399;0.0;0.0;0.0;0.0;0.0;0.0;0.0;0.0;760.0;0.4207775526248768;0.0;0.0;0.0;0.0;0.0;0.0;0.0;0.0;0.0;0.0;34983.0;19.368501478257983;0.0;0.0;0.0;0.0;0.0;0.0;-1.0;1.0;0.9249022799499497;0.38020490862610556;1.0;0.0;3.7548860025025195;2.0;6782.0;3.7548860025025195;-1.0;1000.0;20.69951514388263;139.31092283530572;1000.0;0.0;5.783640828663182;3.0;1837.0;5.783640828663182;0.0;14.0;1.2471154644309788;1.1923547047933125;14.0;0.0;0.0;13.0;0.0;0.0;2.0;120.0;14.99277828505022;19.602610459409274;0.0;11.0;0.0;6.046042095752652;4385.0;5334.0;8414.0;11035.0;11627.0;12047.0;12047.0;12047.0;12047.0;36.39910351124762;44.27658338175479;69.84311446833237;91.59956835726737;96.51365485183034;100.0;100.0;100.0;100.0;7690.0;6805.0;3633.0;1012.0;420.0;0.0;0.0;0.0;0.0;0.0;0.0;63.83331949863037;56.48709222212999;30.156885531667637;8.40043164273263;3.4863451481696686;0.0;0.0;0.0;0.0;0.0;0.0;3780.0;31034.0;31762.0;31762.0;31762.0;31762.0;31762.0;31762.0;31762.0;11.9010137900636;97.70795289969145;100.0;100.0;100.0;100.0;100.0;100.0;100.0;27982.0;3531.0;0.0;0.0;0.0;0.0;0.0;0.0;0.0;0.0;0.0;88.0989862099364;11.117058119765758;0.0;0.0;0.0;0.0;0.0;0.0;0.0;0.0;0.0;neos-933966;12;1603;0.050469;1548;0.055321;MIR;25497;-28617.24727647258;28617.24727647258;85121.09837874588;85121.09837874588;0.3361945254646537;-5323382.226632422;5323382.226632422;<;-1899121.2924202634;1
31762.0;12047.0;2.636507014194405;0.0;0.0;0.0;0.0;12047.0;180618.0;180618.0;0.04720350823326686;27982.0;0.0;27982.0;3780.0;88.0989862099364;88.0989862099364;3780.0;11.9010137900636;0.0;0.0;0.0;0.0;5075.0;42.1266705403835;0.0;0.0;0.0;0.0;0.0;0.0;0.0;0.0;0.0;0.0;55.0;0.4565451979745995;0.0;0.0;0.0;0.0;0.0;0.0;0.0;0.0;0.0;0.0;3243.0;26.919565036938657;0.0;0.0;0.0;0.0;0.0;0.0;0.0;0.0;137527.0;76.14246642084399;137527.0;76.14246642084399;0.0;0.0;0.0;0.0;0.0;0.0;0.0;0.0;760.0;0.4207775526248768;0.0;0.0;0.0;0.0;0.0;0.0;0.0;0.0;0.0;0.0;34983.0;19.368501478257983;0.0;0.0;0.0;0.0;0.0;0.0;-1.0;1.0;0.9249022799499497;0.38020490862610556;1.0;0.0;3.7548860025025195;2.0;6782.0;3.7548860025025195;-1.0;1000.0;20.69951514388263;139.31092283530572;1000.0;0.0;5.783640828663182;3.0;1837.0;5.783640828663182;0.0;14.0;1.2471154644309788;1.1923547047933125;14.0;0.0;0.0;13.0;0.0;0.0;2.0;120.0;14.99277828505022;19.602610459409274;0.0;11.0;0.0;6.046042095752652;4385.0;5334.0;8414.0;11035.0;11627.0;12047.0;12047.0;12047.0;12047.0;36.39910351124762;44.27658338175479;69.84311446833237;91.59956835726737;96.51365485183034;100.0;100.0;100.0;100.0;7690.0;6805.0;3633.0;1012.0;420.0;0.0;0.0;0.0;0.0;0.0;0.0;63.83331949863037;56.48709222212999;30.156885531667637;8.40043164273263;3.4863451481696686;0.0;0.0;0.0;0.0;0.0;0.0;3780.0;31034.0;31762.0;31762.0;31762.0;31762.0;31762.0;31762.0;31762.0;11.9010137900636;97.70795289969145;100.0;100.0;100.0;100.0;100.0;100.0;100.0;27982.0;3531.0;0.0;0.0;0.0;0.0;0.0;0.0;0.0;0.0;0.0;88.0989862099364;11.117058119765758;0.0;0.0;0.0;0.0;0.0;0.0;0.0;0.0;0.0;neos-933966;12;1603;0.050469;1548;0.055321;MIR;25497;-91800.0381885776;91800.0381885776;273055.78828531574;273055.78828531574;0.3361951737593485;-17076885.144613992;17076885.144613992;<;-6092600.35812176;1
31762.0;12047.0;2.636507014194405;0.0;0.0;0.0;0.0;12047.0;180618.0;180618.0;0.04720350823326686;27982.0;0.0;27982.0;3780.0;88.0989862099364;88.0989862099364;3780.0;11.9010137900636;0.0;0.0;0.0;0.0;5075.0;42.1266705403835;0.0;0.0;0.0;0.0;0.0;0.0;0.0;0.0;0.0;0.0;55.0;0.4565451979745995;0.0;0.0;0.0;0.0;0.0;0.0;0.0;0.0;0.0;0.0;3243.0;26.919565036938657;0.0;0.0;0.0;0.0;0.0;0.0;0.0;0.0;137527.0;76.14246642084399;137527.0;76.14246642084399;0.0;0.0;0.0;0.0;0.0;0.0;0.0;0.0;760.0;0.4207775526248768;0.0;0.0;0.0;0.0;0.0;0.0;0.0;0.0;0.0;0.0;34983.0;19.368501478257983;0.0;0.0;0.0;0.0;0.0;0.0;-1.0;1.0;0.9249022799499497;0.38020490862610556;1.0;0.0;3.7548860025025195;2.0;6782.0;3.7548860025025195;-1.0;1000.0;20.69951514388263;139.31092283530572;1000.0;0.0;5.783640828663182;3.0;1837.0;5.783640828663182;0.0;14.0;1.2471154644309788;1.1923547047933125;14.0;0.0;0.0;13.0;0.0;0.0;2.0;120.0;14.99277828505022;19.602610459409274;0.0;11.0;0.0;6.046042095752652;4385.0;5334.0;8414.0;11035.0;11627.0;12047.0;12047.0;12047.0;12047.0;36.39910351124762;44.27658338175479;69.84311446833237;91.59956835726737;96.51365485183034;100.0;100.0;100.0;100.0;7690.0;6805.0;3633.0;1012.0;420.0;0.0;0.0;0.0;0.0;0.0;0.0;63.83331949863037;56.48709222212999;30.156885531667637;8.40043164273263;3.4863451481696686;0.0;0.0;0.0;0.0;0.0;0.0;3780.0;31034.0;31762.0;31762.0;31762.0;31762.0;31762.0;31762.0;31762.0;11.9010137900636;97.70795289969145;100.0;100.0;100.0;100.0;100.0;100.0;100.0;27982.0;3531.0;0.0;0.0;0.0;0.0;0.0;0.0;0.0;0.0;0.0;88.0989862099364;11.117058119765758;0.0;0.0;0.0;0.0;0.0;0.0;0.0;0.0;0.0;neos-933966;12;1603;0.050469;1548;0.055321;MIR;25385;-48845.39199582597;48845.39199582597;131860.19634232073;131860.19634232073;0.3704331811323791;-8812202.00240152;8812202.00240152;<;-3013687.067898445;1
31762.0;12047.0;2.636507014194405;0.0;0.0;0.0;0.0;12047.0;180618.0;180618.0;0.04720350823326686;27982.0;0.0;27982.0;3780.0;88.0989862099364;88.0989862099364;3780.0;11.9010137900636;0.0;0.0;0.0;0.0;5075.0;42.1266705403835;0.0;0.0;0.0;0.0;0.0;0.0;0.0;0.0;0.0;0.0;55.0;0.4565451979745995;0.0;0.0;0.0;0.0;0.0;0.0;0.0;0.0;0.0;0.0;3243.0;26.919565036938657;0.0;0.0;0.0;0.0;0.0;0.0;0.0;0.0;137527.0;76.14246642084399;137527.0;76.14246642084399;0.0;0.0;0.0;0.0;0.0;0.0;0.0;0.0;760.0;0.4207775526248768;0.0;0.0;0.0;0.0;0.0;0.0;0.0;0.0;0.0;0.0;34983.0;19.368501478257983;0.0;0.0;0.0;0.0;0.0;0.0;-1.0;1.0;0.9249022799499497;0.38020490862610556;1.0;0.0;3.7548860025025195;2.0;6782.0;3.7548860025025195;-1.0;1000.0;20.69951514388263;139.31092283530572;1000.0;0.0;5.783640828663182;3.0;1837.0;5.783640828663182;0.0;14.0;1.2471154644309788;1.1923547047933125;14.0;0.0;0.0;13.0;0.0;0.0;2.0;120.0;14.99277828505022;19.602610459409274;0.0;11.0;0.0;6.046042095752652;4385.0;5334.0;8414.0;11035.0;11627.0;12047.0;12047.0;12047.0;12047.0;36.39910351124762;44.27658338175479;69.84311446833237;91.59956835726737;96.51365485183034;100.0;100.0;100.0;100.0;7690.0;6805.0;3633.0;1012.0;420.0;0.0;0.0;0.0;0.0;0.0;0.0;63.83331949863037;56.48709222212999;30.156885531667637;8.40043164273263;3.4863451481696686;0.0;0.0;0.0;0.0;0.0;0.0;3780.0;31034.0;31762.0;31762.0;31762.0;31762.0;31762.0;31762.0;31762.0;11.9010137900636;97.70795289969145;100.0;100.0;100.0;100.0;100.0;100.0;100.0;27982.0;3531.0;0.0;0.0;0.0;0.0;0.0;0.0;0.0;0.0;0.0;88.0989862099364;11.117058119765758;0.0;0.0;0.0;0.0;0.0;0.0;0.0;0.0;0.0;neos-933966;12;1603;0.050469;1548;0.055321;MIR;25385;-37931.47608142367;37931.47608142367;102396.51337339623;102396.51337339623;0.370437184155908;-6843455.804590899;6843455.804590899;<;-2340799.508691282;1
31762.0;12047.0;2.636507014194405;0.0;0.0;0.0;0.0;12047.0;180618.0;180618.0;0.04720350823326686;27982.0;0.0;27982.0;3780.0;88.0989862099364;88.0989862099364;3780.0;11.9010137900636;0.0;0.0;0.0;0.0;5075.0;42.1266705403835;0.0;0.0;0.0;0.0;0.0;0.0;0.0;0.0;0.0;0.0;55.0;0.4565451979745995;0.0;0.0;0.0;0.0;0.0;0.0;0.0;0.0;0.0;0.0;3243.0;26.919565036938657;0.0;0.0;0.0;0.0;0.0;0.0;0.0;0.0;137527.0;76.14246642084399;137527.0;76.14246642084399;0.0;0.0;0.0;0.0;0.0;0.0;0.0;0.0;760.0;0.4207775526248768;0.0;0.0;0.0;0.0;0.0;0.0;0.0;0.0;0.0;0.0;34983.0;19.368501478257983;0.0;0.0;0.0;0.0;0.0;0.0;-1.0;1.0;0.9249022799499497;0.38020490862610556;1.0;0.0;3.7548860025025195;2.0;6782.0;3.7548860025025195;-1.0;1000.0;20.69951514388263;139.31092283530572;1000.0;0.0;5.783640828663182;3.0;1837.0;5.783640828663182;0.0;14.0;1.2471154644309788;1.1923547047933125;14.0;0.0;0.0;13.0;0.0;0.0;2.0;120.0;14.99277828505022;19.602610459409274;0.0;11.0;0.0;6.046042095752652;4385.0;5334.0;8414.0;11035.0;11627.0;12047.0;12047.0;12047.0;12047.0;36.39910351124762;44.27658338175479;69.84311446833237;91.59956835726737;96.51365485183034;100.0;100.0;100.0;100.0;7690.0;6805.0;3633.0;1012.0;420.0;0.0;0.0;0.0;0.0;0.0;0.0;63.83331949863037;56.48709222212999;30.156885531667637;8.40043164273263;3.4863451481696686;0.0;0.0;0.0;0.0;0.0;0.0;3780.0;31034.0;31762.0;31762.0;31762.0;31762.0;31762.0;31762.0;31762.0;11.9010137900636;97.70795289969145;100.0;100.0;100.0;100.0;100.0;100.0;100.0;27982.0;3531.0;0.0;0.0;0.0;0.0;0.0;0.0;0.0;0.0;0.0;88.0989862099364;11.117058119765758;0.0;0.0;0.0;0.0;0.0;0.0;0.0;0.0;0.0;neos-933966;14;1656;0.052138;1608;0.057466;RED_SPLIT;26086;-19.53563810115372;19.53563810115372;49.492868193440835;49.492868193440835;0.39471622506902376;-3523.4289237920752;3523.4289237920752;<;-1229.8178724707013;1
31762.0;12047.0;2.636507014194405;0.0;0.0;0.0;0.0;12047.0;180618.0;180618.0;0.04720350823326686;27982.0;0.0;27982.0;3780.0;88.0989862099364;88.0989862099364;3780.0;11.9010137900636;0.0;0.0;0.0;0.0;5075.0;42.1266705403835;0.0;0.0;0.0;0.0;0.0;0.0;0.0;0.0;0.0;0.0;55.0;0.4565451979745995;0.0;0.0;0.0;0.0;0.0;0.0;0.0;0.0;0.0;0.0;3243.0;26.919565036938657;0.0;0.0;0.0;0.0;0.0;0.0;0.0;0.0;137527.0;76.14246642084399;137527.0;76.14246642084399;0.0;0.0;0.0;0.0;0.0;0.0;0.0;0.0;760.0;0.4207775526248768;0.0;0.0;0.0;0.0;0.0;0.0;0.0;0.0;0.0;0.0;34983.0;19.368501478257983;0.0;0.0;0.0;0.0;0.0;0.0;-1.0;1.0;0.9249022799499497;0.38020490862610556;1.0;0.0;3.7548860025025195;2.0;6782.0;3.7548860025025195;-1.0;1000.0;20.69951514388263;139.31092283530572;1000.0;0.0;5.783640828663182;3.0;1837.0;5.783640828663182;0.0;14.0;1.2471154644309788;1.1923547047933125;14.0;0.0;0.0;13.0;0.0;0.0;2.0;120.0;14.99277828505022;19.602610459409274;0.0;11.0;0.0;6.046042095752652;4385.0;5334.0;8414.0;11035.0;11627.0;12047.0;12047.0;12047.0;12047.0;36.39910351124762;44.27658338175479;69.84311446833237;91.59956835726737;96.51365485183034;100.0;100.0;100.0;100.0;7690.0;6805.0;3633.0;1012.0;420.0;0.0;0.0;0.0;0.0;0.0;0.0;63.83331949863037;56.48709222212999;30.156885531667637;8.40043164273263;3.4863451481696686;0.0;0.0;0.0;0.0;0.0;0.0;3780.0;31034.0;31762.0;31762.0;31762.0;31762.0;31762.0;31762.0;31762.0;11.9010137900636;97.70795289969145;100.0;100.0;100.0;100.0;100.0;100.0;100.0;27982.0;3531.0;0.0;0.0;0.0;0.0;0.0;0.0;0.0;0.0;0.0;88.0989862099364;11.117058119765758;0.0;0.0;0.0;0.0;0.0;0.0;0.0;0.0;0.0;neos-933966;14;1656;0.052138;1608;0.057466;RED_SPLIT;26180;-11.163049936835568;11.163049936835568;26.462826585608294;26.462826585608294;0.421838910545805;-1998.2114044352356;1998.2114044352356;<;-693.9860024168399;1
31762.0;12047.0;2.636507014194405;0.0;0.0;0.0;0.0;12047.0;180618.0;180618.0;0.04720350823326686;27982.0;0.0;27982.0;3780.0;88.0989862099364;88.0989862099364;3780.0;11.9010137900636;0.0;0.0;0.0;0.0;5075.0;42.1266705403835;0.0;0.0;0.0;0.0;0.0;0.0;0.0;0.0;0.0;0.0;55.0;0.4565451979745995;0.0;0.0;0.0;0.0;0.0;0.0;0.0;0.0;0.0;0.0;3243.0;26.919565036938657;0.0;0.0;0.0;0.0;0.0;0.0;0.0;0.0;137527.0;76.14246642084399;137527.0;76.14246642084399;0.0;0.0;0.0;0.0;0.0;0.0;0.0;0.0;760.0;0.4207775526248768;0.0;0.0;0.0;0.0;0.0;0.0;0.0;0.0;0.0;0.0;34983.0;19.368501478257983;0.0;0.0;0.0;0.0;0.0;0.0;-1.0;1.0;0.9249022799499497;0.38020490862610556;1.0;0.0;3.7548860025025195;2.0;6782.0;3.7548860025025195;-1.0;1000.0;20.69951514388263;139.31092283530572;1000.0;0.0;5.783640828663182;3.0;1837.0;5.783640828663182;0.0;14.0;1.2471154644309788;1.1923547047933125;14.0;0.0;0.0;13.0;0.0;0.0;2.0;120.0;14.99277828505022;19.602610459409274;0.0;11.0;0.0;6.046042095752652;4385.0;5334.0;8414.0;11035.0;11627.0;12047.0;12047.0;12047.0;12047.0;36.39910351124762;44.27658338175479;69.84311446833237;91.59956835726737;96.51365485183034;100.0;100.0;100.0;100.0;7690.0;6805.0;3633.0;1012.0;420.0;0.0;0.0;0.0;0.0;0.0;0.0;63.83331949863037;56.48709222212999;30.156885531667637;8.40043164273263;3.4863451481696686;0.0;0.0;0.0;0.0;0.0;0.0;3780.0;31034.0;31762.0;31762.0;31762.0;31762.0;31762.0;31762.0;31762.0;11.9010137900636;97.70795289969145;100.0;100.0;100.0;100.0;100.0;100.0;100.0;27982.0;3531.0;0.0;0.0;0.0;0.0;0.0;0.0;0.0;0.0;0.0;88.0989862099364;11.117058119765758;0.0;0.0;0.0;0.0;0.0;0.0;0.0;0.0;0.0;neos-933966;14;1656;0.052138;1608;0.057466;RED_SPLIT;26146;-6.8773973709887795;6.8773973709887795;17.401564314421805;17.401564314421805;0.395217191209013;-1253.6329210449599;1253.6329210449599;<;-425.94534201877207;1
31762.0;12047.0;2.636507014194405;0.0;0.0;0.0;0.0;12047.0;180618.0;180618.0;0.04720350823326686;27982.0;0.0;27982.0;3780.0;88.0989862099364;88.0989862099364;3780.0;11.9010137900636;0.0;0.0;0.0;0.0;5075.0;42.1266705403835;0.0;0.0;0.0;0.0;0.0;0.0;0.0;0.0;0.0;0.0;55.0;0.4565451979745995;0.0;0.0;0.0;0.0;0.0;0.0;0.0;0.0;0.0;0.0;3243.0;26.919565036938657;0.0;0.0;0.0;0.0;0.0;0.0;0.0;0.0;137527.0;76.14246642084399;137527.0;76.14246642084399;0.0;0.0;0.0;0.0;0.0;0.0;0.0;0.0;760.0;0.4207775526248768;0.0;0.0;0.0;0.0;0.0;0.0;0.0;0.0;0.0;0.0;34983.0;19.368501478257983;0.0;0.0;0.0;0.0;0.0;0.0;-1.0;1.0;0.9249022799499497;0.38020490862610556;1.0;0.0;3.7548860025025195;2.0;6782.0;3.7548860025025195;-1.0;1000.0;20.69951514388263;139.31092283530572;1000.0;0.0;5.783640828663182;3.0;1837.0;5.783640828663182;0.0;14.0;1.2471154644309788;1.1923547047933125;14.0;0.0;0.0;13.0;0.0;0.0;2.0;120.0;14.99277828505022;19.602610459409274;0.0;11.0;0.0;6.046042095752652;4385.0;5334.0;8414.0;11035.0;11627.0;12047.0;12047.0;12047.0;12047.0;36.39910351124762;44.27658338175479;69.84311446833237;91.59956835726737;96.51365485183034;100.0;100.0;100.0;100.0;7690.0;6805.0;3633.0;1012.0;420.0;0.0;0.0;0.0;0.0;0.0;0.0;63.83331949863037;56.48709222212999;30.156885531667637;8.40043164273263;3.4863451481696686;0.0;0.0;0.0;0.0;0.0;0.0;3780.0;31034.0;31762.0;31762.0;31762.0;31762.0;31762.0;31762.0;31762.0;11.9010137900636;97.70795289969145;100.0;100.0;100.0;100.0;100.0;100.0;100.0;27982.0;3531.0;0.0;0.0;0.0;0.0;0.0;0.0;0.0;0.0;0.0;88.0989862099364;11.117058119765758;0.0;0.0;0.0;0.0;0.0;0.0;0.0;0.0;0.0;neos-933966;14;1656;0.052138;1608;0.057466;RED_SPLIT;25963;-8.31952320054711;8.31952320054711;17.957227355838622;17.957227355838622;0.4632966457286679;-1251.441257427226;1251.441257427226;<;-439.5526305587657;1
31762.0;12047.0;2.636507014194405;0.0;0.0;0.0;0.0;12047.0;180618.0;180618.0;0.04720350823326686;27982.0;0.0;27982.0;3780.0;88.0989862099364;88.0989862099364;3780.0;11.9010137900636;0.0;0.0;0.0;0.0;5075.0;42.1266705403835;0.0;0.0;0.0;0.0;0.0;0.0;0.0;0.0;0.0;0.0;55.0;0.4565451979745995;0.0;0.0;0.0;0.0;0.0;0.0;0.0;0.0;0.0;0.0;3243.0;26.919565036938657;0.0;0.0;0.0;0.0;0.0;0.0;0.0;0.0;137527.0;76.14246642084399;137527.0;76.14246642084399;0.0;0.0;0.0;0.0;0.0;0.0;0.0;0.0;760.0;0.4207775526248768;0.0;0.0;0.0;0.0;0.0;0.0;0.0;0.0;0.0;0.0;34983.0;19.368501478257983;0.0;0.0;0.0;0.0;0.0;0.0;-1.0;1.0;0.9249022799499497;0.38020490862610556;1.0;0.0;3.7548860025025195;2.0;6782.0;3.7548860025025195;-1.0;1000.0;20.69951514388263;139.31092283530572;1000.0;0.0;5.783640828663182;3.0;1837.0;5.783640828663182;0.0;14.0;1.2471154644309788;1.1923547047933125;14.0;0.0;0.0;13.0;0.0;0.0;2.0;120.0;14.99277828505022;19.602610459409274;0.0;11.0;0.0;6.046042095752652;4385.0;5334.0;8414.0;11035.0;11627.0;12047.0;12047.0;12047.0;12047.0;36.39910351124762;44.27658338175479;69.84311446833237;91.59956835726737;96.51365485183034;100.0;100.0;100.0;100.0;7690.0;6805.0;3633.0;1012.0;420.0;0.0;0.0;0.0;0.0;0.0;0.0;63.83331949863037;56.48709222212999;30.156885531667637;8.40043164273263;3.4863451481696686;0.0;0.0;0.0;0.0;0.0;0.0;3780.0;31034.0;31762.0;31762.0;31762.0;31762.0;31762.0;31762.0;31762.0;11.9010137900636;97.70795289969145;100.0;100.0;100.0;100.0;100.0;100.0;100.0;27982.0;3531.0;0.0;0.0;0.0;0.0;0.0;0.0;0.0;0.0;0.0;88.0989862099364;11.117058119765758;0.0;0.0;0.0;0.0;0.0;0.0;0.0;0.0;0.0;neos-933966;14;1656;0.052138;1608;0.057466;RED_SPLIT;25976;-7.259354055061836;7.259354055061836;20.78687719365391;20.78687719365391;0.34922773572155735;-1191.5517966793602;1191.5517966793602;<;-426.15252824916126;1
31762.0;12047.0;2.636507014194405;0.0;0.0;0.0;0.0;12047.0;180618.0;180618.0;0.04720350823326686;27982.0;0.0;27982.0;3780.0;88.0989862099364;88.0989862099364;3780.0;11.9010137900636;0.0;0.0;0.0;0.0;5075.0;42.1266705403835;0.0;0.0;0.0;0.0;0.0;0.0;0.0;0.0;0.0;0.0;55.0;0.4565451979745995;0.0;0.0;0.0;0.0;0.0;0.0;0.0;0.0;0.0;0.0;3243.0;26.919565036938657;0.0;0.0;0.0;0.0;0.0;0.0;0.0;0.0;137527.0;76.14246642084399;137527.0;76.14246642084399;0.0;0.0;0.0;0.0;0.0;0.0;0.0;0.0;760.0;0.4207775526248768;0.0;0.0;0.0;0.0;0.0;0.0;0.0;0.0;0.0;0.0;34983.0;19.368501478257983;0.0;0.0;0.0;0.0;0.0;0.0;-1.0;1.0;0.9249022799499497;0.38020490862610556;1.0;0.0;3.7548860025025195;2.0;6782.0;3.7548860025025195;-1.0;1000.0;20.69951514388263;139.31092283530572;1000.0;0.0;5.783640828663182;3.0;1837.0;5.783640828663182;0.0;14.0;1.2471154644309788;1.1923547047933125;14.0;0.0;0.0;13.0;0.0;0.0;2.0;120.0;14.99277828505022;19.602610459409274;0.0;11.0;0.0;6.046042095752652;4385.0;5334.0;8414.0;11035.0;11627.0;12047.0;12047.0;12047.0;12047.0;36.39910351124762;44.27658338175479;69.84311446833237;91.59956835726737;96.51365485183034;100.0;100.0;100.0;100.0;7690.0;6805.0;3633.0;1012.0;420.0;0.0;0.0;0.0;0.0;0.0;0.0;63.83331949863037;56.48709222212999;30.156885531667637;8.40043164273263;3.4863451481696686;0.0;0.0;0.0;0.0;0.0;0.0;3780.0;31034.0;31762.0;31762.0;31762.0;31762.0;31762.0;31762.0;31762.0;11.9010137900636;97.70795289969145;100.0;100.0;100.0;100.0;100.0;100.0;100.0;27982.0;3531.0;0.0;0.0;0.0;0.0;0.0;0.0;0.0;0.0;0.0;88.0989862099364;11.117058119765758;0.0;0.0;0.0;0.0;0.0;0.0;0.0;0.0;0.0;neos-933966;14;1656;0.052138;1608;0.057466;RED_SPLIT;25858;-12.460200325244026;12.460200325244026;28.668277366057925;28.668277366057925;0.43463373003347583;-1962.215106418811;1962.215106418811;<;-683.7355947097644;1
31762.0;12047.0;2.636507014194405;0.0;0.0;0.0;0.0;12047.0;180618.0;180618.0;0.04720350823326686;27982.0;0.0;27982.0;3780.0;88.0989862099364;88.0989862099364;3780.0;11.9010137900636;0.0;0.0;0.0;0.0;5075.0;42.1266705403835;0.0;0.0;0.0;0.0;0.0;0.0;0.0;0.0;0.0;0.0;55.0;0.4565451979745995;0.0;0.0;0.0;0.0;0.0;0.0;0.0;0.0;0.0;0.0;3243.0;26.919565036938657;0.0;0.0;0.0;0.0;0.0;0.0;0.0;0.0;137527.0;76.14246642084399;137527.0;76.14246642084399;0.0;0.0;0.0;0.0;0.0;0.0;0.0;0.0;760.0;0.4207775526248768;0.0;0.0;0.0;0.0;0.0;0.0;0.0;0.0;0.0;0.0;34983.0;19.368501478257983;0.0;0.0;0.0;0.0;0.0;0.0;-1.0;1.0;0.9249022799499497;0.38020490862610556;1.0;0.0;3.7548860025025195;2.0;6782.0;3.7548860025025195;-1.0;1000.0;20.69951514388263;139.31092283530572;1000.0;0.0;5.783640828663182;3.0;1837.0;5.783640828663182;0.0;14.0;1.2471154644309788;1.1923547047933125;14.0;0.0;0.0;13.0;0.0;0.0;2.0;120.0;14.99277828505022;19.602610459409274;0.0;11.0;0.0;6.046042095752652;4385.0;5334.0;8414.0;11035.0;11627.0;12047.0;12047.0;12047.0;12047.0;36.39910351124762;44.27658338175479;69.84311446833237;91.59956835726737;96.51365485183034;100.0;100.0;100.0;100.0;7690.0;6805.0;3633.0;1012.0;420.0;0.0;0.0;0.0;0.0;0.0;0.0;63.83331949863037;56.48709222212999;30.156885531667637;8.40043164273263;3.4863451481696686;0.0;0.0;0.0;0.0;0.0;0.0;3780.0;31034.0;31762.0;31762.0;31762.0;31762.0;31762.0;31762.0;31762.0;11.9010137900636;97.70795289969145;100.0;100.0;100.0;100.0;100.0;100.0;100.0;27982.0;3531.0;0.0;0.0;0.0;0.0;0.0;0.0;0.0;0.0;0.0;88.0989862099364;11.117058119765758;0.0;0.0;0.0;0.0;0.0;0.0;0.0;0.0;0.0;neos-933966;14;1656;0.052138;1608;0.057466;RED_SPLIT;26433;-8.377014293414371;8.377014293414371;19.93929932620585;19.93929932620585;0.4201258106599872;-1364.0184965346327;1364.0184965346327;<;-455.79257015906114;1
31762.0;12047.0;2.636507014194405;0.0;0.0;0.0;0.0;12047.0;180618.0;180618.0;0.04720350823326686;27982.0;0.0;27982.0;3780.0;88.0989862099364;88.0989862099364;3780.0;11.9010137900636;0.0;0.0;0.0;0.0;5075.0;42.1266705403835;0.0;0.0;0.0;0.0;0.0;0.0;0.0;0.0;0.0;0.0;55.0;0.4565451979745995;0.0;0.0;0.0;0.0;0.0;0.0;0.0;0.0;0.0;0.0;3243.0;26.919565036938657;0.0;0.0;0.0;0.0;0.0;0.0;0.0;0.0;137527.0;76.14246642084399;137527.0;76.14246642084399;0.0;0.0;0.0;0.0;0.0;0.0;0.0;0.0;760.0;0.4207775526248768;0.0;0.0;0.0;0.0;0.0;0.0;0.0;0.0;0.0;0.0;34983.0;19.368501478257983;0.0;0.0;0.0;0.0;0.0;0.0;-1.0;1.0;0.9249022799499497;0.38020490862610556;1.0;0.0;3.7548860025025195;2.0;6782.0;3.7548860025025195;-1.0;1000.0;20.69951514388263;139.31092283530572;1000.0;0.0;5.783640828663182;3.0;1837.0;5.783640828663182;0.0;14.0;1.2471154644309788;1.1923547047933125;14.0;0.0;0.0;13.0;0.0;0.0;2.0;120.0;14.99277828505022;19.602610459409274;0.0;11.0;0.0;6.046042095752652;4385.0;5334.0;8414.0;11035.0;11627.0;12047.0;12047.0;12047.0;12047.0;36.39910351124762;44.27658338175479;69.84311446833237;91.59956835726737;96.51365485183034;100.0;100.0;100.0;100.0;7690.0;6805.0;3633.0;1012.0;420.0;0.0;0.0;0.0;0.0;0.0;0.0;63.83331949863037;56.48709222212999;30.156885531667637;8.40043164273263;3.4863451481696686;0.0;0.0;0.0;0.0;0.0;0.0;3780.0;31034.0;31762.0;31762.0;31762.0;31762.0;31762.0;31762.0;31762.0;11.9010137900636;97.70795289969145;100.0;100.0;100.0;100.0;100.0;100.0;100.0;27982.0;3531.0;0.0;0.0;0.0;0.0;0.0;0.0;0.0;0.0;0.0;88.0989862099364;11.117058119765758;0.0;0.0;0.0;0.0;0.0;0.0;0.0;0.0;0.0;neos-933966;14;1656;0.052138;1608;0.057466;RED_SPLIT;25993;-15.472580277722477;15.472580277722477;40.42116127835181;40.42116127835181;0.3827841602860891;-2806.3824404872926;2806.3824404872926;<;-981.3628081198292;1
31762.0;12047.0;2.636507014194405;0.0;0.0;0.0;0.0;12047.0;180618.0;180618.0;0.04720350823326686;27982.0;0.0;27982.0;3780.0;88.0989862099364;88.0989862099364;3780.0;11.9010137900636;0.0;0.0;0.0;0.0;5075.0;42.1266705403835;0.0;0.0;0.0;0.0;0.0;0.0;0.0;0.0;0.0;0.0;55.0;0.4565451979745995;0.0;0.0;0.0;0.0;0.0;0.0;0.0;0.0;0.0;0.0;3243.0;26.919565036938657;0.0;0.0;0.0;0.0;0.0;0.0;0.0;0.0;137527.0;76.14246642084399;137527.0;76.14246642084399;0.0;0.0;0.0;0.0;0.0;0.0;0.0;0.0;760.0;0.4207775526248768;0.0;0.0;0.0;0.0;0.0;0.0;0.0;0.0;0.0;0.0;34983.0;19.368501478257983;0.0;0.0;0.0;0.0;0.0;0.0;-1.0;1.0;0.9249022799499497;0.38020490862610556;1.0;0.0;3.7548860025025195;2.0;6782.0;3.7548860025025195;-1.0;1000.0;20.69951514388263;139.31092283530572;1000.0;0.0;5.783640828663182;3.0;1837.0;5.783640828663182;0.0;14.0;1.2471154644309788;1.1923547047933125;14.0;0.0;0.0;13.0;0.0;0.0;2.0;120.0;14.99277828505022;19.602610459409274;0.0;11.0;0.0;6.046042095752652;4385.0;5334.0;8414.0;11035.0;11627.0;12047.0;12047.0;12047.0;12047.0;36.39910351124762;44.27658338175479;69.84311446833237;91.59956835726737;96.51365485183034;100.0;100.0;100.0;100.0;7690.0;6805.0;3633.0;1012.0;420.0;0.0;0.0;0.0;0.0;0.0;0.0;63.83331949863037;56.48709222212999;30.156885531667637;8.40043164273263;3.4863451481696686;0.0;0.0;0.0;0.0;0.0;0.0;3780.0;31034.0;31762.0;31762.0;31762.0;31762.0;31762.0;31762.0;31762.0;11.9010137900636;97.70795289969145;100.0;100.0;100.0;100.0;100.0;100.0;100.0;27982.0;3531.0;0.0;0.0;0.0;0.0;0.0;0.0;0.0;0.0;0.0;88.0989862099364;11.117058119765758;0.0;0.0;0.0;0.0;0.0;0.0;0.0;0.0;0.0;neos-933966;14;1656;0.052138;1608;0.057466;RED_SPLIT;26139;-13.114950619961224;13.114950619961224;33.190651653817405;33.190651653817405;0.39513989531606003;-2438.379592007336;2438.379592007336;<;-860.9764823971459;1
31762.0;12047.0;2.636507014194405;0.0;0.0;0.0;0.0;12047.0;180618.0;180618.0;0.04720350823326686;27982.0;0.0;27982.0;3780.0;88.0989862099364;88.0989862099364;3780.0;11.9010137900636;0.0;0.0;0.0;0.0;5075.0;42.1266705403835;0.0;0.0;0.0;0.0;0.0;0.0;0.0;0.0;0.0;0.0;55.0;0.4565451979745995;0.0;0.0;0.0;0.0;0.0;0.0;0.0;0.0;0.0;0.0;3243.0;26.919565036938657;0.0;0.0;0.0;0.0;0.0;0.0;0.0;0.0;137527.0;76.14246642084399;137527.0;76.14246642084399;0.0;0.0;0.0;0.0;0.0;0.0;0.0;0.0;760.0;0.4207775526248768;0.0;0.0;0.0;0.0;0.0;0.0;0.0;0.0;0.0;0.0;34983.0;19.368501478257983;0.0;0.0;0.0;0.0;0.0;0.0;-1.0;1.0;0.9249022799499497;0.38020490862610556;1.0;0.0;3.7548860025025195;2.0;6782.0;3.7548860025025195;-1.0;1000.0;20.69951514388263;139.31092283530572;1000.0;0.0;5.783640828663182;3.0;1837.0;5.783640828663182;0.0;14.0;1.2471154644309788;1.1923547047933125;14.0;0.0;0.0;13.0;0.0;0.0;2.0;120.0;14.99277828505022;19.602610459409274;0.0;11.0;0.0;6.046042095752652;4385.0;5334.0;8414.0;11035.0;11627.0;12047.0;12047.0;12047.0;12047.0;36.39910351124762;44.27658338175479;69.84311446833237;91.59956835726737;96.51365485183034;100.0;100.0;100.0;100.0;7690.0;6805.0;3633.0;1012.0;420.0;0.0;0.0;0.0;0.0;0.0;0.0;63.83331949863037;56.48709222212999;30.156885531667637;8.40043164273263;3.4863451481696686;0.0;0.0;0.0;0.0;0.0;0.0;3780.0;31034.0;31762.0;31762.0;31762.0;31762.0;31762.0;31762.0;31762.0;11.9010137900636;97.70795289969145;100.0;100.0;100.0;100.0;100.0;100.0;100.0;27982.0;3531.0;0.0;0.0;0.0;0.0;0.0;0.0;0.0;0.0;0.0;88.0989862099364;11.117058119765758;0.0;0.0;0.0;0.0;0.0;0.0;0.0;0.0;0.0;neos-933966;14;1656;0.052138;1608;0.057466;RED_SPLIT;26120;-13.645203102217653;13.645203102217653;36.51640069406541;36.51640069406541;0.3736732767431608;-2567.1064497768994;2567.1064497768994;<;-887.8016215691341;1
31762.0;12047.0;2.636507014194405;0.0;0.0;0.0;0.0;12047.0;180618.0;180618.0;0.04720350823326686;27982.0;0.0;27982.0;3780.0;88.0989862099364;88.0989862099364;3780.0;11.9010137900636;0.0;0.0;0.0;0.0;5075.0;42.1266705403835;0.0;0.0;0.0;0.0;0.0;0.0;0.0;0.0;0.0;0.0;55.0;0.4565451979745995;0.0;0.0;0.0;0.0;0.0;0.0;0.0;0.0;0.0;0.0;3243.0;26.919565036938657;0.0;0.0;0.0;0.0;0.0;0.0;0.0;0.0;137527.0;76.14246642084399;137527.0;76.14246642084399;0.0;0.0;0.0;0.0;0.0;0.0;0.0;0.0;760.0;0.4207775526248768;0.0;0.0;0.0;0.0;0.0;0.0;0.0;0.0;0.0;0.0;34983.0;19.368501478257983;0.0;0.0;0.0;0.0;0.0;0.0;-1.0;1.0;0.9249022799499497;0.38020490862610556;1.0;0.0;3.7548860025025195;2.0;6782.0;3.7548860025025195;-1.0;1000.0;20.69951514388263;139.31092283530572;1000.0;0.0;5.783640828663182;3.0;1837.0;5.783640828663182;0.0;14.0;1.2471154644309788;1.1923547047933125;14.0;0.0;0.0;13.0;0.0;0.0;2.0;120.0;14.99277828505022;19.602610459409274;0.0;11.0;0.0;6.046042095752652;4385.0;5334.0;8414.0;11035.0;11627.0;12047.0;12047.0;12047.0;12047.0;36.39910351124762;44.27658338175479;69.84311446833237;91.59956835726737;96.51365485183034;100.0;100.0;100.0;100.0;7690.0;6805.0;3633.0;1012.0;420.0;0.0;0.0;0.0;0.0;0.0;0.0;63.83331949863037;56.48709222212999;30.156885531667637;8.40043164273263;3.4863451481696686;0.0;0.0;0.0;0.0;0.0;0.0;3780.0;31034.0;31762.0;31762.0;31762.0;31762.0;31762.0;31762.0;31762.0;11.9010137900636;97.70795289969145;100.0;100.0;100.0;100.0;100.0;100.0;100.0;27982.0;3531.0;0.0;0.0;0.0;0.0;0.0;0.0;0.0;0.0;0.0;88.0989862099364;11.117058119765758;0.0;0.0;0.0;0.0;0.0;0.0;0.0;0.0;0.0;neos-933966;14;1656;0.052138;1608;0.057466;RED_SPLIT;26117;-11.360251226403065;11.360251226403065;29.48808592458704;29.48808592458704;0.38524885119555813;-2001.4368114165336;2001.4368114165336;<;-696.7951960414814;1
31762.0;12047.0;2.636507014194405;0.0;0.0;0.0;0.0;12047.0;180618.0;180618.0;0.04720350823326686;27982.0;0.0;27982.0;3780.0;88.0989862099364;88.0989862099364;3780.0;11.9010137900636;0.0;0.0;0.0;0.0;5075.0;42.1266705403835;0.0;0.0;0.0;0.0;0.0;0.0;0.0;0.0;0.0;0.0;55.0;0.4565451979745995;0.0;0.0;0.0;0.0;0.0;0.0;0.0;0.0;0.0;0.0;3243.0;26.919565036938657;0.0;0.0;0.0;0.0;0.0;0.0;0.0;0.0;137527.0;76.14246642084399;137527.0;76.14246642084399;0.0;0.0;0.0;0.0;0.0;0.0;0.0;0.0;760.0;0.4207775526248768;0.0;0.0;0.0;0.0;0.0;0.0;0.0;0.0;0.0;0.0;34983.0;19.368501478257983;0.0;0.0;0.0;0.0;0.0;0.0;-1.0;1.0;0.9249022799499497;0.38020490862610556;1.0;0.0;3.7548860025025195;2.0;6782.0;3.7548860025025195;-1.0;1000.0;20.69951514388263;139.31092283530572;1000.0;0.0;5.783640828663182;3.0;1837.0;5.783640828663182;0.0;14.0;1.2471154644309788;1.1923547047933125;14.0;0.0;0.0;13.0;0.0;0.0;2.0;120.0;14.99277828505022;19.602610459409274;0.0;11.0;0.0;6.046042095752652;4385.0;5334.0;8414.0;11035.0;11627.0;12047.0;12047.0;12047.0;12047.0;36.39910351124762;44.27658338175479;69.84311446833237;91.59956835726737;96.51365485183034;100.0;100.0;100.0;100.0;7690.0;6805.0;3633.0;1012.0;420.0;0.0;0.0;0.0;0.0;0.0;0.0;63.83331949863037;56.48709222212999;30.156885531667637;8.40043164273263;3.4863451481696686;0.0;0.0;0.0;0.0;0.0;0.0;3780.0;31034.0;31762.0;31762.0;31762.0;31762.0;31762.0;31762.0;31762.0;11.9010137900636;97.70795289969145;100.0;100.0;100.0;100.0;100.0;100.0;100.0;27982.0;3531.0;0.0;0.0;0.0;0.0;0.0;0.0;0.0;0.0;0.0;88.0989862099364;11.117058119765758;0.0;0.0;0.0;0.0;0.0;0.0;0.0;0.0;0.0;neos-933966;14;1656;0.052138;1608;0.057466;RED_SPLIT;26097;-7.667351091044104;7.667351091044104;20.09703368956873;20.09703368956873;0.3815165565963004;-1382.0654510595944;1382.0654510595944;<;-483.07575717357213;1
31762.0;12047.0;2.636507014194405;0.0;0.0;0.0;0.0;12047.0;180618.0;180618.0;0.04720350823326686;27982.0;0.0;27982.0;3780.0;88.0989862099364;88.0989862099364;3780.0;11.9010137900636;0.0;0.0;0.0;0.0;5075.0;42.1266705403835;0.0;0.0;0.0;0.0;0.0;0.0;0.0;0.0;0.0;0.0;55.0;0.4565451979745995;0.0;0.0;0.0;0.0;0.0;0.0;0.0;0.0;0.0;0.0;3243.0;26.919565036938657;0.0;0.0;0.0;0.0;0.0;0.0;0.0;0.0;137527.0;76.14246642084399;137527.0;76.14246642084399;0.0;0.0;0.0;0.0;0.0;0.0;0.0;0.0;760.0;0.4207775526248768;0.0;0.0;0.0;0.0;0.0;0.0;0.0;0.0;0.0;0.0;34983.0;19.368501478257983;0.0;0.0;0.0;0.0;0.0;0.0;-1.0;1.0;0.9249022799499497;0.38020490862610556;1.0;0.0;3.7548860025025195;2.0;6782.0;3.7548860025025195;-1.0;1000.0;20.69951514388263;139.31092283530572;1000.0;0.0;5.783640828663182;3.0;1837.0;5.783640828663182;0.0;14.0;1.2471154644309788;1.1923547047933125;14.0;0.0;0.0;13.0;0.0;0.0;2.0;120.0;14.99277828505022;19.602610459409274;0.0;11.0;0.0;6.046042095752652;4385.0;5334.0;8414.0;11035.0;11627.0;12047.0;12047.0;12047.0;12047.0;36.39910351124762;44.27658338175479;69.84311446833237;91.59956835726737;96.51365485183034;100.0;100.0;100.0;100.0;7690.0;6805.0;3633.0;1012.0;420.0;0.0;0.0;0.0;0.0;0.0;0.0;63.83331949863037;56.48709222212999;30.156885531667637;8.40043164273263;3.4863451481696686;0.0;0.0;0.0;0.0;0.0;0.0;3780.0;31034.0;31762.0;31762.0;31762.0;31762.0;31762.0;31762.0;31762.0;11.9010137900636;97.70795289969145;100.0;100.0;100.0;100.0;100.0;100.0;100.0;27982.0;3531.0;0.0;0.0;0.0;0.0;0.0;0.0;0.0;0.0;0.0;88.0989862099364;11.117058119765758;0.0;0.0;0.0;0.0;0.0;0.0;0.0;0.0;0.0;neos-933966;14;1656;0.052138;1608;0.057466;RED_SPLIT;26108;-12.308793769050276;12.308793769050276;34.499054288224976;34.499054288224976;0.35678641119305826;-2292.983024128673;2292.983024128673;<;-808.0841109406799;1
31762.0;12047.0;2.636507014194405;0.0;0.0;0.0;0.0;12047.0;180618.0;180618.0;0.04720350823326686;27982.0;0.0;27982.0;3780.0;88.0989862099364;88.0989862099364;3780.0;11.9010137900636;0.0;0.0;0.0;0.0;5075.0;42.1266705403835;0.0;0.0;0.0;0.0;0.0;0.0;0.0;0.0;0.0;0.0;55.0;0.4565451979745995;0.0;0.0;0.0;0.0;0.0;0.0;0.0;0.0;0.0;0.0;3243.0;26.919565036938657;0.0;0.0;0.0;0.0;0.0;0.0;0.0;0.0;137527.0;76.14246642084399;137527.0;76.14246642084399;0.0;0.0;0.0;0.0;0.0;0.0;0.0;0.0;760.0;0.4207775526248768;0.0;0.0;0.0;0.0;0.0;0.0;0.0;0.0;0.0;0.0;34983.0;19.368501478257983;0.0;0.0;0.0;0.0;0.0;0.0;-1.0;1.0;0.9249022799499497;0.38020490862610556;1.0;0.0;3.7548860025025195;2.0;6782.0;3.7548860025025195;-1.0;1000.0;20.69951514388263;139.31092283530572;1000.0;0.0;5.783640828663182;3.0;1837.0;5.783640828663182;0.0;14.0;1.2471154644309788;1.1923547047933125;14.0;0.0;0.0;13.0;0.0;0.0;2.0;120.0;14.99277828505022;19.602610459409274;0.0;11.0;0.0;6.046042095752652;4385.0;5334.0;8414.0;11035.0;11627.0;12047.0;12047.0;12047.0;12047.0;36.39910351124762;44.27658338175479;69.84311446833237;91.59956835726737;96.51365485183034;100.0;100.0;100.0;100.0;7690.0;6805.0;3633.0;1012.0;420.0;0.0;0.0;0.0;0.0;0.0;0.0;63.83331949863037;56.48709222212999;30.156885531667637;8.40043164273263;3.4863451481696686;0.0;0.0;0.0;0.0;0.0;0.0;3780.0;31034.0;31762.0;31762.0;31762.0;31762.0;31762.0;31762.0;31762.0;11.9010137900636;97.70795289969145;100.0;100.0;100.0;100.0;100.0;100.0;100.0;27982.0;3531.0;0.0;0.0;0.0;0.0;0.0;0.0;0.0;0.0;0.0;88.0989862099364;11.117058119765758;0.0;0.0;0.0;0.0;0.0;0.0;0.0;0.0;0.0;neos-933966;14;1656;0.052138;1608;0.057466;RED_SPLIT;26161;-5.730159265541515;5.730159265541515;15.439683354395306;15.439683354395306;0.37113191598649437;-1098.3497850467525;1098.3497850467525;<;-384.37442466731443;1
31762.0;12047.0;2.636507014194405;0.0;0.0;0.0;0.0;12047.0;180618.0;180618.0;0.04720350823326686;27982.0;0.0;27982.0;3780.0;88.0989862099364;88.0989862099364;3780.0;11.9010137900636;0.0;0.0;0.0;0.0;5075.0;42.1266705403835;0.0;0.0;0.0;0.0;0.0;0.0;0.0;0.0;0.0;0.0;55.0;0.4565451979745995;0.0;0.0;0.0;0.0;0.0;0.0;0.0;0.0;0.0;0.0;3243.0;26.919565036938657;0.0;0.0;0.0;0.0;0.0;0.0;0.0;0.0;137527.0;76.14246642084399;137527.0;76.14246642084399;0.0;0.0;0.0;0.0;0.0;0.0;0.0;0.0;760.0;0.4207775526248768;0.0;0.0;0.0;0.0;0.0;0.0;0.0;0.0;0.0;0.0;34983.0;19.368501478257983;0.0;0.0;0.0;0.0;0.0;0.0;-1.0;1.0;0.9249022799499497;0.38020490862610556;1.0;0.0;3.7548860025025195;2.0;6782.0;3.7548860025025195;-1.0;1000.0;20.69951514388263;139.31092283530572;1000.0;0.0;5.783640828663182;3.0;1837.0;5.783640828663182;0.0;14.0;1.2471154644309788;1.1923547047933125;14.0;0.0;0.0;13.0;0.0;0.0;2.0;120.0;14.99277828505022;19.602610459409274;0.0;11.0;0.0;6.046042095752652;4385.0;5334.0;8414.0;11035.0;11627.0;12047.0;12047.0;12047.0;12047.0;36.39910351124762;44.27658338175479;69.84311446833237;91.59956835726737;96.51365485183034;100.0;100.0;100.0;100.0;7690.0;6805.0;3633.0;1012.0;420.0;0.0;0.0;0.0;0.0;0.0;0.0;63.83331949863037;56.48709222212999;30.156885531667637;8.40043164273263;3.4863451481696686;0.0;0.0;0.0;0.0;0.0;0.0;3780.0;31034.0;31762.0;31762.0;31762.0;31762.0;31762.0;31762.0;31762.0;11.9010137900636;97.70795289969145;100.0;100.0;100.0;100.0;100.0;100.0;100.0;27982.0;3531.0;0.0;0.0;0.0;0.0;0.0;0.0;0.0;0.0;0.0;88.0989862099364;11.117058119765758;0.0;0.0;0.0;0.0;0.0;0.0;0.0;0.0;0.0;neos-933966;14;1656;0.052138;1608;0.057466;RED_SPLIT;26320;-13.828783813052397;13.828783813052397;25.060860947288596;25.060860947288596;0.5518080101932241;-1695.62118781065;1695.62118781065;<;-583.2794715177838;1
31762.0;12047.0;2.636507014194405;0.0;0.0;0.0;0.0;12047.0;180618.0;180618.0;0.04720350823326686;27982.0;0.0;27982.0;3780.0;88.0989862099364;88.0989862099364;3780.0;11.9010137900636;0.0;0.0;0.0;0.0;5075.0;42.1266705403835;0.0;0.0;0.0;0.0;0.0;0.0;0.0;0.0;0.0;0.0;55.0;0.4565451979745995;0.0;0.0;0.0;0.0;0.0;0.0;0.0;0.0;0.0;0.0;3243.0;26.919565036938657;0.0;0.0;0.0;0.0;0.0;0.0;0.0;0.0;137527.0;76.14246642084399;137527.0;76.14246642084399;0.0;0.0;0.0;0.0;0.0;0.0;0.0;0.0;760.0;0.4207775526248768;0.0;0.0;0.0;0.0;0.0;0.0;0.0;0.0;0.0;0.0;34983.0;19.368501478257983;0.0;0.0;0.0;0.0;0.0;0.0;-1.0;1.0;0.9249022799499497;0.38020490862610556;1.0;0.0;3.7548860025025195;2.0;6782.0;3.7548860025025195;-1.0;1000.0;20.69951514388263;139.31092283530572;1000.0;0.0;5.783640828663182;3.0;1837.0;5.783640828663182;0.0;14.0;1.2471154644309788;1.1923547047933125;14.0;0.0;0.0;13.0;0.0;0.0;2.0;120.0;14.99277828505022;19.602610459409274;0.0;11.0;0.0;6.046042095752652;4385.0;5334.0;8414.0;11035.0;11627.0;12047.0;12047.0;12047.0;12047.0;36.39910351124762;44.27658338175479;69.84311446833237;91.59956835726737;96.51365485183034;100.0;100.0;100.0;100.0;7690.0;6805.0;3633.0;1012.0;420.0;0.0;0.0;0.0;0.0;0.0;0.0;63.83331949863037;56.48709222212999;30.156885531667637;8.40043164273263;3.4863451481696686;0.0;0.0;0.0;0.0;0.0;0.0;3780.0;31034.0;31762.0;31762.0;31762.0;31762.0;31762.0;31762.0;31762.0;11.9010137900636;97.70795289969145;100.0;100.0;100.0;100.0;100.0;100.0;100.0;27982.0;3531.0;0.0;0.0;0.0;0.0;0.0;0.0;0.0;0.0;0.0;88.0989862099364;11.117058119765758;0.0;0.0;0.0;0.0;0.0;0.0;0.0;0.0;0.0;neos-933966;14;1656;0.052138;1608;0.057466;RED_SPLIT;26469;-8.030782192101945;8.030782192101945;23.46986761907357;23.46986761907357;0.34217415805002077;-1465.1159931560398;1465.1159931560398;<;-490.2562243272371;1
31762.0;12047.0;2.636507014194405;0.0;0.0;0.0;0.0;12047.0;180618.0;180618.0;0.04720350823326686;27982.0;0.0;27982.0;3780.0;88.0989862099364;88.0989862099364;3780.0;11.9010137900636;0.0;0.0;0.0;0.0;5075.0;42.1266705403835;0.0;0.0;0.0;0.0;0.0;0.0;0.0;0.0;0.0;0.0;55.0;0.4565451979745995;0.0;0.0;0.0;0.0;0.0;0.0;0.0;0.0;0.0;0.0;3243.0;26.919565036938657;0.0;0.0;0.0;0.0;0.0;0.0;0.0;0.0;137527.0;76.14246642084399;137527.0;76.14246642084399;0.0;0.0;0.0;0.0;0.0;0.0;0.0;0.0;760.0;0.4207775526248768;0.0;0.0;0.0;0.0;0.0;0.0;0.0;0.0;0.0;0.0;34983.0;19.368501478257983;0.0;0.0;0.0;0.0;0.0;0.0;-1.0;1.0;0.9249022799499497;0.38020490862610556;1.0;0.0;3.7548860025025195;2.0;6782.0;3.7548860025025195;-1.0;1000.0;20.69951514388263;139.31092283530572;1000.0;0.0;5.783640828663182;3.0;1837.0;5.783640828663182;0.0;14.0;1.2471154644309788;1.1923547047933125;14.0;0.0;0.0;13.0;0.0;0.0;2.0;120.0;14.99277828505022;19.602610459409274;0.0;11.0;0.0;6.046042095752652;4385.0;5334.0;8414.0;11035.0;11627.0;12047.0;12047.0;12047.0;12047.0;36.39910351124762;44.27658338175479;69.84311446833237;91.59956835726737;96.51365485183034;100.0;100.0;100.0;100.0;7690.0;6805.0;3633.0;1012.0;420.0;0.0;0.0;0.0;0.0;0.0;0.0;63.83331949863037;56.48709222212999;30.156885531667637;8.40043164273263;3.4863451481696686;0.0;0.0;0.0;0.0;0.0;0.0;3780.0;31034.0;31762.0;31762.0;31762.0;31762.0;31762.0;31762.0;31762.0;11.9010137900636;97.70795289969145;100.0;100.0;100.0;100.0;100.0;100.0;100.0;27982.0;3531.0;0.0;0.0;0.0;0.0;0.0;0.0;0.0;0.0;0.0;88.0989862099364;11.117058119765758;0.0;0.0;0.0;0.0;0.0;0.0;0.0;0.0;0.0;neos-933966;14;1656;0.052138;1608;0.057466;RED_SPLIT;26195;-5.620814836305613;5.620814836305613;13.174110736559436;13.174110736559436;0.426656109752236;-990.2338303067803;990.2338303067803;<;-338.2869777313101;1
31762.0;12047.0;2.636507014194405;0.0;0.0;0.0;0.0;12047.0;180618.0;180618.0;0.04720350823326686;27982.0;0.0;27982.0;3780.0;88.0989862099364;88.0989862099364;3780.0;11.9010137900636;0.0;0.0;0.0;0.0;5075.0;42.1266705403835;0.0;0.0;0.0;0.0;0.0;0.0;0.0;0.0;0.0;0.0;55.0;0.4565451979745995;0.0;0.0;0.0;0.0;0.0;0.0;0.0;0.0;0.0;0.0;3243.0;26.919565036938657;0.0;0.0;0.0;0.0;0.0;0.0;0.0;0.0;137527.0;76.14246642084399;137527.0;76.14246642084399;0.0;0.0;0.0;0.0;0.0;0.0;0.0;0.0;760.0;0.4207775526248768;0.0;0.0;0.0;0.0;0.0;0.0;0.0;0.0;0.0;0.0;34983.0;19.368501478257983;0.0;0.0;0.0;0.0;0.0;0.0;-1.0;1.0;0.9249022799499497;0.38020490862610556;1.0;0.0;3.7548860025025195;2.0;6782.0;3.7548860025025195;-1.0;1000.0;20.69951514388263;139.31092283530572;1000.0;0.0;5.783640828663182;3.0;1837.0;5.783640828663182;0.0;14.0;1.2471154644309788;1.1923547047933125;14.0;0.0;0.0;13.0;0.0;0.0;2.0;120.0;14.99277828505022;19.602610459409274;0.0;11.0;0.0;6.046042095752652;4385.0;5334.0;8414.0;11035.0;11627.0;12047.0;12047.0;12047.0;12047.0;36.39910351124762;44.27658338175479;69.84311446833237;91.59956835726737;96.51365485183034;100.0;100.0;100.0;100.0;7690.0;6805.0;3633.0;1012.0;420.0;0.0;0.0;0.0;0.0;0.0;0.0;63.83331949863037;56.48709222212999;30.156885531667637;8.40043164273263;3.4863451481696686;0.0;0.0;0.0;0.0;0.0;0.0;3780.0;31034.0;31762.0;31762.0;31762.0;31762.0;31762.0;31762.0;31762.0;11.9010137900636;97.70795289969145;100.0;100.0;100.0;100.0;100.0;100.0;100.0;27982.0;3531.0;0.0;0.0;0.0;0.0;0.0;0.0;0.0;0.0;0.0;88.0989862099364;11.117058119765758;0.0;0.0;0.0;0.0;0.0;0.0;0.0;0.0;0.0;neos-933966;14;1656;0.052138;1608;0.057466;RED_SPLIT;26030;-15.623727463829542;15.623727463829542;45.496285897817444;45.496285897817444;0.3434066573900057;-2895.342308244968;2895.342308244968;<;-1008.9964344875739;1
31762.0;12047.0;2.636507014194405;0.0;0.0;0.0;0.0;12047.0;180618.0;180618.0;0.04720350823326686;27982.0;0.0;27982.0;3780.0;88.0989862099364;88.0989862099364;3780.0;11.9010137900636;0.0;0.0;0.0;0.0;5075.0;42.1266705403835;0.0;0.0;0.0;0.0;0.0;0.0;0.0;0.0;0.0;0.0;55.0;0.4565451979745995;0.0;0.0;0.0;0.0;0.0;0.0;0.0;0.0;0.0;0.0;3243.0;26.919565036938657;0.0;0.0;0.0;0.0;0.0;0.0;0.0;0.0;137527.0;76.14246642084399;137527.0;76.14246642084399;0.0;0.0;0.0;0.0;0.0;0.0;0.0;0.0;760.0;0.4207775526248768;0.0;0.0;0.0;0.0;0.0;0.0;0.0;0.0;0.0;0.0;34983.0;19.368501478257983;0.0;0.0;0.0;0.0;0.0;0.0;-1.0;1.0;0.9249022799499497;0.38020490862610556;1.0;0.0;3.7548860025025195;2.0;6782.0;3.7548860025025195;-1.0;1000.0;20.69951514388263;139.31092283530572;1000.0;0.0;5.783640828663182;3.0;1837.0;5.783640828663182;0.0;14.0;1.2471154644309788;1.1923547047933125;14.0;0.0;0.0;13.0;0.0;0.0;2.0;120.0;14.99277828505022;19.602610459409274;0.0;11.0;0.0;6.046042095752652;4385.0;5334.0;8414.0;11035.0;11627.0;12047.0;12047.0;12047.0;12047.0;36.39910351124762;44.27658338175479;69.84311446833237;91.59956835726737;96.51365485183034;100.0;100.0;100.0;100.0;7690.0;6805.0;3633.0;1012.0;420.0;0.0;0.0;0.0;0.0;0.0;0.0;63.83331949863037;56.48709222212999;30.156885531667637;8.40043164273263;3.4863451481696686;0.0;0.0;0.0;0.0;0.0;0.0;3780.0;31034.0;31762.0;31762.0;31762.0;31762.0;31762.0;31762.0;31762.0;11.9010137900636;97.70795289969145;100.0;100.0;100.0;100.0;100.0;100.0;100.0;27982.0;3531.0;0.0;0.0;0.0;0.0;0.0;0.0;0.0;0.0;0.0;88.0989862099364;11.117058119765758;0.0;0.0;0.0;0.0;0.0;0.0;0.0;0.0;0.0;neos-933966;14;1656;0.052138;1608;0.057466;RED_SPLIT;26117;-11.095682157421411;11.095682157421411;33.01379047641298;33.01379047641298;0.33609234193658644;-2090.1546122136174;2090.1546122136174;<;-720.1542785439042;1
31762.0;12047.0;2.636507014194405;0.0;0.0;0.0;0.0;12047.0;180618.0;180618.0;0.04720350823326686;27982.0;0.0;27982.0;3780.0;88.0989862099364;88.0989862099364;3780.0;11.9010137900636;0.0;0.0;0.0;0.0;5075.0;42.1266705403835;0.0;0.0;0.0;0.0;0.0;0.0;0.0;0.0;0.0;0.0;55.0;0.4565451979745995;0.0;0.0;0.0;0.0;0.0;0.0;0.0;0.0;0.0;0.0;3243.0;26.919565036938657;0.0;0.0;0.0;0.0;0.0;0.0;0.0;0.0;137527.0;76.14246642084399;137527.0;76.14246642084399;0.0;0.0;0.0;0.0;0.0;0.0;0.0;0.0;760.0;0.4207775526248768;0.0;0.0;0.0;0.0;0.0;0.0;0.0;0.0;0.0;0.0;34983.0;19.368501478257983;0.0;0.0;0.0;0.0;0.0;0.0;-1.0;1.0;0.9249022799499497;0.38020490862610556;1.0;0.0;3.7548860025025195;2.0;6782.0;3.7548860025025195;-1.0;1000.0;20.69951514388263;139.31092283530572;1000.0;0.0;5.783640828663182;3.0;1837.0;5.783640828663182;0.0;14.0;1.2471154644309788;1.1923547047933125;14.0;0.0;0.0;13.0;0.0;0.0;2.0;120.0;14.99277828505022;19.602610459409274;0.0;11.0;0.0;6.046042095752652;4385.0;5334.0;8414.0;11035.0;11627.0;12047.0;12047.0;12047.0;12047.0;36.39910351124762;44.27658338175479;69.84311446833237;91.59956835726737;96.51365485183034;100.0;100.0;100.0;100.0;7690.0;6805.0;3633.0;1012.0;420.0;0.0;0.0;0.0;0.0;0.0;0.0;63.83331949863037;56.48709222212999;30.156885531667637;8.40043164273263;3.4863451481696686;0.0;0.0;0.0;0.0;0.0;0.0;3780.0;31034.0;31762.0;31762.0;31762.0;31762.0;31762.0;31762.0;31762.0;11.9010137900636;97.70795289969145;100.0;100.0;100.0;100.0;100.0;100.0;100.0;27982.0;3531.0;0.0;0.0;0.0;0.0;0.0;0.0;0.0;0.0;0.0;88.0989862099364;11.117058119765758;0.0;0.0;0.0;0.0;0.0;0.0;0.0;0.0;0.0;neos-933966;14;1656;0.052138;1608;0.057466;RED_SPLIT;26689;-6.843545921529794;6.843545921529794;13.522396936035737;13.522396936035737;0.5060897083484126;-878.0995029074554;878.0995029074554;<;-281.14484347661516;1
31762.0;12047.0;2.636507014194405;0.0;0.0;0.0;0.0;12047.0;180618.0;180618.0;0.04720350823326686;27982.0;0.0;27982.0;3780.0;88.0989862099364;88.0989862099364;3780.0;11.9010137900636;0.0;0.0;0.0;0.0;5075.0;42.1266705403835;0.0;0.0;0.0;0.0;0.0;0.0;0.0;0.0;0.0;0.0;55.0;0.4565451979745995;0.0;0.0;0.0;0.0;0.0;0.0;0.0;0.0;0.0;0.0;3243.0;26.919565036938657;0.0;0.0;0.0;0.0;0.0;0.0;0.0;0.0;137527.0;76.14246642084399;137527.0;76.14246642084399;0.0;0.0;0.0;0.0;0.0;0.0;0.0;0.0;760.0;0.4207775526248768;0.0;0.0;0.0;0.0;0.0;0.0;0.0;0.0;0.0;0.0;34983.0;19.368501478257983;0.0;0.0;0.0;0.0;0.0;0.0;-1.0;1.0;0.9249022799499497;0.38020490862610556;1.0;0.0;3.7548860025025195;2.0;6782.0;3.7548860025025195;-1.0;1000.0;20.69951514388263;139.31092283530572;1000.0;0.0;5.783640828663182;3.0;1837.0;5.783640828663182;0.0;14.0;1.2471154644309788;1.1923547047933125;14.0;0.0;0.0;13.0;0.0;0.0;2.0;120.0;14.99277828505022;19.602610459409274;0.0;11.0;0.0;6.046042095752652;4385.0;5334.0;8414.0;11035.0;11627.0;12047.0;12047.0;12047.0;12047.0;36.39910351124762;44.27658338175479;69.84311446833237;91.59956835726737;96.51365485183034;100.0;100.0;100.0;100.0;7690.0;6805.0;3633.0;1012.0;420.0;0.0;0.0;0.0;0.0;0.0;0.0;63.83331949863037;56.48709222212999;30.156885531667637;8.40043164273263;3.4863451481696686;0.0;0.0;0.0;0.0;0.0;0.0;3780.0;31034.0;31762.0;31762.0;31762.0;31762.0;31762.0;31762.0;31762.0;11.9010137900636;97.70795289969145;100.0;100.0;100.0;100.0;100.0;100.0;100.0;27982.0;3531.0;0.0;0.0;0.0;0.0;0.0;0.0;0.0;0.0;0.0;88.0989862099364;11.117058119765758;0.0;0.0;0.0;0.0;0.0;0.0;0.0;0.0;0.0;neos-933966;14;1656;0.052138;1608;0.057466;RED_SPLIT;26252;-16.619749963894854;16.619749963894854;40.535597790884495;40.535597790884495;0.4100038205834045;-2914.139365282225;2914.139365282225;<;-1008.7822390721997;1
31762.0;12047.0;2.636507014194405;0.0;0.0;0.0;0.0;12047.0;180618.0;180618.0;0.04720350823326686;27982.0;0.0;27982.0;3780.0;88.0989862099364;88.0989862099364;3780.0;11.9010137900636;0.0;0.0;0.0;0.0;5075.0;42.1266705403835;0.0;0.0;0.0;0.0;0.0;0.0;0.0;0.0;0.0;0.0;55.0;0.4565451979745995;0.0;0.0;0.0;0.0;0.0;0.0;0.0;0.0;0.0;0.0;3243.0;26.919565036938657;0.0;0.0;0.0;0.0;0.0;0.0;0.0;0.0;137527.0;76.14246642084399;137527.0;76.14246642084399;0.0;0.0;0.0;0.0;0.0;0.0;0.0;0.0;760.0;0.4207775526248768;0.0;0.0;0.0;0.0;0.0;0.0;0.0;0.0;0.0;0.0;34983.0;19.368501478257983;0.0;0.0;0.0;0.0;0.0;0.0;-1.0;1.0;0.9249022799499497;0.38020490862610556;1.0;0.0;3.7548860025025195;2.0;6782.0;3.7548860025025195;-1.0;1000.0;20.69951514388263;139.31092283530572;1000.0;0.0;5.783640828663182;3.0;1837.0;5.783640828663182;0.0;14.0;1.2471154644309788;1.1923547047933125;14.0;0.0;0.0;13.0;0.0;0.0;2.0;120.0;14.99277828505022;19.602610459409274;0.0;11.0;0.0;6.046042095752652;4385.0;5334.0;8414.0;11035.0;11627.0;12047.0;12047.0;12047.0;12047.0;36.39910351124762;44.27658338175479;69.84311446833237;91.59956835726737;96.51365485183034;100.0;100.0;100.0;100.0;7690.0;6805.0;3633.0;1012.0;420.0;0.0;0.0;0.0;0.0;0.0;0.0;63.83331949863037;56.48709222212999;30.156885531667637;8.40043164273263;3.4863451481696686;0.0;0.0;0.0;0.0;0.0;0.0;3780.0;31034.0;31762.0;31762.0;31762.0;31762.0;31762.0;31762.0;31762.0;11.9010137900636;97.70795289969145;100.0;100.0;100.0;100.0;100.0;100.0;100.0;27982.0;3531.0;0.0;0.0;0.0;0.0;0.0;0.0;0.0;0.0;0.0;88.0989862099364;11.117058119765758;0.0;0.0;0.0;0.0;0.0;0.0;0.0;0.0;0.0;neos-933966;14;1656;0.052138;1608;0.057466;RED_SPLIT;25985;-10.332358468986975;10.332358468986975;30.448393842796243;30.448393842796243;0.3393400164991461;-1980.9532923305171;1980.9532923305171;<;-679.915255272452;1
31762.0;12047.0;2.636507014194405;0.0;0.0;0.0;0.0;12047.0;180618.0;180618.0;0.04720350823326686;27982.0;0.0;27982.0;3780.0;88.0989862099364;88.0989862099364;3780.0;11.9010137900636;0.0;0.0;0.0;0.0;5075.0;42.1266705403835;0.0;0.0;0.0;0.0;0.0;0.0;0.0;0.0;0.0;0.0;55.0;0.4565451979745995;0.0;0.0;0.0;0.0;0.0;0.0;0.0;0.0;0.0;0.0;3243.0;26.919565036938657;0.0;0.0;0.0;0.0;0.0;0.0;0.0;0.0;137527.0;76.14246642084399;137527.0;76.14246642084399;0.0;0.0;0.0;0.0;0.0;0.0;0.0;0.0;760.0;0.4207775526248768;0.0;0.0;0.0;0.0;0.0;0.0;0.0;0.0;0.0;0.0;34983.0;19.368501478257983;0.0;0.0;0.0;0.0;0.0;0.0;-1.0;1.0;0.9249022799499497;0.38020490862610556;1.0;0.0;3.7548860025025195;2.0;6782.0;3.7548860025025195;-1.0;1000.0;20.69951514388263;139.31092283530572;1000.0;0.0;5.783640828663182;3.0;1837.0;5.783640828663182;0.0;14.0;1.2471154644309788;1.1923547047933125;14.0;0.0;0.0;13.0;0.0;0.0;2.0;120.0;14.99277828505022;19.602610459409274;0.0;11.0;0.0;6.046042095752652;4385.0;5334.0;8414.0;11035.0;11627.0;12047.0;12047.0;12047.0;12047.0;36.39910351124762;44.27658338175479;69.84311446833237;91.59956835726737;96.51365485183034;100.0;100.0;100.0;100.0;7690.0;6805.0;3633.0;1012.0;420.0;0.0;0.0;0.0;0.0;0.0;0.0;63.83331949863037;56.48709222212999;30.156885531667637;8.40043164273263;3.4863451481696686;0.0;0.0;0.0;0.0;0.0;0.0;3780.0;31034.0;31762.0;31762.0;31762.0;31762.0;31762.0;31762.0;31762.0;11.9010137900636;97.70795289969145;100.0;100.0;100.0;100.0;100.0;100.0;100.0;27982.0;3531.0;0.0;0.0;0.0;0.0;0.0;0.0;0.0;0.0;0.0;88.0989862099364;11.117058119765758;0.0;0.0;0.0;0.0;0.0;0.0;0.0;0.0;0.0;neos-933966;14;1656;0.052138;1608;0.057466;RED_SPLIT;25978;-10.278490566237029;10.278490566237029;23.280440608277065;23.280440608277065;0.44150756161301524;-1486.0940473687576;1486.0940473687576;<;-514.9473783951659;1
31762.0;12047.0;2.636507014194405;0.0;0.0;0.0;0.0;12047.0;180618.0;180618.0;0.04720350823326686;27982.0;0.0;27982.0;3780.0;88.0989862099364;88.0989862099364;3780.0;11.9010137900636;0.0;0.0;0.0;0.0;5075.0;42.1266705403835;0.0;0.0;0.0;0.0;0.0;0.0;0.0;0.0;0.0;0.0;55.0;0.4565451979745995;0.0;0.0;0.0;0.0;0.0;0.0;0.0;0.0;0.0;0.0;3243.0;26.919565036938657;0.0;0.0;0.0;0.0;0.0;0.0;0.0;0.0;137527.0;76.14246642084399;137527.0;76.14246642084399;0.0;0.0;0.0;0.0;0.0;0.0;0.0;0.0;760.0;0.4207775526248768;0.0;0.0;0.0;0.0;0.0;0.0;0.0;0.0;0.0;0.0;34983.0;19.368501478257983;0.0;0.0;0.0;0.0;0.0;0.0;-1.0;1.0;0.9249022799499497;0.38020490862610556;1.0;0.0;3.7548860025025195;2.0;6782.0;3.7548860025025195;-1.0;1000.0;20.69951514388263;139.31092283530572;1000.0;0.0;5.783640828663182;3.0;1837.0;5.783640828663182;0.0;14.0;1.2471154644309788;1.1923547047933125;14.0;0.0;0.0;13.0;0.0;0.0;2.0;120.0;14.99277828505022;19.602610459409274;0.0;11.0;0.0;6.046042095752652;4385.0;5334.0;8414.0;11035.0;11627.0;12047.0;12047.0;12047.0;12047.0;36.39910351124762;44.27658338175479;69.84311446833237;91.59956835726737;96.51365485183034;100.0;100.0;100.0;100.0;7690.0;6805.0;3633.0;1012.0;420.0;0.0;0.0;0.0;0.0;0.0;0.0;63.83331949863037;56.48709222212999;30.156885531667637;8.40043164273263;3.4863451481696686;0.0;0.0;0.0;0.0;0.0;0.0;3780.0;31034.0;31762.0;31762.0;31762.0;31762.0;31762.0;31762.0;31762.0;11.9010137900636;97.70795289969145;100.0;100.0;100.0;100.0;100.0;100.0;100.0;27982.0;3531.0;0.0;0.0;0.0;0.0;0.0;0.0;0.0;0.0;0.0;88.0989862099364;11.117058119765758;0.0;0.0;0.0;0.0;0.0;0.0;0.0;0.0;0.0;neos-933966;14;1656;0.052138;1608;0.057466;RED_SPLIT;26162;-24.35458489528403;24.35458489528403;63.343789512608;63.343789512608;0.38448260015192925;-4467.616584096298;4467.616584096298;<;-1504.292188312049;1
31762.0;12047.0;2.636507014194405;0.0;0.0;0.0;0.0;12047.0;180618.0;180618.0;0.04720350823326686;27982.0;0.0;27982.0;3780.0;88.0989862099364;88.0989862099364;3780.0;11.9010137900636;0.0;0.0;0.0;0.0;5075.0;42.1266705403835;0.0;0.0;0.0;0.0;0.0;0.0;0.0;0.0;0.0;0.0;55.0;0.4565451979745995;0.0;0.0;0.0;0.0;0.0;0.0;0.0;0.0;0.0;0.0;3243.0;26.919565036938657;0.0;0.0;0.0;0.0;0.0;0.0;0.0;0.0;137527.0;76.14246642084399;137527.0;76.14246642084399;0.0;0.0;0.0;0.0;0.0;0.0;0.0;0.0;760.0;0.4207775526248768;0.0;0.0;0.0;0.0;0.0;0.0;0.0;0.0;0.0;0.0;34983.0;19.368501478257983;0.0;0.0;0.0;0.0;0.0;0.0;-1.0;1.0;0.9249022799499497;0.38020490862610556;1.0;0.0;3.7548860025025195;2.0;6782.0;3.7548860025025195;-1.0;1000.0;20.69951514388263;139.31092283530572;1000.0;0.0;5.783640828663182;3.0;1837.0;5.783640828663182;0.0;14.0;1.2471154644309788;1.1923547047933125;14.0;0.0;0.0;13.0;0.0;0.0;2.0;120.0;14.99277828505022;19.602610459409274;0.0;11.0;0.0;6.046042095752652;4385.0;5334.0;8414.0;11035.0;11627.0;12047.0;12047.0;12047.0;12047.0;36.39910351124762;44.27658338175479;69.84311446833237;91.59956835726737;96.51365485183034;100.0;100.0;100.0;100.0;7690.0;6805.0;3633.0;1012.0;420.0;0.0;0.0;0.0;0.0;0.0;0.0;63.83331949863037;56.48709222212999;30.156885531667637;8.40043164273263;3.4863451481696686;0.0;0.0;0.0;0.0;0.0;0.0;3780.0;31034.0;31762.0;31762.0;31762.0;31762.0;31762.0;31762.0;31762.0;11.9010137900636;97.70795289969145;100.0;100.0;100.0;100.0;100.0;100.0;100.0;27982.0;3531.0;0.0;0.0;0.0;0.0;0.0;0.0;0.0;0.0;0.0;88.0989862099364;11.117058119765758;0.0;0.0;0.0;0.0;0.0;0.0;0.0;0.0;0.0;neos-933966;14;1656;0.052138;1608;0.057466;RED_SPLIT;26184;-16.715646157750736;16.715646157750736;40.566101147366744;40.566101147366744;0.4120594704683813;-2763.806778698187;2763.806778698187;<;-943.5820092188007;1
31762.0;12047.0;2.636507014194405;0.0;0.0;0.0;0.0;12047.0;180618.0;180618.0;0.04720350823326686;27982.0;0.0;27982.0;3780.0;88.0989862099364;88.0989862099364;3780.0;11.9010137900636;0.0;0.0;0.0;0.0;5075.0;42.1266705403835;0.0;0.0;0.0;0.0;0.0;0.0;0.0;0.0;0.0;0.0;55.0;0.4565451979745995;0.0;0.0;0.0;0.0;0.0;0.0;0.0;0.0;0.0;0.0;3243.0;26.919565036938657;0.0;0.0;0.0;0.0;0.0;0.0;0.0;0.0;137527.0;76.14246642084399;137527.0;76.14246642084399;0.0;0.0;0.0;0.0;0.0;0.0;0.0;0.0;760.0;0.4207775526248768;0.0;0.0;0.0;0.0;0.0;0.0;0.0;0.0;0.0;0.0;34983.0;19.368501478257983;0.0;0.0;0.0;0.0;0.0;0.0;-1.0;1.0;0.9249022799499497;0.38020490862610556;1.0;0.0;3.7548860025025195;2.0;6782.0;3.7548860025025195;-1.0;1000.0;20.69951514388263;139.31092283530572;1000.0;0.0;5.783640828663182;3.0;1837.0;5.783640828663182;0.0;14.0;1.2471154644309788;1.1923547047933125;14.0;0.0;0.0;13.0;0.0;0.0;2.0;120.0;14.99277828505022;19.602610459409274;0.0;11.0;0.0;6.046042095752652;4385.0;5334.0;8414.0;11035.0;11627.0;12047.0;12047.0;12047.0;12047.0;36.39910351124762;44.27658338175479;69.84311446833237;91.59956835726737;96.51365485183034;100.0;100.0;100.0;100.0;7690.0;6805.0;3633.0;1012.0;420.0;0.0;0.0;0.0;0.0;0.0;0.0;63.83331949863037;56.48709222212999;30.156885531667637;8.40043164273263;3.4863451481696686;0.0;0.0;0.0;0.0;0.0;0.0;3780.0;31034.0;31762.0;31762.0;31762.0;31762.0;31762.0;31762.0;31762.0;11.9010137900636;97.70795289969145;100.0;100.0;100.0;100.0;100.0;100.0;100.0;27982.0;3531.0;0.0;0.0;0.0;0.0;0.0;0.0;0.0;0.0;0.0;88.0989862099364;11.117058119765758;0.0;0.0;0.0;0.0;0.0;0.0;0.0;0.0;0.0;neos-933966;14;1656;0.052138;1608;0.057466;RED_SPLIT;26046;-8.975509365522596;8.975509365522596;23.01093819506822;23.01093819506822;0.39005403818981427;-1501.176495290032;1501.176495290032;<;-520.0819824588943;1
31762.0;12047.0;2.636507014194405;0.0;0.0;0.0;0.0;12047.0;180618.0;180618.0;0.04720350823326686;27982.0;0.0;27982.0;3780.0;88.0989862099364;88.0989862099364;3780.0;11.9010137900636;0.0;0.0;0.0;0.0;5075.0;42.1266705403835;0.0;0.0;0.0;0.0;0.0;0.0;0.0;0.0;0.0;0.0;55.0;0.4565451979745995;0.0;0.0;0.0;0.0;0.0;0.0;0.0;0.0;0.0;0.0;3243.0;26.919565036938657;0.0;0.0;0.0;0.0;0.0;0.0;0.0;0.0;137527.0;76.14246642084399;137527.0;76.14246642084399;0.0;0.0;0.0;0.0;0.0;0.0;0.0;0.0;760.0;0.4207775526248768;0.0;0.0;0.0;0.0;0.0;0.0;0.0;0.0;0.0;0.0;34983.0;19.368501478257983;0.0;0.0;0.0;0.0;0.0;0.0;-1.0;1.0;0.9249022799499497;0.38020490862610556;1.0;0.0;3.7548860025025195;2.0;6782.0;3.7548860025025195;-1.0;1000.0;20.69951514388263;139.31092283530572;1000.0;0.0;5.783640828663182;3.0;1837.0;5.783640828663182;0.0;14.0;1.2471154644309788;1.1923547047933125;14.0;0.0;0.0;13.0;0.0;0.0;2.0;120.0;14.99277828505022;19.602610459409274;0.0;11.0;0.0;6.046042095752652;4385.0;5334.0;8414.0;11035.0;11627.0;12047.0;12047.0;12047.0;12047.0;36.39910351124762;44.27658338175479;69.84311446833237;91.59956835726737;96.51365485183034;100.0;100.0;100.0;100.0;7690.0;6805.0;3633.0;1012.0;420.0;0.0;0.0;0.0;0.0;0.0;0.0;63.83331949863037;56.48709222212999;30.156885531667637;8.40043164273263;3.4863451481696686;0.0;0.0;0.0;0.0;0.0;0.0;3780.0;31034.0;31762.0;31762.0;31762.0;31762.0;31762.0;31762.0;31762.0;11.9010137900636;97.70795289969145;100.0;100.0;100.0;100.0;100.0;100.0;100.0;27982.0;3531.0;0.0;0.0;0.0;0.0;0.0;0.0;0.0;0.0;0.0;88.0989862099364;11.117058119765758;0.0;0.0;0.0;0.0;0.0;0.0;0.0;0.0;0.0;neos-933966;14;1656;0.052138;1608;0.057466;RED_SPLIT;26227;-8.534537672376082;8.534537672376082;19.42265366836107;19.42265366836107;0.4394115149300423;-1452.2228710290617;1452.2228710290617;<;-496.83691427005147;1
31762.0;12047.0;2.636507014194405;0.0;0.0;0.0;0.0;12047.0;180618.0;180618.0;0.04720350823326686;27982.0;0.0;27982.0;3780.0;88.0989862099364;88.0989862099364;3780.0;11.9010137900636;0.0;0.0;0.0;0.0;5075.0;42.1266705403835;0.0;0.0;0.0;0.0;0.0;0.0;0.0;0.0;0.0;0.0;55.0;0.4565451979745995;0.0;0.0;0.0;0.0;0.0;0.0;0.0;0.0;0.0;0.0;3243.0;26.919565036938657;0.0;0.0;0.0;0.0;0.0;0.0;0.0;0.0;137527.0;76.14246642084399;137527.0;76.14246642084399;0.0;0.0;0.0;0.0;0.0;0.0;0.0;0.0;760.0;0.4207775526248768;0.0;0.0;0.0;0.0;0.0;0.0;0.0;0.0;0.0;0.0;34983.0;19.368501478257983;0.0;0.0;0.0;0.0;0.0;0.0;-1.0;1.0;0.9249022799499497;0.38020490862610556;1.0;0.0;3.7548860025025195;2.0;6782.0;3.7548860025025195;-1.0;1000.0;20.69951514388263;139.31092283530572;1000.0;0.0;5.783640828663182;3.0;1837.0;5.783640828663182;0.0;14.0;1.2471154644309788;1.1923547047933125;14.0;0.0;0.0;13.0;0.0;0.0;2.0;120.0;14.99277828505022;19.602610459409274;0.0;11.0;0.0;6.046042095752652;4385.0;5334.0;8414.0;11035.0;11627.0;12047.0;12047.0;12047.0;12047.0;36.39910351124762;44.27658338175479;69.84311446833237;91.59956835726737;96.51365485183034;100.0;100.0;100.0;100.0;7690.0;6805.0;3633.0;1012.0;420.0;0.0;0.0;0.0;0.0;0.0;0.0;63.83331949863037;56.48709222212999;30.156885531667637;8.40043164273263;3.4863451481696686;0.0;0.0;0.0;0.0;0.0;0.0;3780.0;31034.0;31762.0;31762.0;31762.0;31762.0;31762.0;31762.0;31762.0;11.9010137900636;97.70795289969145;100.0;100.0;100.0;100.0;100.0;100.0;100.0;27982.0;3531.0;0.0;0.0;0.0;0.0;0.0;0.0;0.0;0.0;0.0;88.0989862099364;11.117058119765758;0.0;0.0;0.0;0.0;0.0;0.0;0.0;0.0;0.0;neos-933966;14;1656;0.052138;1608;0.057466;RED_SPLIT;26139;-8.894743202710755;8.894743202710755;26.502469407629786;26.502469407629786;0.3356194121348575;-1781.4803551633654;1781.4803551633654;<;-597.3441806261253;1
31762.0;12047.0;2.636507014194405;0.0;0.0;0.0;0.0;12047.0;180618.0;180618.0;0.04720350823326686;27982.0;0.0;27982.0;3780.0;88.0989862099364;88.0989862099364;3780.0;11.9010137900636;0.0;0.0;0.0;0.0;5075.0;42.1266705403835;0.0;0.0;0.0;0.0;0.0;0.0;0.0;0.0;0.0;0.0;55.0;0.4565451979745995;0.0;0.0;0.0;0.0;0.0;0.0;0.0;0.0;0.0;0.0;3243.0;26.919565036938657;0.0;0.0;0.0;0.0;0.0;0.0;0.0;0.0;137527.0;76.14246642084399;137527.0;76.14246642084399;0.0;0.0;0.0;0.0;0.0;0.0;0.0;0.0;760.0;0.4207775526248768;0.0;0.0;0.0;0.0;0.0;0.0;0.0;0.0;0.0;0.0;34983.0;19.368501478257983;0.0;0.0;0.0;0.0;0.0;0.0;-1.0;1.0;0.9249022799499497;0.38020490862610556;1.0;0.0;3.7548860025025195;2.0;6782.0;3.7548860025025195;-1.0;1000.0;20.69951514388263;139.31092283530572;1000.0;0.0;5.783640828663182;3.0;1837.0;5.783640828663182;0.0;14.0;1.2471154644309788;1.1923547047933125;14.0;0.0;0.0;13.0;0.0;0.0;2.0;120.0;14.99277828505022;19.602610459409274;0.0;11.0;0.0;6.046042095752652;4385.0;5334.0;8414.0;11035.0;11627.0;12047.0;12047.0;12047.0;12047.0;36.39910351124762;44.27658338175479;69.84311446833237;91.59956835726737;96.51365485183034;100.0;100.0;100.0;100.0;7690.0;6805.0;3633.0;1012.0;420.0;0.0;0.0;0.0;0.0;0.0;0.0;63.83331949863037;56.48709222212999;30.156885531667637;8.40043164273263;3.4863451481696686;0.0;0.0;0.0;0.0;0.0;0.0;3780.0;31034.0;31762.0;31762.0;31762.0;31762.0;31762.0;31762.0;31762.0;11.9010137900636;97.70795289969145;100.0;100.0;100.0;100.0;100.0;100.0;100.0;27982.0;3531.0;0.0;0.0;0.0;0.0;0.0;0.0;0.0;0.0;0.0;88.0989862099364;11.117058119765758;0.0;0.0;0.0;0.0;0.0;0.0;0.0;0.0;0.0;neos-933966;14;1656;0.052138;1608;0.057466;RED_SPLIT;26187;-5.877088784488585;5.877088784488585;16.190132773697194;16.190132773697194;0.3630043599170859;-1174.0816721531764;1174.0816721531764;<;-409.1045697746466;1
31762.0;12047.0;2.636507014194405;0.0;0.0;0.0;0.0;12047.0;180618.0;180618.0;0.04720350823326686;27982.0;0.0;27982.0;3780.0;88.0989862099364;88.0989862099364;3780.0;11.9010137900636;0.0;0.0;0.0;0.0;5075.0;42.1266705403835;0.0;0.0;0.0;0.0;0.0;0.0;0.0;0.0;0.0;0.0;55.0;0.4565451979745995;0.0;0.0;0.0;0.0;0.0;0.0;0.0;0.0;0.0;0.0;3243.0;26.919565036938657;0.0;0.0;0.0;0.0;0.0;0.0;0.0;0.0;137527.0;76.14246642084399;137527.0;76.14246642084399;0.0;0.0;0.0;0.0;0.0;0.0;0.0;0.0;760.0;0.4207775526248768;0.0;0.0;0.0;0.0;0.0;0.0;0.0;0.0;0.0;0.0;34983.0;19.368501478257983;0.0;0.0;0.0;0.0;0.0;0.0;-1.0;1.0;0.9249022799499497;0.38020490862610556;1.0;0.0;3.7548860025025195;2.0;6782.0;3.7548860025025195;-1.0;1000.0;20.69951514388263;139.31092283530572;1000.0;0.0;5.783640828663182;3.0;1837.0;5.783640828663182;0.0;14.0;1.2471154644309788;1.1923547047933125;14.0;0.0;0.0;13.0;0.0;0.0;2.0;120.0;14.99277828505022;19.602610459409274;0.0;11.0;0.0;6.046042095752652;4385.0;5334.0;8414.0;11035.0;11627.0;12047.0;12047.0;12047.0;12047.0;36.39910351124762;44.27658338175479;69.84311446833237;91.59956835726737;96.51365485183034;100.0;100.0;100.0;100.0;7690.0;6805.0;3633.0;1012.0;420.0;0.0;0.0;0.0;0.0;0.0;0.0;63.83331949863037;56.48709222212999;30.156885531667637;8.40043164273263;3.4863451481696686;0.0;0.0;0.0;0.0;0.0;0.0;3780.0;31034.0;31762.0;31762.0;31762.0;31762.0;31762.0;31762.0;31762.0;11.9010137900636;97.70795289969145;100.0;100.0;100.0;100.0;100.0;100.0;100.0;27982.0;3531.0;0.0;0.0;0.0;0.0;0.0;0.0;0.0;0.0;0.0;88.0989862099364;11.117058119765758;0.0;0.0;0.0;0.0;0.0;0.0;0.0;0.0;0.0;neos-933966;14;1656;0.052138;1608;0.057466;MIR;26086;-15663.692807537958;15663.692807537958;39683.42059147197;39683.42059147197;0.39471629648035206;-2825089.0277897804;2825089.0277897804;<;-986070.5462107207;1
31762.0;12047.0;2.636507014194405;0.0;0.0;0.0;0.0;12047.0;180618.0;180618.0;0.04720350823326686;27982.0;0.0;27982.0;3780.0;88.0989862099364;88.0989862099364;3780.0;11.9010137900636;0.0;0.0;0.0;0.0;5075.0;42.1266705403835;0.0;0.0;0.0;0.0;0.0;0.0;0.0;0.0;0.0;0.0;55.0;0.4565451979745995;0.0;0.0;0.0;0.0;0.0;0.0;0.0;0.0;0.0;0.0;3243.0;26.919565036938657;0.0;0.0;0.0;0.0;0.0;0.0;0.0;0.0;137527.0;76.14246642084399;137527.0;76.14246642084399;0.0;0.0;0.0;0.0;0.0;0.0;0.0;0.0;760.0;0.4207775526248768;0.0;0.0;0.0;0.0;0.0;0.0;0.0;0.0;0.0;0.0;34983.0;19.368501478257983;0.0;0.0;0.0;0.0;0.0;0.0;-1.0;1.0;0.9249022799499497;0.38020490862610556;1.0;0.0;3.7548860025025195;2.0;6782.0;3.7548860025025195;-1.0;1000.0;20.69951514388263;139.31092283530572;1000.0;0.0;5.783640828663182;3.0;1837.0;5.783640828663182;0.0;14.0;1.2471154644309788;1.1923547047933125;14.0;0.0;0.0;13.0;0.0;0.0;2.0;120.0;14.99277828505022;19.602610459409274;0.0;11.0;0.0;6.046042095752652;4385.0;5334.0;8414.0;11035.0;11627.0;12047.0;12047.0;12047.0;12047.0;36.39910351124762;44.27658338175479;69.84311446833237;91.59956835726737;96.51365485183034;100.0;100.0;100.0;100.0;7690.0;6805.0;3633.0;1012.0;420.0;0.0;0.0;0.0;0.0;0.0;0.0;63.83331949863037;56.48709222212999;30.156885531667637;8.40043164273263;3.4863451481696686;0.0;0.0;0.0;0.0;0.0;0.0;3780.0;31034.0;31762.0;31762.0;31762.0;31762.0;31762.0;31762.0;31762.0;11.9010137900636;97.70795289969145;100.0;100.0;100.0;100.0;100.0;100.0;100.0;27982.0;3531.0;0.0;0.0;0.0;0.0;0.0;0.0;0.0;0.0;0.0;88.0989862099364;11.117058119765758;0.0;0.0;0.0;0.0;0.0;0.0;0.0;0.0;0.0;neos-933966;14;1656;0.052138;1608;0.057466;MIR;26055;-31272.006051265813;31272.006051265813;79223.35450980188;79223.35450980188;0.39473216256447075;-5640284.205757222;5640284.205757222;<;-1969081.5180497798;1
31762.0;12047.0;2.636507014194405;0.0;0.0;0.0;0.0;12047.0;180618.0;180618.0;0.04720350823326686;27982.0;0.0;27982.0;3780.0;88.0989862099364;88.0989862099364;3780.0;11.9010137900636;0.0;0.0;0.0;0.0;5075.0;42.1266705403835;0.0;0.0;0.0;0.0;0.0;0.0;0.0;0.0;0.0;0.0;55.0;0.4565451979745995;0.0;0.0;0.0;0.0;0.0;0.0;0.0;0.0;0.0;0.0;3243.0;26.919565036938657;0.0;0.0;0.0;0.0;0.0;0.0;0.0;0.0;137527.0;76.14246642084399;137527.0;76.14246642084399;0.0;0.0;0.0;0.0;0.0;0.0;0.0;0.0;760.0;0.4207775526248768;0.0;0.0;0.0;0.0;0.0;0.0;0.0;0.0;0.0;0.0;34983.0;19.368501478257983;0.0;0.0;0.0;0.0;0.0;0.0;-1.0;1.0;0.9249022799499497;0.38020490862610556;1.0;0.0;3.7548860025025195;2.0;6782.0;3.7548860025025195;-1.0;1000.0;20.69951514388263;139.31092283530572;1000.0;0.0;5.783640828663182;3.0;1837.0;5.783640828663182;0.0;14.0;1.2471154644309788;1.1923547047933125;14.0;0.0;0.0;13.0;0.0;0.0;2.0;120.0;14.99277828505022;19.602610459409274;0.0;11.0;0.0;6.046042095752652;4385.0;5334.0;8414.0;11035.0;11627.0;12047.0;12047.0;12047.0;12047.0;36.39910351124762;44.27658338175479;69.84311446833237;91.59956835726737;96.51365485183034;100.0;100.0;100.0;100.0;7690.0;6805.0;3633.0;1012.0;420.0;0.0;0.0;0.0;0.0;0.0;0.0;63.83331949863037;56.48709222212999;30.156885531667637;8.40043164273263;3.4863451481696686;0.0;0.0;0.0;0.0;0.0;0.0;3780.0;31034.0;31762.0;31762.0;31762.0;31762.0;31762.0;31762.0;31762.0;11.9010137900636;97.70795289969145;100.0;100.0;100.0;100.0;100.0;100.0;100.0;27982.0;3531.0;0.0;0.0;0.0;0.0;0.0;0.0;0.0;0.0;0.0;88.0989862099364;11.117058119765758;0.0;0.0;0.0;0.0;0.0;0.0;0.0;0.0;0.0;neos-933966;14;1656;0.052138;1608;0.057466;MIR;26180;-2580.2770565416145;2580.2770565416145;6116.735411852062;6116.735411852062;0.42183891942456;-461875.50899682427;461875.50899682427;<;-160411.08229906007;1
31762.0;12047.0;2.636507014194405;0.0;0.0;0.0;0.0;12047.0;180618.0;180618.0;0.04720350823326686;27982.0;0.0;27982.0;3780.0;88.0989862099364;88.0989862099364;3780.0;11.9010137900636;0.0;0.0;0.0;0.0;5075.0;42.1266705403835;0.0;0.0;0.0;0.0;0.0;0.0;0.0;0.0;0.0;0.0;55.0;0.4565451979745995;0.0;0.0;0.0;0.0;0.0;0.0;0.0;0.0;0.0;0.0;3243.0;26.919565036938657;0.0;0.0;0.0;0.0;0.0;0.0;0.0;0.0;137527.0;76.14246642084399;137527.0;76.14246642084399;0.0;0.0;0.0;0.0;0.0;0.0;0.0;0.0;760.0;0.4207775526248768;0.0;0.0;0.0;0.0;0.0;0.0;0.0;0.0;0.0;0.0;34983.0;19.368501478257983;0.0;0.0;0.0;0.0;0.0;0.0;-1.0;1.0;0.9249022799499497;0.38020490862610556;1.0;0.0;3.7548860025025195;2.0;6782.0;3.7548860025025195;-1.0;1000.0;20.69951514388263;139.31092283530572;1000.0;0.0;5.783640828663182;3.0;1837.0;5.783640828663182;0.0;14.0;1.2471154644309788;1.1923547047933125;14.0;0.0;0.0;13.0;0.0;0.0;2.0;120.0;14.99277828505022;19.602610459409274;0.0;11.0;0.0;6.046042095752652;4385.0;5334.0;8414.0;11035.0;11627.0;12047.0;12047.0;12047.0;12047.0;36.39910351124762;44.27658338175479;69.84311446833237;91.59956835726737;96.51365485183034;100.0;100.0;100.0;100.0;7690.0;6805.0;3633.0;1012.0;420.0;0.0;0.0;0.0;0.0;0.0;0.0;63.83331949863037;56.48709222212999;30.156885531667637;8.40043164273263;3.4863451481696686;0.0;0.0;0.0;0.0;0.0;0.0;3780.0;31034.0;31762.0;31762.0;31762.0;31762.0;31762.0;31762.0;31762.0;11.9010137900636;97.70795289969145;100.0;100.0;100.0;100.0;100.0;100.0;100.0;27982.0;3531.0;0.0;0.0;0.0;0.0;0.0;0.0;0.0;0.0;0.0;88.0989862099364;11.117058119765758;0.0;0.0;0.0;0.0;0.0;0.0;0.0;0.0;0.0;neos-933966;14;1656;0.052138;1608;0.057466;MIR;26172;-39648.27189818736;39648.27189818736;93987.35271793648;93987.35271793648;0.42184688419914307;-7097288.131204085;7097288.131204085;<;-2465327.1533172783;1
31762.0;12047.0;2.636507014194405;0.0;0.0;0.0;0.0;12047.0;180618.0;180618.0;0.04720350823326686;27982.0;0.0;27982.0;3780.0;88.0989862099364;88.0989862099364;3780.0;11.9010137900636;0.0;0.0;0.0;0.0;5075.0;42.1266705403835;0.0;0.0;0.0;0.0;0.0;0.0;0.0;0.0;0.0;0.0;55.0;0.4565451979745995;0.0;0.0;0.0;0.0;0.0;0.0;0.0;0.0;0.0;0.0;3243.0;26.919565036938657;0.0;0.0;0.0;0.0;0.0;0.0;0.0;0.0;137527.0;76.14246642084399;137527.0;76.14246642084399;0.0;0.0;0.0;0.0;0.0;0.0;0.0;0.0;760.0;0.4207775526248768;0.0;0.0;0.0;0.0;0.0;0.0;0.0;0.0;0.0;0.0;34983.0;19.368501478257983;0.0;0.0;0.0;0.0;0.0;0.0;-1.0;1.0;0.9249022799499497;0.38020490862610556;1.0;0.0;3.7548860025025195;2.0;6782.0;3.7548860025025195;-1.0;1000.0;20.69951514388263;139.31092283530572;1000.0;0.0;5.783640828663182;3.0;1837.0;5.783640828663182;0.0;14.0;1.2471154644309788;1.1923547047933125;14.0;0.0;0.0;13.0;0.0;0.0;2.0;120.0;14.99277828505022;19.602610459409274;0.0;11.0;0.0;6.046042095752652;4385.0;5334.0;8414.0;11035.0;11627.0;12047.0;12047.0;12047.0;12047.0;36.39910351124762;44.27658338175479;69.84311446833237;91.59956835726737;96.51365485183034;100.0;100.0;100.0;100.0;7690.0;6805.0;3633.0;1012.0;420.0;0.0;0.0;0.0;0.0;0.0;0.0;63.83331949863037;56.48709222212999;30.156885531667637;8.40043164273263;3.4863451481696686;0.0;0.0;0.0;0.0;0.0;0.0;3780.0;31034.0;31762.0;31762.0;31762.0;31762.0;31762.0;31762.0;31762.0;11.9010137900636;97.70795289969145;100.0;100.0;100.0;100.0;100.0;100.0;100.0;27982.0;3531.0;0.0;0.0;0.0;0.0;0.0;0.0;0.0;0.0;0.0;88.0989862099364;11.117058119765758;0.0;0.0;0.0;0.0;0.0;0.0;0.0;0.0;0.0;neos-933966;14;1656;0.052138;1608;0.057466;MIR;26146;-1452.1706279377509;1452.1706279377509;3674.3604435076804;3674.3604435076804;0.39521724944095443;-264706.19888521323;264706.19888521323;<;-89939.10850928113;1
31762.0;12047.0;2.636507014194405;0.0;0.0;0.0;0.0;12047.0;180618.0;180618.0;0.04720350823326686;27982.0;0.0;27982.0;3780.0;88.0989862099364;88.0989862099364;3780.0;11.9010137900636;0.0;0.0;0.0;0.0;5075.0;42.1266705403835;0.0;0.0;0.0;0.0;0.0;0.0;0.0;0.0;0.0;0.0;55.0;0.4565451979745995;0.0;0.0;0.0;0.0;0.0;0.0;0.0;0.0;0.0;0.0;3243.0;26.919565036938657;0.0;0.0;0.0;0.0;0.0;0.0;0.0;0.0;137527.0;76.14246642084399;137527.0;76.14246642084399;0.0;0.0;0.0;0.0;0.0;0.0;0.0;0.0;760.0;0.4207775526248768;0.0;0.0;0.0;0.0;0.0;0.0;0.0;0.0;0.0;0.0;34983.0;19.368501478257983;0.0;0.0;0.0;0.0;0.0;0.0;-1.0;1.0;0.9249022799499497;0.38020490862610556;1.0;0.0;3.7548860025025195;2.0;6782.0;3.7548860025025195;-1.0;1000.0;20.69951514388263;139.31092283530572;1000.0;0.0;5.783640828663182;3.0;1837.0;5.783640828663182;0.0;14.0;1.2471154644309788;1.1923547047933125;14.0;0.0;0.0;13.0;0.0;0.0;2.0;120.0;14.99277828505022;19.602610459409274;0.0;11.0;0.0;6.046042095752652;4385.0;5334.0;8414.0;11035.0;11627.0;12047.0;12047.0;12047.0;12047.0;36.39910351124762;44.27658338175479;69.84311446833237;91.59956835726737;96.51365485183034;100.0;100.0;100.0;100.0;7690.0;6805.0;3633.0;1012.0;420.0;0.0;0.0;0.0;0.0;0.0;0.0;63.83331949863037;56.48709222212999;30.156885531667637;8.40043164273263;3.4863451481696686;0.0;0.0;0.0;0.0;0.0;0.0;3780.0;31034.0;31762.0;31762.0;31762.0;31762.0;31762.0;31762.0;31762.0;11.9010137900636;97.70795289969145;100.0;100.0;100.0;100.0;100.0;100.0;100.0;27982.0;3531.0;0.0;0.0;0.0;0.0;0.0;0.0;0.0;0.0;0.0;88.0989862099364;11.117058119765758;0.0;0.0;0.0;0.0;0.0;0.0;0.0;0.0;0.0;neos-933966;14;1656;0.052138;1608;0.057466;MIR;26146;-48678.4951891361;48678.4951891361;123166.1536047682;123166.1536047682;0.39522623516637595;-8873371.93240797;8873371.93240797;<;-3015306.866144322;1
31762.0;12047.0;2.636507014194405;0.0;0.0;0.0;0.0;12047.0;180618.0;180618.0;0.04720350823326686;27982.0;0.0;27982.0;3780.0;88.0989862099364;88.0989862099364;3780.0;11.9010137900636;0.0;0.0;0.0;0.0;5075.0;42.1266705403835;0.0;0.0;0.0;0.0;0.0;0.0;0.0;0.0;0.0;0.0;55.0;0.4565451979745995;0.0;0.0;0.0;0.0;0.0;0.0;0.0;0.0;0.0;0.0;3243.0;26.919565036938657;0.0;0.0;0.0;0.0;0.0;0.0;0.0;0.0;137527.0;76.14246642084399;137527.0;76.14246642084399;0.0;0.0;0.0;0.0;0.0;0.0;0.0;0.0;760.0;0.4207775526248768;0.0;0.0;0.0;0.0;0.0;0.0;0.0;0.0;0.0;0.0;34983.0;19.368501478257983;0.0;0.0;0.0;0.0;0.0;0.0;-1.0;1.0;0.9249022799499497;0.38020490862610556;1.0;0.0;3.7548860025025195;2.0;6782.0;3.7548860025025195;-1.0;1000.0;20.69951514388263;139.31092283530572;1000.0;0.0;5.783640828663182;3.0;1837.0;5.783640828663182;0.0;14.0;1.2471154644309788;1.1923547047933125;14.0;0.0;0.0;13.0;0.0;0.0;2.0;120.0;14.99277828505022;19.602610459409274;0.0;11.0;0.0;6.046042095752652;4385.0;5334.0;8414.0;11035.0;11627.0;12047.0;12047.0;12047.0;12047.0;36.39910351124762;44.27658338175479;69.84311446833237;91.59956835726737;96.51365485183034;100.0;100.0;100.0;100.0;7690.0;6805.0;3633.0;1012.0;420.0;0.0;0.0;0.0;0.0;0.0;0.0;63.83331949863037;56.48709222212999;30.156885531667637;8.40043164273263;3.4863451481696686;0.0;0.0;0.0;0.0;0.0;0.0;3780.0;31034.0;31762.0;31762.0;31762.0;31762.0;31762.0;31762.0;31762.0;11.9010137900636;97.70795289969145;100.0;100.0;100.0;100.0;100.0;100.0;100.0;27982.0;3531.0;0.0;0.0;0.0;0.0;0.0;0.0;0.0;0.0;0.0;88.0989862099364;11.117058119765758;0.0;0.0;0.0;0.0;0.0;0.0;0.0;0.0;0.0;neos-933966;14;1656;0.052138;1608;0.057466;MIR;25952;-7730.225876061692;7730.225876061692;16685.260085911683;16685.260085911683;0.4632966963810629;-1162798.1983476323;1162798.1983476323;<;-408418.50013387215;1
31762.0;12047.0;2.636507014194405;0.0;0.0;0.0;0.0;12047.0;180618.0;180618.0;0.04720350823326686;27982.0;0.0;27982.0;3780.0;88.0989862099364;88.0989862099364;3780.0;11.9010137900636;0.0;0.0;0.0;0.0;5075.0;42.1266705403835;0.0;0.0;0.0;0.0;0.0;0.0;0.0;0.0;0.0;0.0;55.0;0.4565451979745995;0.0;0.0;0.0;0.0;0.0;0.0;0.0;0.0;0.0;0.0;3243.0;26.919565036938657;0.0;0.0;0.0;0.0;0.0;0.0;0.0;0.0;137527.0;76.14246642084399;137527.0;76.14246642084399;0.0;0.0;0.0;0.0;0.0;0.0;0.0;0.0;760.0;0.4207775526248768;0.0;0.0;0.0;0.0;0.0;0.0;0.0;0.0;0.0;0.0;34983.0;19.368501478257983;0.0;0.0;0.0;0.0;0.0;0.0;-1.0;1.0;0.9249022799499497;0.38020490862610556;1.0;0.0;3.7548860025025195;2.0;6782.0;3.7548860025025195;-1.0;1000.0;20.69951514388263;139.31092283530572;1000.0;0.0;5.783640828663182;3.0;1837.0;5.783640828663182;0.0;14.0;1.2471154644309788;1.1923547047933125;14.0;0.0;0.0;13.0;0.0;0.0;2.0;120.0;14.99277828505022;19.602610459409274;0.0;11.0;0.0;6.046042095752652;4385.0;5334.0;8414.0;11035.0;11627.0;12047.0;12047.0;12047.0;12047.0;36.39910351124762;44.27658338175479;69.84311446833237;91.59956835726737;96.51365485183034;100.0;100.0;100.0;100.0;7690.0;6805.0;3633.0;1012.0;420.0;0.0;0.0;0.0;0.0;0.0;0.0;63.83331949863037;56.48709222212999;30.156885531667637;8.40043164273263;3.4863451481696686;0.0;0.0;0.0;0.0;0.0;0.0;3780.0;31034.0;31762.0;31762.0;31762.0;31762.0;31762.0;31762.0;31762.0;11.9010137900636;97.70795289969145;100.0;100.0;100.0;100.0;100.0;100.0;100.0;27982.0;3531.0;0.0;0.0;0.0;0.0;0.0;0.0;0.0;0.0;0.0;88.0989862099364;11.117058119765758;0.0;0.0;0.0;0.0;0.0;0.0;0.0;0.0;0.0;neos-933966;14;1656;0.052138;1608;0.057466;MIR;25944;-125239.81466055801;125239.81466055801;270322.12406387675;270322.12406387675;0.46329842625446377;-18839083.139162607;18839083.139162607;<;-6617368.284459053;1
31762.0;12047.0;2.636507014194405;0.0;0.0;0.0;0.0;12047.0;180618.0;180618.0;0.04720350823326686;27982.0;0.0;27982.0;3780.0;88.0989862099364;88.0989862099364;3780.0;11.9010137900636;0.0;0.0;0.0;0.0;5075.0;42.1266705403835;0.0;0.0;0.0;0.0;0.0;0.0;0.0;0.0;0.0;0.0;55.0;0.4565451979745995;0.0;0.0;0.0;0.0;0.0;0.0;0.0;0.0;0.0;0.0;3243.0;26.919565036938657;0.0;0.0;0.0;0.0;0.0;0.0;0.0;0.0;137527.0;76.14246642084399;137527.0;76.14246642084399;0.0;0.0;0.0;0.0;0.0;0.0;0.0;0.0;760.0;0.4207775526248768;0.0;0.0;0.0;0.0;0.0;0.0;0.0;0.0;0.0;0.0;34983.0;19.368501478257983;0.0;0.0;0.0;0.0;0.0;0.0;-1.0;1.0;0.9249022799499497;0.38020490862610556;1.0;0.0;3.7548860025025195;2.0;6782.0;3.7548860025025195;-1.0;1000.0;20.69951514388263;139.31092283530572;1000.0;0.0;5.783640828663182;3.0;1837.0;5.783640828663182;0.0;14.0;1.2471154644309788;1.1923547047933125;14.0;0.0;0.0;13.0;0.0;0.0;2.0;120.0;14.99277828505022;19.602610459409274;0.0;11.0;0.0;6.046042095752652;4385.0;5334.0;8414.0;11035.0;11627.0;12047.0;12047.0;12047.0;12047.0;36.39910351124762;44.27658338175479;69.84311446833237;91.59956835726737;96.51365485183034;100.0;100.0;100.0;100.0;7690.0;6805.0;3633.0;1012.0;420.0;0.0;0.0;0.0;0.0;0.0;0.0;63.83331949863037;56.48709222212999;30.156885531667637;8.40043164273263;3.4863451481696686;0.0;0.0;0.0;0.0;0.0;0.0;3780.0;31034.0;31762.0;31762.0;31762.0;31762.0;31762.0;31762.0;31762.0;11.9010137900636;97.70795289969145;100.0;100.0;100.0;100.0;100.0;100.0;100.0;27982.0;3531.0;0.0;0.0;0.0;0.0;0.0;0.0;0.0;0.0;0.0;88.0989862099364;11.117058119765758;0.0;0.0;0.0;0.0;0.0;0.0;0.0;0.0;0.0;neos-933966;14;1656;0.052138;1608;0.057466;MIR;25976;-5463.710962833486;5463.710962833486;15645.118832005683;15645.118832005683;0.3492278340293722;-896814.8098736146;896814.8098736146;<;-320741.9329302225;1
31762.0;12047.0;2.636507014194405;0.0;0.0;0.0;0.0;12047.0;180618.0;180618.0;0.04720350823326686;27982.0;0.0;27982.0;3780.0;88.0989862099364;88.0989862099364;3780.0;11.9010137900636;0.0;0.0;0.0;0.0;5075.0;42.1266705403835;0.0;0.0;0.0;0.0;0.0;0.0;0.0;0.0;0.0;0.0;55.0;0.4565451979745995;0.0;0.0;0.0;0.0;0.0;0.0;0.0;0.0;0.0;0.0;3243.0;26.919565036938657;0.0;0.0;0.0;0.0;0.0;0.0;0.0;0.0;137527.0;76.14246642084399;137527.0;76.14246642084399;0.0;0.0;0.0;0.0;0.0;0.0;0.0;0.0;760.0;0.4207775526248768;0.0;0.0;0.0;0.0;0.0;0.0;0.0;0.0;0.0;0.0;34983.0;19.368501478257983;0.0;0.0;0.0;0.0;0.0;0.0;-1.0;1.0;0.9249022799499497;0.38020490862610556;1.0;0.0;3.7548860025025195;2.0;6782.0;3.7548860025025195;-1.0;1000.0;20.69951514388263;139.31092283530572;1000.0;0.0;5.783640828663182;3.0;1837.0;5.783640828663182;0.0;14.0;1.2471154644309788;1.1923547047933125;14.0;0.0;0.0;13.0;0.0;0.0;2.0;120.0;14.99277828505022;19.602610459409274;0.0;11.0;0.0;6.046042095752652;4385.0;5334.0;8414.0;11035.0;11627.0;12047.0;12047.0;12047.0;12047.0;36.39910351124762;44.27658338175479;69.84311446833237;91.59956835726737;96.51365485183034;100.0;100.0;100.0;100.0;7690.0;6805.0;3633.0;1012.0;420.0;0.0;0.0;0.0;0.0;0.0;0.0;63.83331949863037;56.48709222212999;30.156885531667637;8.40043164273263;3.4863451481696686;0.0;0.0;0.0;0.0;0.0;0.0;3780.0;31034.0;31762.0;31762.0;31762.0;31762.0;31762.0;31762.0;31762.0;11.9010137900636;97.70795289969145;100.0;100.0;100.0;100.0;100.0;100.0;100.0;27982.0;3531.0;0.0;0.0;0.0;0.0;0.0;0.0;0.0;0.0;0.0;88.0989862099364;11.117058119765758;0.0;0.0;0.0;0.0;0.0;0.0;0.0;0.0;0.0;neos-933966;14;1656;0.052138;1608;0.057466;MIR;25976;-1811412.348702561;1811412.348702561;5186905.416049387;5186905.416049387;0.3492279506577595;-297325709.1769963;297325709.1769963;<;-106337438.9830409;1
31762.0;12047.0;2.636507014194405;0.0;0.0;0.0;0.0;12047.0;180618.0;180618.0;0.04720350823326686;27982.0;0.0;27982.0;3780.0;88.0989862099364;88.0989862099364;3780.0;11.9010137900636;0.0;0.0;0.0;0.0;5075.0;42.1266705403835;0.0;0.0;0.0;0.0;0.0;0.0;0.0;0.0;0.0;0.0;55.0;0.4565451979745995;0.0;0.0;0.0;0.0;0.0;0.0;0.0;0.0;0.0;0.0;3243.0;26.919565036938657;0.0;0.0;0.0;0.0;0.0;0.0;0.0;0.0;137527.0;76.14246642084399;137527.0;76.14246642084399;0.0;0.0;0.0;0.0;0.0;0.0;0.0;0.0;760.0;0.4207775526248768;0.0;0.0;0.0;0.0;0.0;0.0;0.0;0.0;0.0;0.0;34983.0;19.368501478257983;0.0;0.0;0.0;0.0;0.0;0.0;-1.0;1.0;0.9249022799499497;0.38020490862610556;1.0;0.0;3.7548860025025195;2.0;6782.0;3.7548860025025195;-1.0;1000.0;20.69951514388263;139.31092283530572;1000.0;0.0;5.783640828663182;3.0;1837.0;5.783640828663182;0.0;14.0;1.2471154644309788;1.1923547047933125;14.0;0.0;0.0;13.0;0.0;0.0;2.0;120.0;14.99277828505022;19.602610459409274;0.0;11.0;0.0;6.046042095752652;4385.0;5334.0;8414.0;11035.0;11627.0;12047.0;12047.0;12047.0;12047.0;36.39910351124762;44.27658338175479;69.84311446833237;91.59956835726737;96.51365485183034;100.0;100.0;100.0;100.0;7690.0;6805.0;3633.0;1012.0;420.0;0.0;0.0;0.0;0.0;0.0;0.0;63.83331949863037;56.48709222212999;30.156885531667637;8.40043164273263;3.4863451481696686;0.0;0.0;0.0;0.0;0.0;0.0;3780.0;31034.0;31762.0;31762.0;31762.0;31762.0;31762.0;31762.0;31762.0;11.9010137900636;97.70795289969145;100.0;100.0;100.0;100.0;100.0;100.0;100.0;27982.0;3531.0;0.0;0.0;0.0;0.0;0.0;0.0;0.0;0.0;0.0;88.0989862099364;11.117058119765758;0.0;0.0;0.0;0.0;0.0;0.0;0.0;0.0;0.0;neos-933966;14;1656;0.052138;1608;0.057466;MIR;25858;-21423.55668643568;21423.55668643568;49291.05082554831;49291.05082554831;0.434633799191222;-3373752.6335072983;3373752.6335072983;<;-1175588.4957422735;1
31762.0;12047.0;2.636507014194405;0.0;0.0;0.0;0.0;12047.0;180618.0;180618.0;0.04720350823326686;27982.0;0.0;27982.0;3780.0;88.0989862099364;88.0989862099364;3780.0;11.9010137900636;0.0;0.0;0.0;0.0;5075.0;42.1266705403835;0.0;0.0;0.0;0.0;0.0;0.0;0.0;0.0;0.0;0.0;55.0;0.4565451979745995;0.0;0.0;0.0;0.0;0.0;0.0;0.0;0.0;0.0;0.0;3243.0;26.919565036938657;0.0;0.0;0.0;0.0;0.0;0.0;0.0;0.0;137527.0;76.14246642084399;137527.0;76.14246642084399;0.0;0.0;0.0;0.0;0.0;0.0;0.0;0.0;760.0;0.4207775526248768;0.0;0.0;0.0;0.0;0.0;0.0;0.0;0.0;0.0;0.0;34983.0;19.368501478257983;0.0;0.0;0.0;0.0;0.0;0.0;-1.0;1.0;0.9249022799499497;0.38020490862610556;1.0;0.0;3.7548860025025195;2.0;6782.0;3.7548860025025195;-1.0;1000.0;20.69951514388263;139.31092283530572;1000.0;0.0;5.783640828663182;3.0;1837.0;5.783640828663182;0.0;14.0;1.2471154644309788;1.1923547047933125;14.0;0.0;0.0;13.0;0.0;0.0;2.0;120.0;14.99277828505022;19.602610459409274;0.0;11.0;0.0;6.046042095752652;4385.0;5334.0;8414.0;11035.0;11627.0;12047.0;12047.0;12047.0;12047.0;36.39910351124762;44.27658338175479;69.84311446833237;91.59956835726737;96.51365485183034;100.0;100.0;100.0;100.0;7690.0;6805.0;3633.0;1012.0;420.0;0.0;0.0;0.0;0.0;0.0;0.0;63.83331949863037;56.48709222212999;30.156885531667637;8.40043164273263;3.4863451481696686;0.0;0.0;0.0;0.0;0.0;0.0;3780.0;31034.0;31762.0;31762.0;31762.0;31762.0;31762.0;31762.0;31762.0;11.9010137900636;97.70795289969145;100.0;100.0;100.0;100.0;100.0;100.0;100.0;27982.0;3531.0;0.0;0.0;0.0;0.0;0.0;0.0;0.0;0.0;0.0;88.0989862099364;11.117058119765758;0.0;0.0;0.0;0.0;0.0;0.0;0.0;0.0;0.0;neos-933966;14;1656;0.052138;1608;0.057466;MIR;25857;-26259.608704906135;26259.608704906135;60416.19463883529;60416.19463883529;0.4346451950819584;-4135527.6731565283;4135527.6731565283;<;-1441435.2962429617;1
31762.0;12047.0;2.636507014194405;0.0;0.0;0.0;0.0;12047.0;180618.0;180618.0;0.04720350823326686;27982.0;0.0;27982.0;3780.0;88.0989862099364;88.0989862099364;3780.0;11.9010137900636;0.0;0.0;0.0;0.0;5075.0;42.1266705403835;0.0;0.0;0.0;0.0;0.0;0.0;0.0;0.0;0.0;0.0;55.0;0.4565451979745995;0.0;0.0;0.0;0.0;0.0;0.0;0.0;0.0;0.0;0.0;3243.0;26.919565036938657;0.0;0.0;0.0;0.0;0.0;0.0;0.0;0.0;137527.0;76.14246642084399;137527.0;76.14246642084399;0.0;0.0;0.0;0.0;0.0;0.0;0.0;0.0;760.0;0.4207775526248768;0.0;0.0;0.0;0.0;0.0;0.0;0.0;0.0;0.0;0.0;34983.0;19.368501478257983;0.0;0.0;0.0;0.0;0.0;0.0;-1.0;1.0;0.9249022799499497;0.38020490862610556;1.0;0.0;3.7548860025025195;2.0;6782.0;3.7548860025025195;-1.0;1000.0;20.69951514388263;139.31092283530572;1000.0;0.0;5.783640828663182;3.0;1837.0;5.783640828663182;0.0;14.0;1.2471154644309788;1.1923547047933125;14.0;0.0;0.0;13.0;0.0;0.0;2.0;120.0;14.99277828505022;19.602610459409274;0.0;11.0;0.0;6.046042095752652;4385.0;5334.0;8414.0;11035.0;11627.0;12047.0;12047.0;12047.0;12047.0;36.39910351124762;44.27658338175479;69.84311446833237;91.59956835726737;96.51365485183034;100.0;100.0;100.0;100.0;7690.0;6805.0;3633.0;1012.0;420.0;0.0;0.0;0.0;0.0;0.0;0.0;63.83331949863037;56.48709222212999;30.156885531667637;8.40043164273263;3.4863451481696686;0.0;0.0;0.0;0.0;0.0;0.0;3780.0;31034.0;31762.0;31762.0;31762.0;31762.0;31762.0;31762.0;31762.0;11.9010137900636;97.70795289969145;100.0;100.0;100.0;100.0;100.0;100.0;100.0;27982.0;3531.0;0.0;0.0;0.0;0.0;0.0;0.0;0.0;0.0;0.0;88.0989862099364;11.117058119765758;0.0;0.0;0.0;0.0;0.0;0.0;0.0;0.0;0.0;neos-933966;14;1656;0.052138;1608;0.057466;MIR;26422;-48.154845679663495;48.154845679663495;114.61821176108391;114.61821176108391;0.42013258573637435;-7841.557243475748;7841.557243475748;<;-2621.27023273969;1
31762.0;12047.0;2.636507014194405;0.0;0.0;0.0;0.0;12047.0;180618.0;180618.0;0.04720350823326686;27982.0;0.0;27982.0;3780.0;88.0989862099364;88.0989862099364;3780.0;11.9010137900636;0.0;0.0;0.0;0.0;5075.0;42.1266705403835;0.0;0.0;0.0;0.0;0.0;0.0;0.0;0.0;0.0;0.0;55.0;0.4565451979745995;0.0;0.0;0.0;0.0;0.0;0.0;0.0;0.0;0.0;0.0;3243.0;26.919565036938657;0.0;0.0;0.0;0.0;0.0;0.0;0.0;0.0;137527.0;76.14246642084399;137527.0;76.14246642084399;0.0;0.0;0.0;0.0;0.0;0.0;0.0;0.0;760.0;0.4207775526248768;0.0;0.0;0.0;0.0;0.0;0.0;0.0;0.0;0.0;0.0;34983.0;19.368501478257983;0.0;0.0;0.0;0.0;0.0;0.0;-1.0;1.0;0.9249022799499497;0.38020490862610556;1.0;0.0;3.7548860025025195;2.0;6782.0;3.7548860025025195;-1.0;1000.0;20.69951514388263;139.31092283530572;1000.0;0.0;5.783640828663182;3.0;1837.0;5.783640828663182;0.0;14.0;1.2471154644309788;1.1923547047933125;14.0;0.0;0.0;13.0;0.0;0.0;2.0;120.0;14.99277828505022;19.602610459409274;0.0;11.0;0.0;6.046042095752652;4385.0;5334.0;8414.0;11035.0;11627.0;12047.0;12047.0;12047.0;12047.0;36.39910351124762;44.27658338175479;69.84311446833237;91.59956835726737;96.51365485183034;100.0;100.0;100.0;100.0;7690.0;6805.0;3633.0;1012.0;420.0;0.0;0.0;0.0;0.0;0.0;0.0;63.83331949863037;56.48709222212999;30.156885531667637;8.40043164273263;3.4863451481696686;0.0;0.0;0.0;0.0;0.0;0.0;3780.0;31034.0;31762.0;31762.0;31762.0;31762.0;31762.0;31762.0;31762.0;11.9010137900636;97.70795289969145;100.0;100.0;100.0;100.0;100.0;100.0;100.0;27982.0;3531.0;0.0;0.0;0.0;0.0;0.0;0.0;0.0;0.0;0.0;88.0989862099364;11.117058119765758;0.0;0.0;0.0;0.0;0.0;0.0;0.0;0.0;0.0;neos-933966;14;1656;0.052138;1608;0.057466;MIR;26433;-111021.745248476;111021.745248476;264258.1177387797;264258.1177387797;0.4201261486249648;-18077783.118910883;18077783.118910883;<;-6041181.561171116;1
31762.0;12047.0;2.636507014194405;0.0;0.0;0.0;0.0;12047.0;180618.0;180618.0;0.04720350823326686;27982.0;0.0;27982.0;3780.0;88.0989862099364;88.0989862099364;3780.0;11.9010137900636;0.0;0.0;0.0;0.0;5075.0;42.1266705403835;0.0;0.0;0.0;0.0;0.0;0.0;0.0;0.0;0.0;0.0;55.0;0.4565451979745995;0.0;0.0;0.0;0.0;0.0;0.0;0.0;0.0;0.0;0.0;3243.0;26.919565036938657;0.0;0.0;0.0;0.0;0.0;0.0;0.0;0.0;137527.0;76.14246642084399;137527.0;76.14246642084399;0.0;0.0;0.0;0.0;0.0;0.0;0.0;0.0;760.0;0.4207775526248768;0.0;0.0;0.0;0.0;0.0;0.0;0.0;0.0;0.0;0.0;34983.0;19.368501478257983;0.0;0.0;0.0;0.0;0.0;0.0;-1.0;1.0;0.9249022799499497;0.38020490862610556;1.0;0.0;3.7548860025025195;2.0;6782.0;3.7548860025025195;-1.0;1000.0;20.69951514388263;139.31092283530572;1000.0;0.0;5.783640828663182;3.0;1837.0;5.783640828663182;0.0;14.0;1.2471154644309788;1.1923547047933125;14.0;0.0;0.0;13.0;0.0;0.0;2.0;120.0;14.99277828505022;19.602610459409274;0.0;11.0;0.0;6.046042095752652;4385.0;5334.0;8414.0;11035.0;11627.0;12047.0;12047.0;12047.0;12047.0;36.39910351124762;44.27658338175479;69.84311446833237;91.59956835726737;96.51365485183034;100.0;100.0;100.0;100.0;7690.0;6805.0;3633.0;1012.0;420.0;0.0;0.0;0.0;0.0;0.0;0.0;63.83331949863037;56.48709222212999;30.156885531667637;8.40043164273263;3.4863451481696686;0.0;0.0;0.0;0.0;0.0;0.0;3780.0;31034.0;31762.0;31762.0;31762.0;31762.0;31762.0;31762.0;31762.0;11.9010137900636;97.70795289969145;100.0;100.0;100.0;100.0;100.0;100.0;100.0;27982.0;3531.0;0.0;0.0;0.0;0.0;0.0;0.0;0.0;0.0;0.0;88.0989862099364;11.117058119765758;0.0;0.0;0.0;0.0;0.0;0.0;0.0;0.0;0.0;neos-933966;14;1656;0.052138;1608;0.057466;MIR;25963;-42890.02398779877;42890.02398779877;112047.23976468947;112047.23976468947;0.38278519022755186;-7779528.850672797;7779528.850672797;<;-2720820.12670153;1
31762.0;12047.0;2.636507014194405;0.0;0.0;0.0;0.0;12047.0;180618.0;180618.0;0.04720350823326686;27982.0;0.0;27982.0;3780.0;88.0989862099364;88.0989862099364;3780.0;11.9010137900636;0.0;0.0;0.0;0.0;5075.0;42.1266705403835;0.0;0.0;0.0;0.0;0.0;0.0;0.0;0.0;0.0;0.0;55.0;0.4565451979745995;0.0;0.0;0.0;0.0;0.0;0.0;0.0;0.0;0.0;0.0;3243.0;26.919565036938657;0.0;0.0;0.0;0.0;0.0;0.0;0.0;0.0;137527.0;76.14246642084399;137527.0;76.14246642084399;0.0;0.0;0.0;0.0;0.0;0.0;0.0;0.0;760.0;0.4207775526248768;0.0;0.0;0.0;0.0;0.0;0.0;0.0;0.0;0.0;0.0;34983.0;19.368501478257983;0.0;0.0;0.0;0.0;0.0;0.0;-1.0;1.0;0.9249022799499497;0.38020490862610556;1.0;0.0;3.7548860025025195;2.0;6782.0;3.7548860025025195;-1.0;1000.0;20.69951514388263;139.31092283530572;1000.0;0.0;5.783640828663182;3.0;1837.0;5.783640828663182;0.0;14.0;1.2471154644309788;1.1923547047933125;14.0;0.0;0.0;13.0;0.0;0.0;2.0;120.0;14.99277828505022;19.602610459409274;0.0;11.0;0.0;6.046042095752652;4385.0;5334.0;8414.0;11035.0;11627.0;12047.0;12047.0;12047.0;12047.0;36.39910351124762;44.27658338175479;69.84311446833237;91.59956835726737;96.51365485183034;100.0;100.0;100.0;100.0;7690.0;6805.0;3633.0;1012.0;420.0;0.0;0.0;0.0;0.0;0.0;0.0;63.83331949863037;56.48709222212999;30.156885531667637;8.40043164273263;3.4863451481696686;0.0;0.0;0.0;0.0;0.0;0.0;3780.0;31034.0;31762.0;31762.0;31762.0;31762.0;31762.0;31762.0;31762.0;11.9010137900636;97.70795289969145;100.0;100.0;100.0;100.0;100.0;100.0;100.0;27982.0;3531.0;0.0;0.0;0.0;0.0;0.0;0.0;0.0;0.0;0.0;88.0989862099364;11.117058119765758;0.0;0.0;0.0;0.0;0.0;0.0;0.0;0.0;0.0;neos-933966;14;1656;0.052138;1608;0.057466;MIR;26011;-2.6745280607067983;2.6745280607067983;6.767705020421213;6.767705020421213;0.3951898099335806;-497.32104173842055;497.32104173842055;<;-175.77021825471354;1
31762.0;12047.0;2.636507014194405;0.0;0.0;0.0;0.0;12047.0;180618.0;180618.0;0.04720350823326686;27982.0;0.0;27982.0;3780.0;88.0989862099364;88.0989862099364;3780.0;11.9010137900636;0.0;0.0;0.0;0.0;5075.0;42.1266705403835;0.0;0.0;0.0;0.0;0.0;0.0;0.0;0.0;0.0;0.0;55.0;0.4565451979745995;0.0;0.0;0.0;0.0;0.0;0.0;0.0;0.0;0.0;0.0;3243.0;26.919565036938657;0.0;0.0;0.0;0.0;0.0;0.0;0.0;0.0;137527.0;76.14246642084399;137527.0;76.14246642084399;0.0;0.0;0.0;0.0;0.0;0.0;0.0;0.0;760.0;0.4207775526248768;0.0;0.0;0.0;0.0;0.0;0.0;0.0;0.0;0.0;0.0;34983.0;19.368501478257983;0.0;0.0;0.0;0.0;0.0;0.0;-1.0;1.0;0.9249022799499497;0.38020490862610556;1.0;0.0;3.7548860025025195;2.0;6782.0;3.7548860025025195;-1.0;1000.0;20.69951514388263;139.31092283530572;1000.0;0.0;5.783640828663182;3.0;1837.0;5.783640828663182;0.0;14.0;1.2471154644309788;1.1923547047933125;14.0;0.0;0.0;13.0;0.0;0.0;2.0;120.0;14.99277828505022;19.602610459409274;0.0;11.0;0.0;6.046042095752652;4385.0;5334.0;8414.0;11035.0;11627.0;12047.0;12047.0;12047.0;12047.0;36.39910351124762;44.27658338175479;69.84311446833237;91.59956835726737;96.51365485183034;100.0;100.0;100.0;100.0;7690.0;6805.0;3633.0;1012.0;420.0;0.0;0.0;0.0;0.0;0.0;0.0;63.83331949863037;56.48709222212999;30.156885531667637;8.40043164273263;3.4863451481696686;0.0;0.0;0.0;0.0;0.0;0.0;3780.0;31034.0;31762.0;31762.0;31762.0;31762.0;31762.0;31762.0;31762.0;11.9010137900636;97.70795289969145;100.0;100.0;100.0;100.0;100.0;100.0;100.0;27982.0;3531.0;0.0;0.0;0.0;0.0;0.0;0.0;0.0;0.0;0.0;88.0989862099364;11.117058119765758;0.0;0.0;0.0;0.0;0.0;0.0;0.0;0.0;0.0;neos-933966;14;1656;0.052138;1608;0.057466;MIR;26129;-125874.8842306141;125874.8842306141;318555.8752403575;318555.8752403575;0.3951422466643841;-23403232.424920797;23403232.424920797;<;-8263911.780272478;1
31762.0;12047.0;2.636507014194405;0.0;0.0;0.0;0.0;12047.0;180618.0;180618.0;0.04720350823326686;27982.0;0.0;27982.0;3780.0;88.0989862099364;88.0989862099364;3780.0;11.9010137900636;0.0;0.0;0.0;0.0;5075.0;42.1266705403835;0.0;0.0;0.0;0.0;0.0;0.0;0.0;0.0;0.0;0.0;55.0;0.4565451979745995;0.0;0.0;0.0;0.0;0.0;0.0;0.0;0.0;0.0;0.0;3243.0;26.919565036938657;0.0;0.0;0.0;0.0;0.0;0.0;0.0;0.0;137527.0;76.14246642084399;137527.0;76.14246642084399;0.0;0.0;0.0;0.0;0.0;0.0;0.0;0.0;760.0;0.4207775526248768;0.0;0.0;0.0;0.0;0.0;0.0;0.0;0.0;0.0;0.0;34983.0;19.368501478257983;0.0;0.0;0.0;0.0;0.0;0.0;-1.0;1.0;0.9249022799499497;0.38020490862610556;1.0;0.0;3.7548860025025195;2.0;6782.0;3.7548860025025195;-1.0;1000.0;20.69951514388263;139.31092283530572;1000.0;0.0;5.783640828663182;3.0;1837.0;5.783640828663182;0.0;14.0;1.2471154644309788;1.1923547047933125;14.0;0.0;0.0;13.0;0.0;0.0;2.0;120.0;14.99277828505022;19.602610459409274;0.0;11.0;0.0;6.046042095752652;4385.0;5334.0;8414.0;11035.0;11627.0;12047.0;12047.0;12047.0;12047.0;36.39910351124762;44.27658338175479;69.84311446833237;91.59956835726737;96.51365485183034;100.0;100.0;100.0;100.0;7690.0;6805.0;3633.0;1012.0;420.0;0.0;0.0;0.0;0.0;0.0;0.0;63.83331949863037;56.48709222212999;30.156885531667637;8.40043164273263;3.4863451481696686;0.0;0.0;0.0;0.0;0.0;0.0;3780.0;31034.0;31762.0;31762.0;31762.0;31762.0;31762.0;31762.0;31762.0;11.9010137900636;97.70795289969145;100.0;100.0;100.0;100.0;100.0;100.0;100.0;27982.0;3531.0;0.0;0.0;0.0;0.0;0.0;0.0;0.0;0.0;0.0;88.0989862099364;11.117058119765758;0.0;0.0;0.0;0.0;0.0;0.0;0.0;0.0;0.0;neos-933966;14;1656;0.052138;1608;0.057466;MIR;26120;-3882.2336181295855;3882.2336181295855;10389.378652911722;10389.378652911722;0.3736733204003064;-730374.5981846992;730374.5981846992;<;-252591.29589620256;1
31762.0;12047.0;2.636507014194405;0.0;0.0;0.0;0.0;12047.0;180618.0;180618.0;0.04720350823326686;27982.0;0.0;27982.0;3780.0;88.0989862099364;88.0989862099364;3780.0;11.9010137900636;0.0;0.0;0.0;0.0;5075.0;42.1266705403835;0.0;0.0;0.0;0.0;0.0;0.0;0.0;0.0;0.0;0.0;55.0;0.4565451979745995;0.0;0.0;0.0;0.0;0.0;0.0;0.0;0.0;0.0;0.0;3243.0;26.919565036938657;0.0;0.0;0.0;0.0;0.0;0.0;0.0;0.0;137527.0;76.14246642084399;137527.0;76.14246642084399;0.0;0.0;0.0;0.0;0.0;0.0;0.0;0.0;760.0;0.4207775526248768;0.0;0.0;0.0;0.0;0.0;0.0;0.0;0.0;0.0;0.0;34983.0;19.368501478257983;0.0;0.0;0.0;0.0;0.0;0.0;-1.0;1.0;0.9249022799499497;0.38020490862610556;1.0;0.0;3.7548860025025195;2.0;6782.0;3.7548860025025195;-1.0;1000.0;20.69951514388263;139.31092283530572;1000.0;0.0;5.783640828663182;3.0;1837.0;5.783640828663182;0.0;14.0;1.2471154644309788;1.1923547047933125;14.0;0.0;0.0;13.0;0.0;0.0;2.0;120.0;14.99277828505022;19.602610459409274;0.0;11.0;0.0;6.046042095752652;4385.0;5334.0;8414.0;11035.0;11627.0;12047.0;12047.0;12047.0;12047.0;36.39910351124762;44.27658338175479;69.84311446833237;91.59956835726737;96.51365485183034;100.0;100.0;100.0;100.0;7690.0;6805.0;3633.0;1012.0;420.0;0.0;0.0;0.0;0.0;0.0;0.0;63.83331949863037;56.48709222212999;30.156885531667637;8.40043164273263;3.4863451481696686;0.0;0.0;0.0;0.0;0.0;0.0;3780.0;31034.0;31762.0;31762.0;31762.0;31762.0;31762.0;31762.0;31762.0;11.9010137900636;97.70795289969145;100.0;100.0;100.0;100.0;100.0;100.0;100.0;27982.0;3531.0;0.0;0.0;0.0;0.0;0.0;0.0;0.0;0.0;0.0;88.0989862099364;11.117058119765758;0.0;0.0;0.0;0.0;0.0;0.0;0.0;0.0;0.0;neos-933966;14;1656;0.052138;1608;0.057466;MIR;26120;-1471524.4243515944;1471524.4243515944;3937996.7007697374;3937996.7007697374;0.3736733512407372;-276841824.3094924;276841824.3094924;<;-95742669.49514431;1
31762.0;12047.0;2.636507014194405;0.0;0.0;0.0;0.0;12047.0;180618.0;180618.0;0.04720350823326686;27982.0;0.0;27982.0;3780.0;88.0989862099364;88.0989862099364;3780.0;11.9010137900636;0.0;0.0;0.0;0.0;5075.0;42.1266705403835;0.0;0.0;0.0;0.0;0.0;0.0;0.0;0.0;0.0;0.0;55.0;0.4565451979745995;0.0;0.0;0.0;0.0;0.0;0.0;0.0;0.0;0.0;0.0;3243.0;26.919565036938657;0.0;0.0;0.0;0.0;0.0;0.0;0.0;0.0;137527.0;76.14246642084399;137527.0;76.14246642084399;0.0;0.0;0.0;0.0;0.0;0.0;0.0;0.0;760.0;0.4207775526248768;0.0;0.0;0.0;0.0;0.0;0.0;0.0;0.0;0.0;0.0;34983.0;19.368501478257983;0.0;0.0;0.0;0.0;0.0;0.0;-1.0;1.0;0.9249022799499497;0.38020490862610556;1.0;0.0;3.7548860025025195;2.0;6782.0;3.7548860025025195;-1.0;1000.0;20.69951514388263;139.31092283530572;1000.0;0.0;5.783640828663182;3.0;1837.0;5.783640828663182;0.0;14.0;1.2471154644309788;1.1923547047933125;14.0;0.0;0.0;13.0;0.0;0.0;2.0;120.0;14.99277828505022;19.602610459409274;0.0;11.0;0.0;6.046042095752652;4385.0;5334.0;8414.0;11035.0;11627.0;12047.0;12047.0;12047.0;12047.0;36.39910351124762;44.27658338175479;69.84311446833237;91.59956835726737;96.51365485183034;100.0;100.0;100.0;100.0;7690.0;6805.0;3633.0;1012.0;420.0;0.0;0.0;0.0;0.0;0.0;0.0;63.83331949863037;56.48709222212999;30.156885531667637;8.40043164273263;3.4863451481696686;0.0;0.0;0.0;0.0;0.0;0.0;3780.0;31034.0;31762.0;31762.0;31762.0;31762.0;31762.0;31762.0;31762.0;11.9010137900636;97.70795289969145;100.0;100.0;100.0;100.0;100.0;100.0;100.0;27982.0;3531.0;0.0;0.0;0.0;0.0;0.0;0.0;0.0;0.0;0.0;88.0989862099364;11.117058119765758;0.0;0.0;0.0;0.0;0.0;0.0;0.0;0.0;0.0;neos-933966;14;1656;0.052138;1608;0.057466;MIR;26097;-14.647705361827907;14.647705361827907;38.01994130474392;38.01994130474392;0.3852637552599337;-2580.6973989113935;2580.6973989113935;<;-898.6845376217443;1
31762.0;12047.0;2.636507014194405;0.0;0.0;0.0;0.0;12047.0;180618.0;180618.0;0.04720350823326686;27982.0;0.0;27982.0;3780.0;88.0989862099364;88.0989862099364;3780.0;11.9010137900636;0.0;0.0;0.0;0.0;5075.0;42.1266705403835;0.0;0.0;0.0;0.0;0.0;0.0;0.0;0.0;0.0;0.0;55.0;0.4565451979745995;0.0;0.0;0.0;0.0;0.0;0.0;0.0;0.0;0.0;0.0;3243.0;26.919565036938657;0.0;0.0;0.0;0.0;0.0;0.0;0.0;0.0;137527.0;76.14246642084399;137527.0;76.14246642084399;0.0;0.0;0.0;0.0;0.0;0.0;0.0;0.0;760.0;0.4207775526248768;0.0;0.0;0.0;0.0;0.0;0.0;0.0;0.0;0.0;0.0;34983.0;19.368501478257983;0.0;0.0;0.0;0.0;0.0;0.0;-1.0;1.0;0.9249022799499497;0.38020490862610556;1.0;0.0;3.7548860025025195;2.0;6782.0;3.7548860025025195;-1.0;1000.0;20.69951514388263;139.31092283530572;1000.0;0.0;5.783640828663182;3.0;1837.0;5.783640828663182;0.0;14.0;1.2471154644309788;1.1923547047933125;14.0;0.0;0.0;13.0;0.0;0.0;2.0;120.0;14.99277828505022;19.602610459409274;0.0;11.0;0.0;6.046042095752652;4385.0;5334.0;8414.0;11035.0;11627.0;12047.0;12047.0;12047.0;12047.0;36.39910351124762;44.27658338175479;69.84311446833237;91.59956835726737;96.51365485183034;100.0;100.0;100.0;100.0;7690.0;6805.0;3633.0;1012.0;420.0;0.0;0.0;0.0;0.0;0.0;0.0;63.83331949863037;56.48709222212999;30.156885531667637;8.40043164273263;3.4863451481696686;0.0;0.0;0.0;0.0;0.0;0.0;3780.0;31034.0;31762.0;31762.0;31762.0;31762.0;31762.0;31762.0;31762.0;11.9010137900636;97.70795289969145;100.0;100.0;100.0;100.0;100.0;100.0;100.0;27982.0;3531.0;0.0;0.0;0.0;0.0;0.0;0.0;0.0;0.0;0.0;88.0989862099364;11.117058119765758;0.0;0.0;0.0;0.0;0.0;0.0;0.0;0.0;0.0;neos-933966;14;1656;0.052138;1608;0.057466;MIR;26097;-26023.494613824532;26023.494613824532;68210.64064352016;68210.64064352016;0.3815166426866964;-4690822.715677308;4690822.715677308;<;-1639595.1864136187;1
31762.0;12047.0;2.636507014194405;0.0;0.0;0.0;0.0;12047.0;180618.0;180618.0;0.04720350823326686;27982.0;0.0;27982.0;3780.0;88.0989862099364;88.0989862099364;3780.0;11.9010137900636;0.0;0.0;0.0;0.0;5075.0;42.1266705403835;0.0;0.0;0.0;0.0;0.0;0.0;0.0;0.0;0.0;0.0;55.0;0.4565451979745995;0.0;0.0;0.0;0.0;0.0;0.0;0.0;0.0;0.0;0.0;3243.0;26.919565036938657;0.0;0.0;0.0;0.0;0.0;0.0;0.0;0.0;137527.0;76.14246642084399;137527.0;76.14246642084399;0.0;0.0;0.0;0.0;0.0;0.0;0.0;0.0;760.0;0.4207775526248768;0.0;0.0;0.0;0.0;0.0;0.0;0.0;0.0;0.0;0.0;34983.0;19.368501478257983;0.0;0.0;0.0;0.0;0.0;0.0;-1.0;1.0;0.9249022799499497;0.38020490862610556;1.0;0.0;3.7548860025025195;2.0;6782.0;3.7548860025025195;-1.0;1000.0;20.69951514388263;139.31092283530572;1000.0;0.0;5.783640828663182;3.0;1837.0;5.783640828663182;0.0;14.0;1.2471154644309788;1.1923547047933125;14.0;0.0;0.0;13.0;0.0;0.0;2.0;120.0;14.99277828505022;19.602610459409274;0.0;11.0;0.0;6.046042095752652;4385.0;5334.0;8414.0;11035.0;11627.0;12047.0;12047.0;12047.0;12047.0;36.39910351124762;44.27658338175479;69.84311446833237;91.59956835726737;96.51365485183034;100.0;100.0;100.0;100.0;7690.0;6805.0;3633.0;1012.0;420.0;0.0;0.0;0.0;0.0;0.0;0.0;63.83331949863037;56.48709222212999;30.156885531667637;8.40043164273263;3.4863451481696686;0.0;0.0;0.0;0.0;0.0;0.0;3780.0;31034.0;31762.0;31762.0;31762.0;31762.0;31762.0;31762.0;31762.0;11.9010137900636;97.70795289969145;100.0;100.0;100.0;100.0;100.0;100.0;100.0;27982.0;3531.0;0.0;0.0;0.0;0.0;0.0;0.0;0.0;0.0;0.0;88.0989862099364;11.117058119765758;0.0;0.0;0.0;0.0;0.0;0.0;0.0;0.0;0.0;neos-933966;14;1656;0.052138;1608;0.057466;MIR;26097;-106961.6423215615;106961.6423215615;280358.07911344944;280358.07911344944;0.38151795967427254;-19280410.62766416;19280410.62766416;<;-6739519.815436356;1
31762.0;12047.0;2.636507014194405;0.0;0.0;0.0;0.0;12047.0;180618.0;180618.0;0.04720350823326686;27982.0;0.0;27982.0;3780.0;88.0989862099364;88.0989862099364;3780.0;11.9010137900636;0.0;0.0;0.0;0.0;5075.0;42.1266705403835;0.0;0.0;0.0;0.0;0.0;0.0;0.0;0.0;0.0;0.0;55.0;0.4565451979745995;0.0;0.0;0.0;0.0;0.0;0.0;0.0;0.0;0.0;0.0;3243.0;26.919565036938657;0.0;0.0;0.0;0.0;0.0;0.0;0.0;0.0;137527.0;76.14246642084399;137527.0;76.14246642084399;0.0;0.0;0.0;0.0;0.0;0.0;0.0;0.0;760.0;0.4207775526248768;0.0;0.0;0.0;0.0;0.0;0.0;0.0;0.0;0.0;0.0;34983.0;19.368501478257983;0.0;0.0;0.0;0.0;0.0;0.0;-1.0;1.0;0.9249022799499497;0.38020490862610556;1.0;0.0;3.7548860025025195;2.0;6782.0;3.7548860025025195;-1.0;1000.0;20.69951514388263;139.31092283530572;1000.0;0.0;5.783640828663182;3.0;1837.0;5.783640828663182;0.0;14.0;1.2471154644309788;1.1923547047933125;14.0;0.0;0.0;13.0;0.0;0.0;2.0;120.0;14.99277828505022;19.602610459409274;0.0;11.0;0.0;6.046042095752652;4385.0;5334.0;8414.0;11035.0;11627.0;12047.0;12047.0;12047.0;12047.0;36.39910351124762;44.27658338175479;69.84311446833237;91.59956835726737;96.51365485183034;100.0;100.0;100.0;100.0;7690.0;6805.0;3633.0;1012.0;420.0;0.0;0.0;0.0;0.0;0.0;0.0;63.83331949863037;56.48709222212999;30.156885531667637;8.40043164273263;3.4863451481696686;0.0;0.0;0.0;0.0;0.0;0.0;3780.0;31034.0;31762.0;31762.0;31762.0;31762.0;31762.0;31762.0;31762.0;11.9010137900636;97.70795289969145;100.0;100.0;100.0;100.0;100.0;100.0;100.0;27982.0;3531.0;0.0;0.0;0.0;0.0;0.0;0.0;0.0;0.0;0.0;88.0989862099364;11.117058119765758;0.0;0.0;0.0;0.0;0.0;0.0;0.0;0.0;0.0;neos-933966;14;1656;0.052138;1608;0.057466;MIR;26108;-82850.666312782;82850.666312782;232213.59274254792;232213.59274254792;0.3567864625592242;-15434103.494894898;15434103.494894898;<;-5439232.448323479;1
31762.0;12047.0;2.636507014194405;0.0;0.0;0.0;0.0;12047.0;180618.0;180618.0;0.04720350823326686;27982.0;0.0;27982.0;3780.0;88.0989862099364;88.0989862099364;3780.0;11.9010137900636;0.0;0.0;0.0;0.0;5075.0;42.1266705403835;0.0;0.0;0.0;0.0;0.0;0.0;0.0;0.0;0.0;0.0;55.0;0.4565451979745995;0.0;0.0;0.0;0.0;0.0;0.0;0.0;0.0;0.0;0.0;3243.0;26.919565036938657;0.0;0.0;0.0;0.0;0.0;0.0;0.0;0.0;137527.0;76.14246642084399;137527.0;76.14246642084399;0.0;0.0;0.0;0.0;0.0;0.0;0.0;0.0;760.0;0.4207775526248768;0.0;0.0;0.0;0.0;0.0;0.0;0.0;0.0;0.0;0.0;34983.0;19.368501478257983;0.0;0.0;0.0;0.0;0.0;0.0;-1.0;1.0;0.9249022799499497;0.38020490862610556;1.0;0.0;3.7548860025025195;2.0;6782.0;3.7548860025025195;-1.0;1000.0;20.69951514388263;139.31092283530572;1000.0;0.0;5.783640828663182;3.0;1837.0;5.783640828663182;0.0;14.0;1.2471154644309788;1.1923547047933125;14.0;0.0;0.0;13.0;0.0;0.0;2.0;120.0;14.99277828505022;19.602610459409274;0.0;11.0;0.0;6.046042095752652;4385.0;5334.0;8414.0;11035.0;11627.0;12047.0;12047.0;12047.0;12047.0;36.39910351124762;44.27658338175479;69.84311446833237;91.59956835726737;96.51365485183034;100.0;100.0;100.0;100.0;7690.0;6805.0;3633.0;1012.0;420.0;0.0;0.0;0.0;0.0;0.0;0.0;63.83331949863037;56.48709222212999;30.156885531667637;8.40043164273263;3.4863451481696686;0.0;0.0;0.0;0.0;0.0;0.0;3780.0;31034.0;31762.0;31762.0;31762.0;31762.0;31762.0;31762.0;31762.0;11.9010137900636;97.70795289969145;100.0;100.0;100.0;100.0;100.0;100.0;100.0;27982.0;3531.0;0.0;0.0;0.0;0.0;0.0;0.0;0.0;0.0;0.0;88.0989862099364;11.117058119765758;0.0;0.0;0.0;0.0;0.0;0.0;0.0;0.0;0.0;neos-933966;14;1656;0.052138;1608;0.057466;MIR;26108;-85003.91269774959;85003.91269774959;238245.35758025126;238245.35758025126;0.3567914756497055;-15835303.984635893;15835303.984635893;<;-5581020.148720359;1
31762.0;12047.0;2.636507014194405;0.0;0.0;0.0;0.0;12047.0;180618.0;180618.0;0.04720350823326686;27982.0;0.0;27982.0;3780.0;88.0989862099364;88.0989862099364;3780.0;11.9010137900636;0.0;0.0;0.0;0.0;5075.0;42.1266705403835;0.0;0.0;0.0;0.0;0.0;0.0;0.0;0.0;0.0;0.0;55.0;0.4565451979745995;0.0;0.0;0.0;0.0;0.0;0.0;0.0;0.0;0.0;0.0;3243.0;26.919565036938657;0.0;0.0;0.0;0.0;0.0;0.0;0.0;0.0;137527.0;76.14246642084399;137527.0;76.14246642084399;0.0;0.0;0.0;0.0;0.0;0.0;0.0;0.0;760.0;0.4207775526248768;0.0;0.0;0.0;0.0;0.0;0.0;0.0;0.0;0.0;0.0;34983.0;19.368501478257983;0.0;0.0;0.0;0.0;0.0;0.0;-1.0;1.0;0.9249022799499497;0.38020490862610556;1.0;0.0;3.7548860025025195;2.0;6782.0;3.7548860025025195;-1.0;1000.0;20.69951514388263;139.31092283530572;1000.0;0.0;5.783640828663182;3.0;1837.0;5.783640828663182;0.0;14.0;1.2471154644309788;1.1923547047933125;14.0;0.0;0.0;13.0;0.0;0.0;2.0;120.0;14.99277828505022;19.602610459409274;0.0;11.0;0.0;6.046042095752652;4385.0;5334.0;8414.0;11035.0;11627.0;12047.0;12047.0;12047.0;12047.0;36.39910351124762;44.27658338175479;69.84311446833237;91.59956835726737;96.51365485183034;100.0;100.0;100.0;100.0;7690.0;6805.0;3633.0;1012.0;420.0;0.0;0.0;0.0;0.0;0.0;0.0;63.83331949863037;56.48709222212999;30.156885531667637;8.40043164273263;3.4863451481696686;0.0;0.0;0.0;0.0;0.0;0.0;3780.0;31034.0;31762.0;31762.0;31762.0;31762.0;31762.0;31762.0;31762.0;11.9010137900636;97.70795289969145;100.0;100.0;100.0;100.0;100.0;100.0;100.0;27982.0;3531.0;0.0;0.0;0.0;0.0;0.0;0.0;0.0;0.0;0.0;88.0989862099364;11.117058119765758;0.0;0.0;0.0;0.0;0.0;0.0;0.0;0.0;0.0;neos-933966;14;1656;0.052138;1608;0.057466;MIR;26161;-90496.13515389753;90496.13515389753;243838.1766253048;243838.1766253048;0.3711319384288166;-17346189.305507492;17346189.305507492;<;-6070413.248017149;1
31762.0;12047.0;2.636507014194405;0.0;0.0;0.0;0.0;12047.0;180618.0;180618.0;0.04720350823326686;27982.0;0.0;27982.0;3780.0;88.0989862099364;88.0989862099364;3780.0;11.9010137900636;0.0;0.0;0.0;0.0;5075.0;42.1266705403835;0.0;0.0;0.0;0.0;0.0;0.0;0.0;0.0;0.0;0.0;55.0;0.4565451979745995;0.0;0.0;0.0;0.0;0.0;0.0;0.0;0.0;0.0;0.0;3243.0;26.919565036938657;0.0;0.0;0.0;0.0;0.0;0.0;0.0;0.0;137527.0;76.14246642084399;137527.0;76.14246642084399;0.0;0.0;0.0;0.0;0.0;0.0;0.0;0.0;760.0;0.4207775526248768;0.0;0.0;0.0;0.0;0.0;0.0;0.0;0.0;0.0;0.0;34983.0;19.368501478257983;0.0;0.0;0.0;0.0;0.0;0.0;-1.0;1.0;0.9249022799499497;0.38020490862610556;1.0;0.0;3.7548860025025195;2.0;6782.0;3.7548860025025195;-1.0;1000.0;20.69951514388263;139.31092283530572;1000.0;0.0;5.783640828663182;3.0;1837.0;5.783640828663182;0.0;14.0;1.2471154644309788;1.1923547047933125;14.0;0.0;0.0;13.0;0.0;0.0;2.0;120.0;14.99277828505022;19.602610459409274;0.0;11.0;0.0;6.046042095752652;4385.0;5334.0;8414.0;11035.0;11627.0;12047.0;12047.0;12047.0;12047.0;36.39910351124762;44.27658338175479;69.84311446833237;91.59956835726737;96.51365485183034;100.0;100.0;100.0;100.0;7690.0;6805.0;3633.0;1012.0;420.0;0.0;0.0;0.0;0.0;0.0;0.0;63.83331949863037;56.48709222212999;30.156885531667637;8.40043164273263;3.4863451481696686;0.0;0.0;0.0;0.0;0.0;0.0;3780.0;31034.0;31762.0;31762.0;31762.0;31762.0;31762.0;31762.0;31762.0;11.9010137900636;97.70795289969145;100.0;100.0;100.0;100.0;100.0;100.0;100.0;27982.0;3531.0;0.0;0.0;0.0;0.0;0.0;0.0;0.0;0.0;0.0;88.0989862099364;11.117058119765758;0.0;0.0;0.0;0.0;0.0;0.0;0.0;0.0;0.0;neos-933966;14;1656;0.052138;1608;0.057466;MIR;26271;-29941.175692210996;29941.175692210996;54258.804747501534;54258.804747501534;0.5518215123157445;-3671442.625626337;3671442.625626337;<;-1263343.280762299;1
31762.0;12047.0;2.636507014194405;0.0;0.0;0.0;0.0;12047.0;180618.0;180618.0;0.04720350823326686;27982.0;0.0;27982.0;3780.0;88.0989862099364;88.0989862099364;3780.0;11.9010137900636;0.0;0.0;0.0;0.0;5075.0;42.1266705403835;0.0;0.0;0.0;0.0;0.0;0.0;0.0;0.0;0.0;0.0;55.0;0.4565451979745995;0.0;0.0;0.0;0.0;0.0;0.0;0.0;0.0;0.0;0.0;3243.0;26.919565036938657;0.0;0.0;0.0;0.0;0.0;0.0;0.0;0.0;137527.0;76.14246642084399;137527.0;76.14246642084399;0.0;0.0;0.0;0.0;0.0;0.0;0.0;0.0;760.0;0.4207775526248768;0.0;0.0;0.0;0.0;0.0;0.0;0.0;0.0;0.0;0.0;34983.0;19.368501478257983;0.0;0.0;0.0;0.0;0.0;0.0;-1.0;1.0;0.9249022799499497;0.38020490862610556;1.0;0.0;3.7548860025025195;2.0;6782.0;3.7548860025025195;-1.0;1000.0;20.69951514388263;139.31092283530572;1000.0;0.0;5.783640828663182;3.0;1837.0;5.783640828663182;0.0;14.0;1.2471154644309788;1.1923547047933125;14.0;0.0;0.0;13.0;0.0;0.0;2.0;120.0;14.99277828505022;19.602610459409274;0.0;11.0;0.0;6.046042095752652;4385.0;5334.0;8414.0;11035.0;11627.0;12047.0;12047.0;12047.0;12047.0;36.39910351124762;44.27658338175479;69.84311446833237;91.59956835726737;96.51365485183034;100.0;100.0;100.0;100.0;7690.0;6805.0;3633.0;1012.0;420.0;0.0;0.0;0.0;0.0;0.0;0.0;63.83331949863037;56.48709222212999;30.156885531667637;8.40043164273263;3.4863451481696686;0.0;0.0;0.0;0.0;0.0;0.0;3780.0;31034.0;31762.0;31762.0;31762.0;31762.0;31762.0;31762.0;31762.0;11.9010137900636;97.70795289969145;100.0;100.0;100.0;100.0;100.0;100.0;100.0;27982.0;3531.0;0.0;0.0;0.0;0.0;0.0;0.0;0.0;0.0;0.0;88.0989862099364;11.117058119765758;0.0;0.0;0.0;0.0;0.0;0.0;0.0;0.0;0.0;neos-933966;14;1656;0.052138;1608;0.057466;MIR;26469;-221.73969222667938;221.73969222667938;648.030180779008;648.030180779008;0.3421749461732205;-40453.70372269356;40453.70372269356;<;-13536.786455363923;1
31762.0;12047.0;2.636507014194405;0.0;0.0;0.0;0.0;12047.0;180618.0;180618.0;0.04720350823326686;27982.0;0.0;27982.0;3780.0;88.0989862099364;88.0989862099364;3780.0;11.9010137900636;0.0;0.0;0.0;0.0;5075.0;42.1266705403835;0.0;0.0;0.0;0.0;0.0;0.0;0.0;0.0;0.0;0.0;55.0;0.4565451979745995;0.0;0.0;0.0;0.0;0.0;0.0;0.0;0.0;0.0;0.0;3243.0;26.919565036938657;0.0;0.0;0.0;0.0;0.0;0.0;0.0;0.0;137527.0;76.14246642084399;137527.0;76.14246642084399;0.0;0.0;0.0;0.0;0.0;0.0;0.0;0.0;760.0;0.4207775526248768;0.0;0.0;0.0;0.0;0.0;0.0;0.0;0.0;0.0;0.0;34983.0;19.368501478257983;0.0;0.0;0.0;0.0;0.0;0.0;-1.0;1.0;0.9249022799499497;0.38020490862610556;1.0;0.0;3.7548860025025195;2.0;6782.0;3.7548860025025195;-1.0;1000.0;20.69951514388263;139.31092283530572;1000.0;0.0;5.783640828663182;3.0;1837.0;5.783640828663182;0.0;14.0;1.2471154644309788;1.1923547047933125;14.0;0.0;0.0;13.0;0.0;0.0;2.0;120.0;14.99277828505022;19.602610459409274;0.0;11.0;0.0;6.046042095752652;4385.0;5334.0;8414.0;11035.0;11627.0;12047.0;12047.0;12047.0;12047.0;36.39910351124762;44.27658338175479;69.84311446833237;91.59956835726737;96.51365485183034;100.0;100.0;100.0;100.0;7690.0;6805.0;3633.0;1012.0;420.0;0.0;0.0;0.0;0.0;0.0;0.0;63.83331949863037;56.48709222212999;30.156885531667637;8.40043164273263;3.4863451481696686;0.0;0.0;0.0;0.0;0.0;0.0;3780.0;31034.0;31762.0;31762.0;31762.0;31762.0;31762.0;31762.0;31762.0;11.9010137900636;97.70795289969145;100.0;100.0;100.0;100.0;100.0;100.0;100.0;27982.0;3531.0;0.0;0.0;0.0;0.0;0.0;0.0;0.0;0.0;0.0;88.0989862099364;11.117058119765758;0.0;0.0;0.0;0.0;0.0;0.0;0.0;0.0;0.0;neos-933966;14;1656;0.052138;1608;0.057466;MIR;26469;-172377.30880831758;172377.30880831758;503769.4413601282;503769.4413601282;0.34217500041867505;-31448293.86029982;31448293.86029982;<;-10523607.15994053;1
31762.0;12047.0;2.636507014194405;0.0;0.0;0.0;0.0;12047.0;180618.0;180618.0;0.04720350823326686;27982.0;0.0;27982.0;3780.0;88.0989862099364;88.0989862099364;3780.0;11.9010137900636;0.0;0.0;0.0;0.0;5075.0;42.1266705403835;0.0;0.0;0.0;0.0;0.0;0.0;0.0;0.0;0.0;0.0;55.0;0.4565451979745995;0.0;0.0;0.0;0.0;0.0;0.0;0.0;0.0;0.0;0.0;3243.0;26.919565036938657;0.0;0.0;0.0;0.0;0.0;0.0;0.0;0.0;137527.0;76.14246642084399;137527.0;76.14246642084399;0.0;0.0;0.0;0.0;0.0;0.0;0.0;0.0;760.0;0.4207775526248768;0.0;0.0;0.0;0.0;0.0;0.0;0.0;0.0;0.0;0.0;34983.0;19.368501478257983;0.0;0.0;0.0;0.0;0.0;0.0;-1.0;1.0;0.9249022799499497;0.38020490862610556;1.0;0.0;3.7548860025025195;2.0;6782.0;3.7548860025025195;-1.0;1000.0;20.69951514388263;139.31092283530572;1000.0;0.0;5.783640828663182;3.0;1837.0;5.783640828663182;0.0;14.0;1.2471154644309788;1.1923547047933125;14.0;0.0;0.0;13.0;0.0;0.0;2.0;120.0;14.99277828505022;19.602610459409274;0.0;11.0;0.0;6.046042095752652;4385.0;5334.0;8414.0;11035.0;11627.0;12047.0;12047.0;12047.0;12047.0;36.39910351124762;44.27658338175479;69.84311446833237;91.59956835726737;96.51365485183034;100.0;100.0;100.0;100.0;7690.0;6805.0;3633.0;1012.0;420.0;0.0;0.0;0.0;0.0;0.0;0.0;63.83331949863037;56.48709222212999;30.156885531667637;8.40043164273263;3.4863451481696686;0.0;0.0;0.0;0.0;0.0;0.0;3780.0;31034.0;31762.0;31762.0;31762.0;31762.0;31762.0;31762.0;31762.0;11.9010137900636;97.70795289969145;100.0;100.0;100.0;100.0;100.0;100.0;100.0;27982.0;3531.0;0.0;0.0;0.0;0.0;0.0;0.0;0.0;0.0;0.0;88.0989862099364;11.117058119765758;0.0;0.0;0.0;0.0;0.0;0.0;0.0;0.0;0.0;neos-933966;14;1656;0.052138;1608;0.057466;MIR;26195;-100746.83403776417;100746.83403776417;236128.17567997015;236128.17567997015;0.4266616372554736;-17748938.48404049;17748938.48404049;<;-6063851.315124251;1
31762.0;12047.0;2.636507014194405;0.0;0.0;0.0;0.0;12047.0;180618.0;180618.0;0.04720350823326686;27982.0;0.0;27982.0;3780.0;88.0989862099364;88.0989862099364;3780.0;11.9010137900636;0.0;0.0;0.0;0.0;5075.0;42.1266705403835;0.0;0.0;0.0;0.0;0.0;0.0;0.0;0.0;0.0;0.0;55.0;0.4565451979745995;0.0;0.0;0.0;0.0;0.0;0.0;0.0;0.0;0.0;0.0;3243.0;26.919565036938657;0.0;0.0;0.0;0.0;0.0;0.0;0.0;0.0;137527.0;76.14246642084399;137527.0;76.14246642084399;0.0;0.0;0.0;0.0;0.0;0.0;0.0;0.0;760.0;0.4207775526248768;0.0;0.0;0.0;0.0;0.0;0.0;0.0;0.0;0.0;0.0;34983.0;19.368501478257983;0.0;0.0;0.0;0.0;0.0;0.0;-1.0;1.0;0.9249022799499497;0.38020490862610556;1.0;0.0;3.7548860025025195;2.0;6782.0;3.7548860025025195;-1.0;1000.0;20.69951514388263;139.31092283530572;1000.0;0.0;5.783640828663182;3.0;1837.0;5.783640828663182;0.0;14.0;1.2471154644309788;1.1923547047933125;14.0;0.0;0.0;13.0;0.0;0.0;2.0;120.0;14.99277828505022;19.602610459409274;0.0;11.0;0.0;6.046042095752652;4385.0;5334.0;8414.0;11035.0;11627.0;12047.0;12047.0;12047.0;12047.0;36.39910351124762;44.27658338175479;69.84311446833237;91.59956835726737;96.51365485183034;100.0;100.0;100.0;100.0;7690.0;6805.0;3633.0;1012.0;420.0;0.0;0.0;0.0;0.0;0.0;0.0;63.83331949863037;56.48709222212999;30.156885531667637;8.40043164273263;3.4863451481696686;0.0;0.0;0.0;0.0;0.0;0.0;3780.0;31034.0;31762.0;31762.0;31762.0;31762.0;31762.0;31762.0;31762.0;11.9010137900636;97.70795289969145;100.0;100.0;100.0;100.0;100.0;100.0;100.0;27982.0;3531.0;0.0;0.0;0.0;0.0;0.0;0.0;0.0;0.0;0.0;88.0989862099364;11.117058119765758;0.0;0.0;0.0;0.0;0.0;0.0;0.0;0.0;0.0;neos-933966;14;1656;0.052138;1608;0.057466;MIR;26023;-178053.9197395446;178053.9197395446;518492.8988557741;518492.8988557741;0.3434066698550345;-32996418.9324929;32996418.9324929;<;-11498908.777653452;1
31762.0;12047.0;2.636507014194405;0.0;0.0;0.0;0.0;12047.0;180618.0;180618.0;0.04720350823326686;27982.0;0.0;27982.0;3780.0;88.0989862099364;88.0989862099364;3780.0;11.9010137900636;0.0;0.0;0.0;0.0;5075.0;42.1266705403835;0.0;0.0;0.0;0.0;0.0;0.0;0.0;0.0;0.0;0.0;55.0;0.4565451979745995;0.0;0.0;0.0;0.0;0.0;0.0;0.0;0.0;0.0;0.0;3243.0;26.919565036938657;0.0;0.0;0.0;0.0;0.0;0.0;0.0;0.0;137527.0;76.14246642084399;137527.0;76.14246642084399;0.0;0.0;0.0;0.0;0.0;0.0;0.0;0.0;760.0;0.4207775526248768;0.0;0.0;0.0;0.0;0.0;0.0;0.0;0.0;0.0;0.0;34983.0;19.368501478257983;0.0;0.0;0.0;0.0;0.0;0.0;-1.0;1.0;0.9249022799499497;0.38020490862610556;1.0;0.0;3.7548860025025195;2.0;6782.0;3.7548860025025195;-1.0;1000.0;20.69951514388263;139.31092283530572;1000.0;0.0;5.783640828663182;3.0;1837.0;5.783640828663182;0.0;14.0;1.2471154644309788;1.1923547047933125;14.0;0.0;0.0;13.0;0.0;0.0;2.0;120.0;14.99277828505022;19.602610459409274;0.0;11.0;0.0;6.046042095752652;4385.0;5334.0;8414.0;11035.0;11627.0;12047.0;12047.0;12047.0;12047.0;36.39910351124762;44.27658338175479;69.84311446833237;91.59956835726737;96.51365485183034;100.0;100.0;100.0;100.0;7690.0;6805.0;3633.0;1012.0;420.0;0.0;0.0;0.0;0.0;0.0;0.0;63.83331949863037;56.48709222212999;30.156885531667637;8.40043164273263;3.4863451481696686;0.0;0.0;0.0;0.0;0.0;0.0;3780.0;31034.0;31762.0;31762.0;31762.0;31762.0;31762.0;31762.0;31762.0;11.9010137900636;97.70795289969145;100.0;100.0;100.0;100.0;100.0;100.0;100.0;27982.0;3531.0;0.0;0.0;0.0;0.0;0.0;0.0;0.0;0.0;0.0;88.0989862099364;11.117058119765758;0.0;0.0;0.0;0.0;0.0;0.0;0.0;0.0;0.0;neos-933966;14;1656;0.052138;1608;0.057466;MIR;26117;-43782.72807615709;43782.72807615709;130269.90700418704;130269.90700418704;0.336092418295423;-8247594.696283675;8247594.696283675;<;-2841680.4239139836;1
31762.0;12047.0;2.636507014194405;0.0;0.0;0.0;0.0;12047.0;180618.0;180618.0;0.04720350823326686;27982.0;0.0;27982.0;3780.0;88.0989862099364;88.0989862099364;3780.0;11.9010137900636;0.0;0.0;0.0;0.0;5075.0;42.1266705403835;0.0;0.0;0.0;0.0;0.0;0.0;0.0;0.0;0.0;0.0;55.0;0.4565451979745995;0.0;0.0;0.0;0.0;0.0;0.0;0.0;0.0;0.0;0.0;3243.0;26.919565036938657;0.0;0.0;0.0;0.0;0.0;0.0;0.0;0.0;137527.0;76.14246642084399;137527.0;76.14246642084399;0.0;0.0;0.0;0.0;0.0;0.0;0.0;0.0;760.0;0.4207775526248768;0.0;0.0;0.0;0.0;0.0;0.0;0.0;0.0;0.0;0.0;34983.0;19.368501478257983;0.0;0.0;0.0;0.0;0.0;0.0;-1.0;1.0;0.9249022799499497;0.38020490862610556;1.0;0.0;3.7548860025025195;2.0;6782.0;3.7548860025025195;-1.0;1000.0;20.69951514388263;139.31092283530572;1000.0;0.0;5.783640828663182;3.0;1837.0;5.783640828663182;0.0;14.0;1.2471154644309788;1.1923547047933125;14.0;0.0;0.0;13.0;0.0;0.0;2.0;120.0;14.99277828505022;19.602610459409274;0.0;11.0;0.0;6.046042095752652;4385.0;5334.0;8414.0;11035.0;11627.0;12047.0;12047.0;12047.0;12047.0;36.39910351124762;44.27658338175479;69.84311446833237;91.59956835726737;96.51365485183034;100.0;100.0;100.0;100.0;7690.0;6805.0;3633.0;1012.0;420.0;0.0;0.0;0.0;0.0;0.0;0.0;63.83331949863037;56.48709222212999;30.156885531667637;8.40043164273263;3.4863451481696686;0.0;0.0;0.0;0.0;0.0;0.0;3780.0;31034.0;31762.0;31762.0;31762.0;31762.0;31762.0;31762.0;31762.0;11.9010137900636;97.70795289969145;100.0;100.0;100.0;100.0;100.0;100.0;100.0;27982.0;3531.0;0.0;0.0;0.0;0.0;0.0;0.0;0.0;0.0;0.0;88.0989862099364;11.117058119765758;0.0;0.0;0.0;0.0;0.0;0.0;0.0;0.0;0.0;neos-933966;14;1656;0.052138;1608;0.057466;MIR;26117;-47715.92527458204;47715.92527458204;141969.99948069072;141969.99948069072;0.3360986507650996;-8988633.647124004;8988633.647124004;<;-3097400.8486813577;1
31762.0;12047.0;2.636507014194405;0.0;0.0;0.0;0.0;12047.0;180618.0;180618.0;0.04720350823326686;27982.0;0.0;27982.0;3780.0;88.0989862099364;88.0989862099364;3780.0;11.9010137900636;0.0;0.0;0.0;0.0;5075.0;42.1266705403835;0.0;0.0;0.0;0.0;0.0;0.0;0.0;0.0;0.0;0.0;55.0;0.4565451979745995;0.0;0.0;0.0;0.0;0.0;0.0;0.0;0.0;0.0;0.0;3243.0;26.919565036938657;0.0;0.0;0.0;0.0;0.0;0.0;0.0;0.0;137527.0;76.14246642084399;137527.0;76.14246642084399;0.0;0.0;0.0;0.0;0.0;0.0;0.0;0.0;760.0;0.4207775526248768;0.0;0.0;0.0;0.0;0.0;0.0;0.0;0.0;0.0;0.0;34983.0;19.368501478257983;0.0;0.0;0.0;0.0;0.0;0.0;-1.0;1.0;0.9249022799499497;0.38020490862610556;1.0;0.0;3.7548860025025195;2.0;6782.0;3.7548860025025195;-1.0;1000.0;20.69951514388263;139.31092283530572;1000.0;0.0;5.783640828663182;3.0;1837.0;5.783640828663182;0.0;14.0;1.2471154644309788;1.1923547047933125;14.0;0.0;0.0;13.0;0.0;0.0;2.0;120.0;14.99277828505022;19.602610459409274;0.0;11.0;0.0;6.046042095752652;4385.0;5334.0;8414.0;11035.0;11627.0;12047.0;12047.0;12047.0;12047.0;36.39910351124762;44.27658338175479;69.84311446833237;91.59956835726737;96.51365485183034;100.0;100.0;100.0;100.0;7690.0;6805.0;3633.0;1012.0;420.0;0.0;0.0;0.0;0.0;0.0;0.0;63.83331949863037;56.48709222212999;30.156885531667637;8.40043164273263;3.4863451481696686;0.0;0.0;0.0;0.0;0.0;0.0;3780.0;31034.0;31762.0;31762.0;31762.0;31762.0;31762.0;31762.0;31762.0;11.9010137900636;97.70795289969145;100.0;100.0;100.0;100.0;100.0;100.0;100.0;27982.0;3531.0;0.0;0.0;0.0;0.0;0.0;0.0;0.0;0.0;0.0;88.0989862099364;11.117058119765758;0.0;0.0;0.0;0.0;0.0;0.0;0.0;0.0;0.0;neos-933966;14;1656;0.052138;1608;0.057466;MIR;26689;-242.30927714414088;242.30927714414088;478.78558301829617;478.78558301829617;0.5060914232559115;-31091.27972673662;31091.27972673662;<;-9955.44034590902;1
31762.0;12047.0;2.636507014194405;0.0;0.0;0.0;0.0;12047.0;180618.0;180618.0;0.04720350823326686;27982.0;0.0;27982.0;3780.0;88.0989862099364;88.0989862099364;3780.0;11.9010137900636;0.0;0.0;0.0;0.0;5075.0;42.1266705403835;0.0;0.0;0.0;0.0;0.0;0.0;0.0;0.0;0.0;0.0;55.0;0.4565451979745995;0.0;0.0;0.0;0.0;0.0;0.0;0.0;0.0;0.0;0.0;3243.0;26.919565036938657;0.0;0.0;0.0;0.0;0.0;0.0;0.0;0.0;137527.0;76.14246642084399;137527.0;76.14246642084399;0.0;0.0;0.0;0.0;0.0;0.0;0.0;0.0;760.0;0.4207775526248768;0.0;0.0;0.0;0.0;0.0;0.0;0.0;0.0;0.0;0.0;34983.0;19.368501478257983;0.0;0.0;0.0;0.0;0.0;0.0;-1.0;1.0;0.9249022799499497;0.38020490862610556;1.0;0.0;3.7548860025025195;2.0;6782.0;3.7548860025025195;-1.0;1000.0;20.69951514388263;139.31092283530572;1000.0;0.0;5.783640828663182;3.0;1837.0;5.783640828663182;0.0;14.0;1.2471154644309788;1.1923547047933125;14.0;0.0;0.0;13.0;0.0;0.0;2.0;120.0;14.99277828505022;19.602610459409274;0.0;11.0;0.0;6.046042095752652;4385.0;5334.0;8414.0;11035.0;11627.0;12047.0;12047.0;12047.0;12047.0;36.39910351124762;44.27658338175479;69.84311446833237;91.59956835726737;96.51365485183034;100.0;100.0;100.0;100.0;7690.0;6805.0;3633.0;1012.0;420.0;0.0;0.0;0.0;0.0;0.0;0.0;63.83331949863037;56.48709222212999;30.156885531667637;8.40043164273263;3.4863451481696686;0.0;0.0;0.0;0.0;0.0;0.0;3780.0;31034.0;31762.0;31762.0;31762.0;31762.0;31762.0;31762.0;31762.0;11.9010137900636;97.70795289969145;100.0;100.0;100.0;100.0;100.0;100.0;100.0;27982.0;3531.0;0.0;0.0;0.0;0.0;0.0;0.0;0.0;0.0;0.0;88.0989862099364;11.117058119765758;0.0;0.0;0.0;0.0;0.0;0.0;0.0;0.0;0.0;neos-933966;14;1656;0.052138;1608;0.057466;MIR;26252;-20619.716598561037;20619.716598561037;50291.519526917524;50291.519526917524;0.41000384940695117;-3615501.716095874;3615501.716095874;<;-1251572.7176772645;1
31762.0;12047.0;2.636507014194405;0.0;0.0;0.0;0.0;12047.0;180618.0;180618.0;0.04720350823326686;27982.0;0.0;27982.0;3780.0;88.0989862099364;88.0989862099364;3780.0;11.9010137900636;0.0;0.0;0.0;0.0;5075.0;42.1266705403835;0.0;0.0;0.0;0.0;0.0;0.0;0.0;0.0;0.0;0.0;55.0;0.4565451979745995;0.0;0.0;0.0;0.0;0.0;0.0;0.0;0.0;0.0;0.0;3243.0;26.919565036938657;0.0;0.0;0.0;0.0;0.0;0.0;0.0;0.0;137527.0;76.14246642084399;137527.0;76.14246642084399;0.0;0.0;0.0;0.0;0.0;0.0;0.0;0.0;760.0;0.4207775526248768;0.0;0.0;0.0;0.0;0.0;0.0;0.0;0.0;0.0;0.0;34983.0;19.368501478257983;0.0;0.0;0.0;0.0;0.0;0.0;-1.0;1.0;0.9249022799499497;0.38020490862610556;1.0;0.0;3.7548860025025195;2.0;6782.0;3.7548860025025195;-1.0;1000.0;20.69951514388263;139.31092283530572;1000.0;0.0;5.783640828663182;3.0;1837.0;5.783640828663182;0.0;14.0;1.2471154644309788;1.1923547047933125;14.0;0.0;0.0;13.0;0.0;0.0;2.0;120.0;14.99277828505022;19.602610459409274;0.0;11.0;0.0;6.046042095752652;4385.0;5334.0;8414.0;11035.0;11627.0;12047.0;12047.0;12047.0;12047.0;36.39910351124762;44.27658338175479;69.84311446833237;91.59956835726737;96.51365485183034;100.0;100.0;100.0;100.0;7690.0;6805.0;3633.0;1012.0;420.0;0.0;0.0;0.0;0.0;0.0;0.0;63.83331949863037;56.48709222212999;30.156885531667637;8.40043164273263;3.4863451481696686;0.0;0.0;0.0;0.0;0.0;0.0;3780.0;31034.0;31762.0;31762.0;31762.0;31762.0;31762.0;31762.0;31762.0;11.9010137900636;97.70795289969145;100.0;100.0;100.0;100.0;100.0;100.0;100.0;27982.0;3531.0;0.0;0.0;0.0;0.0;0.0;0.0;0.0;0.0;0.0;88.0989862099364;11.117058119765758;0.0;0.0;0.0;0.0;0.0;0.0;0.0;0.0;0.0;neos-933966;14;1656;0.052138;1608;0.057466;MIR;26241;-75497.8331430824;75497.8331430824;184138.73056143834;184138.73056143834;0.41000517877412196;-13238136.694952648;13238136.694952648;<;-4583033.26238629;1
31762.0;12047.0;2.636507014194405;0.0;0.0;0.0;0.0;12047.0;180618.0;180618.0;0.04720350823326686;27982.0;0.0;27982.0;3780.0;88.0989862099364;88.0989862099364;3780.0;11.9010137900636;0.0;0.0;0.0;0.0;5075.0;42.1266705403835;0.0;0.0;0.0;0.0;0.0;0.0;0.0;0.0;0.0;0.0;55.0;0.4565451979745995;0.0;0.0;0.0;0.0;0.0;0.0;0.0;0.0;0.0;0.0;3243.0;26.919565036938657;0.0;0.0;0.0;0.0;0.0;0.0;0.0;0.0;137527.0;76.14246642084399;137527.0;76.14246642084399;0.0;0.0;0.0;0.0;0.0;0.0;0.0;0.0;760.0;0.4207775526248768;0.0;0.0;0.0;0.0;0.0;0.0;0.0;0.0;0.0;0.0;34983.0;19.368501478257983;0.0;0.0;0.0;0.0;0.0;0.0;-1.0;1.0;0.9249022799499497;0.38020490862610556;1.0;0.0;3.7548860025025195;2.0;6782.0;3.7548860025025195;-1.0;1000.0;20.69951514388263;139.31092283530572;1000.0;0.0;5.783640828663182;3.0;1837.0;5.783640828663182;0.0;14.0;1.2471154644309788;1.1923547047933125;14.0;0.0;0.0;13.0;0.0;0.0;2.0;120.0;14.99277828505022;19.602610459409274;0.0;11.0;0.0;6.046042095752652;4385.0;5334.0;8414.0;11035.0;11627.0;12047.0;12047.0;12047.0;12047.0;36.39910351124762;44.27658338175479;69.84311446833237;91.59956835726737;96.51365485183034;100.0;100.0;100.0;100.0;7690.0;6805.0;3633.0;1012.0;420.0;0.0;0.0;0.0;0.0;0.0;0.0;63.83331949863037;56.48709222212999;30.156885531667637;8.40043164273263;3.4863451481696686;0.0;0.0;0.0;0.0;0.0;0.0;3780.0;31034.0;31762.0;31762.0;31762.0;31762.0;31762.0;31762.0;31762.0;11.9010137900636;97.70795289969145;100.0;100.0;100.0;100.0;100.0;100.0;100.0;27982.0;3531.0;0.0;0.0;0.0;0.0;0.0;0.0;0.0;0.0;0.0;88.0989862099364;11.117058119765758;0.0;0.0;0.0;0.0;0.0;0.0;0.0;0.0;0.0;neos-933966;14;1656;0.052138;1608;0.057466;MIR;25985;-728.1493675929112;728.1493675929112;2145.7801253197063;2145.7801253197063;0.33934015838851245;-139603.48414209447;139603.48414209447;<;-47916.141729818104;1
31762.0;12047.0;2.636507014194405;0.0;0.0;0.0;0.0;12047.0;180618.0;180618.0;0.04720350823326686;27982.0;0.0;27982.0;3780.0;88.0989862099364;88.0989862099364;3780.0;11.9010137900636;0.0;0.0;0.0;0.0;5075.0;42.1266705403835;0.0;0.0;0.0;0.0;0.0;0.0;0.0;0.0;0.0;0.0;55.0;0.4565451979745995;0.0;0.0;0.0;0.0;0.0;0.0;0.0;0.0;0.0;0.0;3243.0;26.919565036938657;0.0;0.0;0.0;0.0;0.0;0.0;0.0;0.0;137527.0;76.14246642084399;137527.0;76.14246642084399;0.0;0.0;0.0;0.0;0.0;0.0;0.0;0.0;760.0;0.4207775526248768;0.0;0.0;0.0;0.0;0.0;0.0;0.0;0.0;0.0;0.0;34983.0;19.368501478257983;0.0;0.0;0.0;0.0;0.0;0.0;-1.0;1.0;0.9249022799499497;0.38020490862610556;1.0;0.0;3.7548860025025195;2.0;6782.0;3.7548860025025195;-1.0;1000.0;20.69951514388263;139.31092283530572;1000.0;0.0;5.783640828663182;3.0;1837.0;5.783640828663182;0.0;14.0;1.2471154644309788;1.1923547047933125;14.0;0.0;0.0;13.0;0.0;0.0;2.0;120.0;14.99277828505022;19.602610459409274;0.0;11.0;0.0;6.046042095752652;4385.0;5334.0;8414.0;11035.0;11627.0;12047.0;12047.0;12047.0;12047.0;36.39910351124762;44.27658338175479;69.84311446833237;91.59956835726737;96.51365485183034;100.0;100.0;100.0;100.0;7690.0;6805.0;3633.0;1012.0;420.0;0.0;0.0;0.0;0.0;0.0;0.0;63.83331949863037;56.48709222212999;30.156885531667637;8.40043164273263;3.4863451481696686;0.0;0.0;0.0;0.0;0.0;0.0;3780.0;31034.0;31762.0;31762.0;31762.0;31762.0;31762.0;31762.0;31762.0;11.9010137900636;97.70795289969145;100.0;100.0;100.0;100.0;100.0;100.0;100.0;27982.0;3531.0;0.0;0.0;0.0;0.0;0.0;0.0;0.0;0.0;0.0;88.0989862099364;11.117058119765758;0.0;0.0;0.0;0.0;0.0;0.0;0.0;0.0;0.0;neos-933966;14;1656;0.052138;1608;0.057466;MIR;25954;-9106.503145869705;9106.503145869705;26835.066132486936;26835.066132486936;0.3393508739986012;-1746164.9342549287;1746164.9342549287;<;-599730.954030504;1
31762.0;12047.0;2.636507014194405;0.0;0.0;0.0;0.0;12047.0;180618.0;180618.0;0.04720350823326686;27982.0;0.0;27982.0;3780.0;88.0989862099364;88.0989862099364;3780.0;11.9010137900636;0.0;0.0;0.0;0.0;5075.0;42.1266705403835;0.0;0.0;0.0;0.0;0.0;0.0;0.0;0.0;0.0;0.0;55.0;0.4565451979745995;0.0;0.0;0.0;0.0;0.0;0.0;0.0;0.0;0.0;0.0;3243.0;26.919565036938657;0.0;0.0;0.0;0.0;0.0;0.0;0.0;0.0;137527.0;76.14246642084399;137527.0;76.14246642084399;0.0;0.0;0.0;0.0;0.0;0.0;0.0;0.0;760.0;0.4207775526248768;0.0;0.0;0.0;0.0;0.0;0.0;0.0;0.0;0.0;0.0;34983.0;19.368501478257983;0.0;0.0;0.0;0.0;0.0;0.0;-1.0;1.0;0.9249022799499497;0.38020490862610556;1.0;0.0;3.7548860025025195;2.0;6782.0;3.7548860025025195;-1.0;1000.0;20.69951514388263;139.31092283530572;1000.0;0.0;5.783640828663182;3.0;1837.0;5.783640828663182;0.0;14.0;1.2471154644309788;1.1923547047933125;14.0;0.0;0.0;13.0;0.0;0.0;2.0;120.0;14.99277828505022;19.602610459409274;0.0;11.0;0.0;6.046042095752652;4385.0;5334.0;8414.0;11035.0;11627.0;12047.0;12047.0;12047.0;12047.0;36.39910351124762;44.27658338175479;69.84311446833237;91.59956835726737;96.51365485183034;100.0;100.0;100.0;100.0;7690.0;6805.0;3633.0;1012.0;420.0;0.0;0.0;0.0;0.0;0.0;0.0;63.83331949863037;56.48709222212999;30.156885531667637;8.40043164273263;3.4863451481696686;0.0;0.0;0.0;0.0;0.0;0.0;3780.0;31034.0;31762.0;31762.0;31762.0;31762.0;31762.0;31762.0;31762.0;11.9010137900636;97.70795289969145;100.0;100.0;100.0;100.0;100.0;100.0;100.0;27982.0;3531.0;0.0;0.0;0.0;0.0;0.0;0.0;0.0;0.0;0.0;88.0989862099364;11.117058119765758;0.0;0.0;0.0;0.0;0.0;0.0;0.0;0.0;0.0;neos-933966;14;1656;0.052138;1608;0.057466;MIR;25978;-603.5525501760558;603.5525501760558;1367.0253843540092;1367.0253843540092;0.4415079318086444;-87263.47802434037;87263.47802434037;<;-30237.92346776779;1
31762.0;12047.0;2.636507014194405;0.0;0.0;0.0;0.0;12047.0;180618.0;180618.0;0.04720350823326686;27982.0;0.0;27982.0;3780.0;88.0989862099364;88.0989862099364;3780.0;11.9010137900636;0.0;0.0;0.0;0.0;5075.0;42.1266705403835;0.0;0.0;0.0;0.0;0.0;0.0;0.0;0.0;0.0;0.0;55.0;0.4565451979745995;0.0;0.0;0.0;0.0;0.0;0.0;0.0;0.0;0.0;0.0;3243.0;26.919565036938657;0.0;0.0;0.0;0.0;0.0;0.0;0.0;0.0;137527.0;76.14246642084399;137527.0;76.14246642084399;0.0;0.0;0.0;0.0;0.0;0.0;0.0;0.0;760.0;0.4207775526248768;0.0;0.0;0.0;0.0;0.0;0.0;0.0;0.0;0.0;0.0;34983.0;19.368501478257983;0.0;0.0;0.0;0.0;0.0;0.0;-1.0;1.0;0.9249022799499497;0.38020490862610556;1.0;0.0;3.7548860025025195;2.0;6782.0;3.7548860025025195;-1.0;1000.0;20.69951514388263;139.31092283530572;1000.0;0.0;5.783640828663182;3.0;1837.0;5.783640828663182;0.0;14.0;1.2471154644309788;1.1923547047933125;14.0;0.0;0.0;13.0;0.0;0.0;2.0;120.0;14.99277828505022;19.602610459409274;0.0;11.0;0.0;6.046042095752652;4385.0;5334.0;8414.0;11035.0;11627.0;12047.0;12047.0;12047.0;12047.0;36.39910351124762;44.27658338175479;69.84311446833237;91.59956835726737;96.51365485183034;100.0;100.0;100.0;100.0;7690.0;6805.0;3633.0;1012.0;420.0;0.0;0.0;0.0;0.0;0.0;0.0;63.83331949863037;56.48709222212999;30.156885531667637;8.40043164273263;3.4863451481696686;0.0;0.0;0.0;0.0;0.0;0.0;3780.0;31034.0;31762.0;31762.0;31762.0;31762.0;31762.0;31762.0;31762.0;11.9010137900636;97.70795289969145;100.0;100.0;100.0;100.0;100.0;100.0;100.0;27982.0;3531.0;0.0;0.0;0.0;0.0;0.0;0.0;0.0;0.0;0.0;88.0989862099364;11.117058119765758;0.0;0.0;0.0;0.0;0.0;0.0;0.0;0.0;0.0;neos-933966;14;1656;0.052138;1608;0.057466;MIR;25978;-39830.937827558584;39830.937827558584;90212.84882676792;90212.84882676792;0.4415217826015485;-5759020.1932141185;5759020.1932141185;<;-1995980.1511997664;1
31762.0;12047.0;2.636507014194405;0.0;0.0;0.0;0.0;12047.0;180618.0;180618.0;0.04720350823326686;27982.0;0.0;27982.0;3780.0;88.0989862099364;88.0989862099364;3780.0;11.9010137900636;0.0;0.0;0.0;0.0;5075.0;42.1266705403835;0.0;0.0;0.0;0.0;0.0;0.0;0.0;0.0;0.0;0.0;55.0;0.4565451979745995;0.0;0.0;0.0;0.0;0.0;0.0;0.0;0.0;0.0;0.0;3243.0;26.919565036938657;0.0;0.0;0.0;0.0;0.0;0.0;0.0;0.0;137527.0;76.14246642084399;137527.0;76.14246642084399;0.0;0.0;0.0;0.0;0.0;0.0;0.0;0.0;760.0;0.4207775526248768;0.0;0.0;0.0;0.0;0.0;0.0;0.0;0.0;0.0;0.0;34983.0;19.368501478257983;0.0;0.0;0.0;0.0;0.0;0.0;-1.0;1.0;0.9249022799499497;0.38020490862610556;1.0;0.0;3.7548860025025195;2.0;6782.0;3.7548860025025195;-1.0;1000.0;20.69951514388263;139.31092283530572;1000.0;0.0;5.783640828663182;3.0;1837.0;5.783640828663182;0.0;14.0;1.2471154644309788;1.1923547047933125;14.0;0.0;0.0;13.0;0.0;0.0;2.0;120.0;14.99277828505022;19.602610459409274;0.0;11.0;0.0;6.046042095752652;4385.0;5334.0;8414.0;11035.0;11627.0;12047.0;12047.0;12047.0;12047.0;36.39910351124762;44.27658338175479;69.84311446833237;91.59956835726737;96.51365485183034;100.0;100.0;100.0;100.0;7690.0;6805.0;3633.0;1012.0;420.0;0.0;0.0;0.0;0.0;0.0;0.0;63.83331949863037;56.48709222212999;30.156885531667637;8.40043164273263;3.4863451481696686;0.0;0.0;0.0;0.0;0.0;0.0;3780.0;31034.0;31762.0;31762.0;31762.0;31762.0;31762.0;31762.0;31762.0;11.9010137900636;97.70795289969145;100.0;100.0;100.0;100.0;100.0;100.0;100.0;27982.0;3531.0;0.0;0.0;0.0;0.0;0.0;0.0;0.0;0.0;0.0;88.0989862099364;11.117058119765758;0.0;0.0;0.0;0.0;0.0;0.0;0.0;0.0;0.0;neos-933966;14;1656;0.052138;1608;0.057466;MIR;26162;-657.9560052130194;657.9560052130194;1711.272403061632;1711.272403061632;0.3844835013033999;-120695.87729508727;120695.87729508727;<;-40640.06497831068;1
31762.0;12047.0;2.636507014194405;0.0;0.0;0.0;0.0;12047.0;180618.0;180618.0;0.04720350823326686;27982.0;0.0;27982.0;3780.0;88.0989862099364;88.0989862099364;3780.0;11.9010137900636;0.0;0.0;0.0;0.0;5075.0;42.1266705403835;0.0;0.0;0.0;0.0;0.0;0.0;0.0;0.0;0.0;0.0;55.0;0.4565451979745995;0.0;0.0;0.0;0.0;0.0;0.0;0.0;0.0;0.0;0.0;3243.0;26.919565036938657;0.0;0.0;0.0;0.0;0.0;0.0;0.0;0.0;137527.0;76.14246642084399;137527.0;76.14246642084399;0.0;0.0;0.0;0.0;0.0;0.0;0.0;0.0;760.0;0.4207775526248768;0.0;0.0;0.0;0.0;0.0;0.0;0.0;0.0;0.0;0.0;34983.0;19.368501478257983;0.0;0.0;0.0;0.0;0.0;0.0;-1.0;1.0;0.9249022799499497;0.38020490862610556;1.0;0.0;3.7548860025025195;2.0;6782.0;3.7548860025025195;-1.0;1000.0;20.69951514388263;139.31092283530572;1000.0;0.0;5.783640828663182;3.0;1837.0;5.783640828663182;0.0;14.0;1.2471154644309788;1.1923547047933125;14.0;0.0;0.0;13.0;0.0;0.0;2.0;120.0;14.99277828505022;19.602610459409274;0.0;11.0;0.0;6.046042095752652;4385.0;5334.0;8414.0;11035.0;11627.0;12047.0;12047.0;12047.0;12047.0;36.39910351124762;44.27658338175479;69.84311446833237;91.59956835726737;96.51365485183034;100.0;100.0;100.0;100.0;7690.0;6805.0;3633.0;1012.0;420.0;0.0;0.0;0.0;0.0;0.0;0.0;63.83331949863037;56.48709222212999;30.156885531667637;8.40043164273263;3.4863451481696686;0.0;0.0;0.0;0.0;0.0;0.0;3780.0;31034.0;31762.0;31762.0;31762.0;31762.0;31762.0;31762.0;31762.0;11.9010137900636;97.70795289969145;100.0;100.0;100.0;100.0;100.0;100.0;100.0;27982.0;3531.0;0.0;0.0;0.0;0.0;0.0;0.0;0.0;0.0;0.0;88.0989862099364;11.117058119765758;0.0;0.0;0.0;0.0;0.0;0.0;0.0;0.0;0.0;neos-933966;14;1656;0.052138;1608;0.057466;MIR;26151;-42230.75103987324;42230.75103987324;109835.89104624696;109835.89104624696;0.3844895383248793;-7747003.774766537;7747003.774766537;<;-2608913.5390121406;1
31762.0;12047.0;2.636507014194405;0.0;0.0;0.0;0.0;12047.0;180618.0;180618.0;0.04720350823326686;27982.0;0.0;27982.0;3780.0;88.0989862099364;88.0989862099364;3780.0;11.9010137900636;0.0;0.0;0.0;0.0;5075.0;42.1266705403835;0.0;0.0;0.0;0.0;0.0;0.0;0.0;0.0;0.0;0.0;55.0;0.4565451979745995;0.0;0.0;0.0;0.0;0.0;0.0;0.0;0.0;0.0;0.0;3243.0;26.919565036938657;0.0;0.0;0.0;0.0;0.0;0.0;0.0;0.0;137527.0;76.14246642084399;137527.0;76.14246642084399;0.0;0.0;0.0;0.0;0.0;0.0;0.0;0.0;760.0;0.4207775526248768;0.0;0.0;0.0;0.0;0.0;0.0;0.0;0.0;0.0;0.0;34983.0;19.368501478257983;0.0;0.0;0.0;0.0;0.0;0.0;-1.0;1.0;0.9249022799499497;0.38020490862610556;1.0;0.0;3.7548860025025195;2.0;6782.0;3.7548860025025195;-1.0;1000.0;20.69951514388263;139.31092283530572;1000.0;0.0;5.783640828663182;3.0;1837.0;5.783640828663182;0.0;14.0;1.2471154644309788;1.1923547047933125;14.0;0.0;0.0;13.0;0.0;0.0;2.0;120.0;14.99277828505022;19.602610459409274;0.0;11.0;0.0;6.046042095752652;4385.0;5334.0;8414.0;11035.0;11627.0;12047.0;12047.0;12047.0;12047.0;36.39910351124762;44.27658338175479;69.84311446833237;91.59956835726737;96.51365485183034;100.0;100.0;100.0;100.0;7690.0;6805.0;3633.0;1012.0;420.0;0.0;0.0;0.0;0.0;0.0;0.0;63.83331949863037;56.48709222212999;30.156885531667637;8.40043164273263;3.4863451481696686;0.0;0.0;0.0;0.0;0.0;0.0;3780.0;31034.0;31762.0;31762.0;31762.0;31762.0;31762.0;31762.0;31762.0;11.9010137900636;97.70795289969145;100.0;100.0;100.0;100.0;100.0;100.0;100.0;27982.0;3531.0;0.0;0.0;0.0;0.0;0.0;0.0;0.0;0.0;0.0;88.0989862099364;11.117058119765758;0.0;0.0;0.0;0.0;0.0;0.0;0.0;0.0;0.0;neos-933966;14;1656;0.052138;1608;0.057466;MIR;26184;-2671.264335957479;2671.264335957479;6482.715352811385;6482.715352811385;0.41205948288305166;-441673.5784437878;441673.5784437878;<;-150790.38392897556;1
31762.0;12047.0;2.636507014194405;0.0;0.0;0.0;0.0;12047.0;180618.0;180618.0;0.04720350823326686;27982.0;0.0;27982.0;3780.0;88.0989862099364;88.0989862099364;3780.0;11.9010137900636;0.0;0.0;0.0;0.0;5075.0;42.1266705403835;0.0;0.0;0.0;0.0;0.0;0.0;0.0;0.0;0.0;0.0;55.0;0.4565451979745995;0.0;0.0;0.0;0.0;0.0;0.0;0.0;0.0;0.0;0.0;3243.0;26.919565036938657;0.0;0.0;0.0;0.0;0.0;0.0;0.0;0.0;137527.0;76.14246642084399;137527.0;76.14246642084399;0.0;0.0;0.0;0.0;0.0;0.0;0.0;0.0;760.0;0.4207775526248768;0.0;0.0;0.0;0.0;0.0;0.0;0.0;0.0;0.0;0.0;34983.0;19.368501478257983;0.0;0.0;0.0;0.0;0.0;0.0;-1.0;1.0;0.9249022799499497;0.38020490862610556;1.0;0.0;3.7548860025025195;2.0;6782.0;3.7548860025025195;-1.0;1000.0;20.69951514388263;139.31092283530572;1000.0;0.0;5.783640828663182;3.0;1837.0;5.783640828663182;0.0;14.0;1.2471154644309788;1.1923547047933125;14.0;0.0;0.0;13.0;0.0;0.0;2.0;120.0;14.99277828505022;19.602610459409274;0.0;11.0;0.0;6.046042095752652;4385.0;5334.0;8414.0;11035.0;11627.0;12047.0;12047.0;12047.0;12047.0;36.39910351124762;44.27658338175479;69.84311446833237;91.59956835726737;96.51365485183034;100.0;100.0;100.0;100.0;7690.0;6805.0;3633.0;1012.0;420.0;0.0;0.0;0.0;0.0;0.0;0.0;63.83331949863037;56.48709222212999;30.156885531667637;8.40043164273263;3.4863451481696686;0.0;0.0;0.0;0.0;0.0;0.0;3780.0;31034.0;31762.0;31762.0;31762.0;31762.0;31762.0;31762.0;31762.0;11.9010137900636;97.70795289969145;100.0;100.0;100.0;100.0;100.0;100.0;100.0;27982.0;3531.0;0.0;0.0;0.0;0.0;0.0;0.0;0.0;0.0;0.0;88.0989862099364;11.117058119765758;0.0;0.0;0.0;0.0;0.0;0.0;0.0;0.0;0.0;neos-933966;14;1656;0.052138;1608;0.057466;MIR;26091;-10804.765953983167;10804.765953983167;26218.61915709469;26218.61915709469;0.4121027842558759;-1786588.8744365016;1786588.8744365016;<;-610366.1902414556;1
31762.0;12047.0;2.636507014194405;0.0;0.0;0.0;0.0;12047.0;180618.0;180618.0;0.04720350823326686;27982.0;0.0;27982.0;3780.0;88.0989862099364;88.0989862099364;3780.0;11.9010137900636;0.0;0.0;0.0;0.0;5075.0;42.1266705403835;0.0;0.0;0.0;0.0;0.0;0.0;0.0;0.0;0.0;0.0;55.0;0.4565451979745995;0.0;0.0;0.0;0.0;0.0;0.0;0.0;0.0;0.0;0.0;3243.0;26.919565036938657;0.0;0.0;0.0;0.0;0.0;0.0;0.0;0.0;137527.0;76.14246642084399;137527.0;76.14246642084399;0.0;0.0;0.0;0.0;0.0;0.0;0.0;0.0;760.0;0.4207775526248768;0.0;0.0;0.0;0.0;0.0;0.0;0.0;0.0;0.0;0.0;34983.0;19.368501478257983;0.0;0.0;0.0;0.0;0.0;0.0;-1.0;1.0;0.9249022799499497;0.38020490862610556;1.0;0.0;3.7548860025025195;2.0;6782.0;3.7548860025025195;-1.0;1000.0;20.69951514388263;139.31092283530572;1000.0;0.0;5.783640828663182;3.0;1837.0;5.783640828663182;0.0;14.0;1.2471154644309788;1.1923547047933125;14.0;0.0;0.0;13.0;0.0;0.0;2.0;120.0;14.99277828505022;19.602610459409274;0.0;11.0;0.0;6.046042095752652;4385.0;5334.0;8414.0;11035.0;11627.0;12047.0;12047.0;12047.0;12047.0;36.39910351124762;44.27658338175479;69.84311446833237;91.59956835726737;96.51365485183034;100.0;100.0;100.0;100.0;7690.0;6805.0;3633.0;1012.0;420.0;0.0;0.0;0.0;0.0;0.0;0.0;63.83331949863037;56.48709222212999;30.156885531667637;8.40043164273263;3.4863451481696686;0.0;0.0;0.0;0.0;0.0;0.0;3780.0;31034.0;31762.0;31762.0;31762.0;31762.0;31762.0;31762.0;31762.0;11.9010137900636;97.70795289969145;100.0;100.0;100.0;100.0;100.0;100.0;100.0;27982.0;3531.0;0.0;0.0;0.0;0.0;0.0;0.0;0.0;0.0;0.0;88.0989862099364;11.117058119765758;0.0;0.0;0.0;0.0;0.0;0.0;0.0;0.0;0.0;neos-933966;14;1656;0.052138;1608;0.057466;MIR;26043;-212.32379226839726;212.32379226839726;544.3431840322513;544.3431840322513;0.3900550213481087;-35511.88223605485;35511.88223605485;<;-12303.455101794287;1
31762.0;12047.0;2.636507014194405;0.0;0.0;0.0;0.0;12047.0;180618.0;180618.0;0.04720350823326686;27982.0;0.0;27982.0;3780.0;88.0989862099364;88.0989862099364;3780.0;11.9010137900636;0.0;0.0;0.0;0.0;5075.0;42.1266705403835;0.0;0.0;0.0;0.0;0.0;0.0;0.0;0.0;0.0;0.0;55.0;0.4565451979745995;0.0;0.0;0.0;0.0;0.0;0.0;0.0;0.0;0.0;0.0;3243.0;26.919565036938657;0.0;0.0;0.0;0.0;0.0;0.0;0.0;0.0;137527.0;76.14246642084399;137527.0;76.14246642084399;0.0;0.0;0.0;0.0;0.0;0.0;0.0;0.0;760.0;0.4207775526248768;0.0;0.0;0.0;0.0;0.0;0.0;0.0;0.0;0.0;0.0;34983.0;19.368501478257983;0.0;0.0;0.0;0.0;0.0;0.0;-1.0;1.0;0.9249022799499497;0.38020490862610556;1.0;0.0;3.7548860025025195;2.0;6782.0;3.7548860025025195;-1.0;1000.0;20.69951514388263;139.31092283530572;1000.0;0.0;5.783640828663182;3.0;1837.0;5.783640828663182;0.0;14.0;1.2471154644309788;1.1923547047933125;14.0;0.0;0.0;13.0;0.0;0.0;2.0;120.0;14.99277828505022;19.602610459409274;0.0;11.0;0.0;6.046042095752652;4385.0;5334.0;8414.0;11035.0;11627.0;12047.0;12047.0;12047.0;12047.0;36.39910351124762;44.27658338175479;69.84311446833237;91.59956835726737;96.51365485183034;100.0;100.0;100.0;100.0;7690.0;6805.0;3633.0;1012.0;420.0;0.0;0.0;0.0;0.0;0.0;0.0;63.83331949863037;56.48709222212999;30.156885531667637;8.40043164273263;3.4863451481696686;0.0;0.0;0.0;0.0;0.0;0.0;3780.0;31034.0;31762.0;31762.0;31762.0;31762.0;31762.0;31762.0;31762.0;11.9010137900636;97.70795289969145;100.0;100.0;100.0;100.0;100.0;100.0;100.0;27982.0;3531.0;0.0;0.0;0.0;0.0;0.0;0.0;0.0;0.0;0.0;88.0989862099364;11.117058119765758;0.0;0.0;0.0;0.0;0.0;0.0;0.0;0.0;0.0;neos-933966;14;1656;0.052138;1608;0.057466;MIR;26043;-235523.12889661622;235523.12889661622;603820.0545796157;603820.0545796157;0.3900551614844745;-39392015.03520103;39392015.03520103;<;-13647752.891979601;1
31762.0;12047.0;2.636507014194405;0.0;0.0;0.0;0.0;12047.0;180618.0;180618.0;0.04720350823326686;27982.0;0.0;27982.0;3780.0;88.0989862099364;88.0989862099364;3780.0;11.9010137900636;0.0;0.0;0.0;0.0;5075.0;42.1266705403835;0.0;0.0;0.0;0.0;0.0;0.0;0.0;0.0;0.0;0.0;55.0;0.4565451979745995;0.0;0.0;0.0;0.0;0.0;0.0;0.0;0.0;0.0;0.0;3243.0;26.919565036938657;0.0;0.0;0.0;0.0;0.0;0.0;0.0;0.0;137527.0;76.14246642084399;137527.0;76.14246642084399;0.0;0.0;0.0;0.0;0.0;0.0;0.0;0.0;760.0;0.4207775526248768;0.0;0.0;0.0;0.0;0.0;0.0;0.0;0.0;0.0;0.0;34983.0;19.368501478257983;0.0;0.0;0.0;0.0;0.0;0.0;-1.0;1.0;0.9249022799499497;0.38020490862610556;1.0;0.0;3.7548860025025195;2.0;6782.0;3.7548860025025195;-1.0;1000.0;20.69951514388263;139.31092283530572;1000.0;0.0;5.783640828663182;3.0;1837.0;5.783640828663182;0.0;14.0;1.2471154644309788;1.1923547047933125;14.0;0.0;0.0;13.0;0.0;0.0;2.0;120.0;14.99277828505022;19.602610459409274;0.0;11.0;0.0;6.046042095752652;4385.0;5334.0;8414.0;11035.0;11627.0;12047.0;12047.0;12047.0;12047.0;36.39910351124762;44.27658338175479;69.84311446833237;91.59956835726737;96.51365485183034;100.0;100.0;100.0;100.0;7690.0;6805.0;3633.0;1012.0;420.0;0.0;0.0;0.0;0.0;0.0;0.0;63.83331949863037;56.48709222212999;30.156885531667637;8.40043164273263;3.4863451481696686;0.0;0.0;0.0;0.0;0.0;0.0;3780.0;31034.0;31762.0;31762.0;31762.0;31762.0;31762.0;31762.0;31762.0;11.9010137900636;97.70795289969145;100.0;100.0;100.0;100.0;100.0;100.0;100.0;27982.0;3531.0;0.0;0.0;0.0;0.0;0.0;0.0;0.0;0.0;0.0;88.0989862099364;11.117058119765758;0.0;0.0;0.0;0.0;0.0;0.0;0.0;0.0;0.0;neos-933966;14;1656;0.052138;1608;0.057466;MIR;26227;-15.63623541353722;15.63623541353722;35.58425554425661;35.58425554425661;0.4394144313091004;-2660.6548649371694;2660.6548649371694;<;-910.3183143851829;1
31762.0;12047.0;2.636507014194405;0.0;0.0;0.0;0.0;12047.0;180618.0;180618.0;0.04720350823326686;27982.0;0.0;27982.0;3780.0;88.0989862099364;88.0989862099364;3780.0;11.9010137900636;0.0;0.0;0.0;0.0;5075.0;42.1266705403835;0.0;0.0;0.0;0.0;0.0;0.0;0.0;0.0;0.0;0.0;55.0;0.4565451979745995;0.0;0.0;0.0;0.0;0.0;0.0;0.0;0.0;0.0;0.0;3243.0;26.919565036938657;0.0;0.0;0.0;0.0;0.0;0.0;0.0;0.0;137527.0;76.14246642084399;137527.0;76.14246642084399;0.0;0.0;0.0;0.0;0.0;0.0;0.0;0.0;760.0;0.4207775526248768;0.0;0.0;0.0;0.0;0.0;0.0;0.0;0.0;0.0;0.0;34983.0;19.368501478257983;0.0;0.0;0.0;0.0;0.0;0.0;-1.0;1.0;0.9249022799499497;0.38020490862610556;1.0;0.0;3.7548860025025195;2.0;6782.0;3.7548860025025195;-1.0;1000.0;20.69951514388263;139.31092283530572;1000.0;0.0;5.783640828663182;3.0;1837.0;5.783640828663182;0.0;14.0;1.2471154644309788;1.1923547047933125;14.0;0.0;0.0;13.0;0.0;0.0;2.0;120.0;14.99277828505022;19.602610459409274;0.0;11.0;0.0;6.046042095752652;4385.0;5334.0;8414.0;11035.0;11627.0;12047.0;12047.0;12047.0;12047.0;36.39910351124762;44.27658338175479;69.84311446833237;91.59956835726737;96.51365485183034;100.0;100.0;100.0;100.0;7690.0;6805.0;3633.0;1012.0;420.0;0.0;0.0;0.0;0.0;0.0;0.0;63.83331949863037;56.48709222212999;30.156885531667637;8.40043164273263;3.4863451481696686;0.0;0.0;0.0;0.0;0.0;0.0;3780.0;31034.0;31762.0;31762.0;31762.0;31762.0;31762.0;31762.0;31762.0;11.9010137900636;97.70795289969145;100.0;100.0;100.0;100.0;100.0;100.0;100.0;27982.0;3531.0;0.0;0.0;0.0;0.0;0.0;0.0;0.0;0.0;0.0;88.0989862099364;11.117058119765758;0.0;0.0;0.0;0.0;0.0;0.0;0.0;0.0;0.0;neos-933966;14;1656;0.052138;1608;0.057466;MIR;26227;-2580145.3976626866;2580145.3976626866;5871818.959150852;5871818.959150852;0.43941160577536137;-439033519.72450143;439033519.72450143;<;-150203288.49333143;1
31762.0;12047.0;2.636507014194405;0.0;0.0;0.0;0.0;12047.0;180618.0;180618.0;0.04720350823326686;27982.0;0.0;27982.0;3780.0;88.0989862099364;88.0989862099364;3780.0;11.9010137900636;0.0;0.0;0.0;0.0;5075.0;42.1266705403835;0.0;0.0;0.0;0.0;0.0;0.0;0.0;0.0;0.0;0.0;55.0;0.4565451979745995;0.0;0.0;0.0;0.0;0.0;0.0;0.0;0.0;0.0;0.0;3243.0;26.919565036938657;0.0;0.0;0.0;0.0;0.0;0.0;0.0;0.0;137527.0;76.14246642084399;137527.0;76.14246642084399;0.0;0.0;0.0;0.0;0.0;0.0;0.0;0.0;760.0;0.4207775526248768;0.0;0.0;0.0;0.0;0.0;0.0;0.0;0.0;0.0;0.0;34983.0;19.368501478257983;0.0;0.0;0.0;0.0;0.0;0.0;-1.0;1.0;0.9249022799499497;0.38020490862610556;1.0;0.0;3.7548860025025195;2.0;6782.0;3.7548860025025195;-1.0;1000.0;20.69951514388263;139.31092283530572;1000.0;0.0;5.783640828663182;3.0;1837.0;5.783640828663182;0.0;14.0;1.2471154644309788;1.1923547047933125;14.0;0.0;0.0;13.0;0.0;0.0;2.0;120.0;14.99277828505022;19.602610459409274;0.0;11.0;0.0;6.046042095752652;4385.0;5334.0;8414.0;11035.0;11627.0;12047.0;12047.0;12047.0;12047.0;36.39910351124762;44.27658338175479;69.84311446833237;91.59956835726737;96.51365485183034;100.0;100.0;100.0;100.0;7690.0;6805.0;3633.0;1012.0;420.0;0.0;0.0;0.0;0.0;0.0;0.0;63.83331949863037;56.48709222212999;30.156885531667637;8.40043164273263;3.4863451481696686;0.0;0.0;0.0;0.0;0.0;0.0;3780.0;31034.0;31762.0;31762.0;31762.0;31762.0;31762.0;31762.0;31762.0;11.9010137900636;97.70795289969145;100.0;100.0;100.0;100.0;100.0;100.0;100.0;27982.0;3531.0;0.0;0.0;0.0;0.0;0.0;0.0;0.0;0.0;0.0;88.0989862099364;11.117058119765758;0.0;0.0;0.0;0.0;0.0;0.0;0.0;0.0;0.0;neos-933966;14;1656;0.052138;1608;0.057466;MIR;26139;-2362.182424148644;2362.182424148644;7038.275739850433;7038.275739850433;0.335619477192981;-473109.0711647872;473109.0711647872;<;-158637.58786790114;1
31762.0;12047.0;2.636507014194405;0.0;0.0;0.0;0.0;12047.0;180618.0;180618.0;0.04720350823326686;27982.0;0.0;27982.0;3780.0;88.0989862099364;88.0989862099364;3780.0;11.9010137900636;0.0;0.0;0.0;0.0;5075.0;42.1266705403835;0.0;0.0;0.0;0.0;0.0;0.0;0.0;0.0;0.0;0.0;55.0;0.4565451979745995;0.0;0.0;0.0;0.0;0.0;0.0;0.0;0.0;0.0;0.0;3243.0;26.919565036938657;0.0;0.0;0.0;0.0;0.0;0.0;0.0;0.0;137527.0;76.14246642084399;137527.0;76.14246642084399;0.0;0.0;0.0;0.0;0.0;0.0;0.0;0.0;760.0;0.4207775526248768;0.0;0.0;0.0;0.0;0.0;0.0;0.0;0.0;0.0;0.0;34983.0;19.368501478257983;0.0;0.0;0.0;0.0;0.0;0.0;-1.0;1.0;0.9249022799499497;0.38020490862610556;1.0;0.0;3.7548860025025195;2.0;6782.0;3.7548860025025195;-1.0;1000.0;20.69951514388263;139.31092283530572;1000.0;0.0;5.783640828663182;3.0;1837.0;5.783640828663182;0.0;14.0;1.2471154644309788;1.1923547047933125;14.0;0.0;0.0;13.0;0.0;0.0;2.0;120.0;14.99277828505022;19.602610459409274;0.0;11.0;0.0;6.046042095752652;4385.0;5334.0;8414.0;11035.0;11627.0;12047.0;12047.0;12047.0;12047.0;36.39910351124762;44.27658338175479;69.84311446833237;91.59956835726737;96.51365485183034;100.0;100.0;100.0;100.0;7690.0;6805.0;3633.0;1012.0;420.0;0.0;0.0;0.0;0.0;0.0;0.0;63.83331949863037;56.48709222212999;30.156885531667637;8.40043164273263;3.4863451481696686;0.0;0.0;0.0;0.0;0.0;0.0;3780.0;31034.0;31762.0;31762.0;31762.0;31762.0;31762.0;31762.0;31762.0;11.9010137900636;97.70795289969145;100.0;100.0;100.0;100.0;100.0;100.0;100.0;27982.0;3531.0;0.0;0.0;0.0;0.0;0.0;0.0;0.0;0.0;0.0;88.0989862099364;11.117058119765758;0.0;0.0;0.0;0.0;0.0;0.0;0.0;0.0;0.0;neos-933966;14;1656;0.052138;1608;0.057466;MIR;26130;-37758.250420744116;37758.250420744116;112500.97352647824;112500.97352647824;0.33562598826629114;-7562531.077670698;7562531.077670698;<;-2536191.017135945;1
31762.0;12047.0;2.636507014194405;0.0;0.0;0.0;0.0;12047.0;180618.0;180618.0;0.04720350823326686;27982.0;0.0;27982.0;3780.0;88.0989862099364;88.0989862099364;3780.0;11.9010137900636;0.0;0.0;0.0;0.0;5075.0;42.1266705403835;0.0;0.0;0.0;0.0;0.0;0.0;0.0;0.0;0.0;0.0;55.0;0.4565451979745995;0.0;0.0;0.0;0.0;0.0;0.0;0.0;0.0;0.0;0.0;3243.0;26.919565036938657;0.0;0.0;0.0;0.0;0.0;0.0;0.0;0.0;137527.0;76.14246642084399;137527.0;76.14246642084399;0.0;0.0;0.0;0.0;0.0;0.0;0.0;0.0;760.0;0.4207775526248768;0.0;0.0;0.0;0.0;0.0;0.0;0.0;0.0;0.0;0.0;34983.0;19.368501478257983;0.0;0.0;0.0;0.0;0.0;0.0;-1.0;1.0;0.9249022799499497;0.38020490862610556;1.0;0.0;3.7548860025025195;2.0;6782.0;3.7548860025025195;-1.0;1000.0;20.69951514388263;139.31092283530572;1000.0;0.0;5.783640828663182;3.0;1837.0;5.783640828663182;0.0;14.0;1.2471154644309788;1.1923547047933125;14.0;0.0;0.0;13.0;0.0;0.0;2.0;120.0;14.99277828505022;19.602610459409274;0.0;11.0;0.0;6.046042095752652;4385.0;5334.0;8414.0;11035.0;11627.0;12047.0;12047.0;12047.0;12047.0;36.39910351124762;44.27658338175479;69.84311446833237;91.59956835726737;96.51365485183034;100.0;100.0;100.0;100.0;7690.0;6805.0;3633.0;1012.0;420.0;0.0;0.0;0.0;0.0;0.0;0.0;63.83331949863037;56.48709222212999;30.156885531667637;8.40043164273263;3.4863451481696686;0.0;0.0;0.0;0.0;0.0;0.0;3780.0;31034.0;31762.0;31762.0;31762.0;31762.0;31762.0;31762.0;31762.0;11.9010137900636;97.70795289969145;100.0;100.0;100.0;100.0;100.0;100.0;100.0;27982.0;3531.0;0.0;0.0;0.0;0.0;0.0;0.0;0.0;0.0;0.0;88.0989862099364;11.117058119765758;0.0;0.0;0.0;0.0;0.0;0.0;0.0;0.0;0.0;neos-933966;14;1656;0.052138;1608;0.057466;MIR;26187;-23.56574943655568;23.56574943655568;64.91861204400526;64.91861204400526;0.36300451741915823;-4707.799005257708;4707.799005257708;<;-1640.432958349742;1
31762.0;12047.0;2.636507014194405;0.0;0.0;0.0;0.0;12047.0;180618.0;180618.0;0.04720350823326686;27982.0;0.0;27982.0;3780.0;88.0989862099364;88.0989862099364;3780.0;11.9010137900636;0.0;0.0;0.0;0.0;5075.0;42.1266705403835;0.0;0.0;0.0;0.0;0.0;0.0;0.0;0.0;0.0;0.0;55.0;0.4565451979745995;0.0;0.0;0.0;0.0;0.0;0.0;0.0;0.0;0.0;0.0;3243.0;26.919565036938657;0.0;0.0;0.0;0.0;0.0;0.0;0.0;0.0;137527.0;76.14246642084399;137527.0;76.14246642084399;0.0;0.0;0.0;0.0;0.0;0.0;0.0;0.0;760.0;0.4207775526248768;0.0;0.0;0.0;0.0;0.0;0.0;0.0;0.0;0.0;0.0;34983.0;19.368501478257983;0.0;0.0;0.0;0.0;0.0;0.0;-1.0;1.0;0.9249022799499497;0.38020490862610556;1.0;0.0;3.7548860025025195;2.0;6782.0;3.7548860025025195;-1.0;1000.0;20.69951514388263;139.31092283530572;1000.0;0.0;5.783640828663182;3.0;1837.0;5.783640828663182;0.0;14.0;1.2471154644309788;1.1923547047933125;14.0;0.0;0.0;13.0;0.0;0.0;2.0;120.0;14.99277828505022;19.602610459409274;0.0;11.0;0.0;6.046042095752652;4385.0;5334.0;8414.0;11035.0;11627.0;12047.0;12047.0;12047.0;12047.0;36.39910351124762;44.27658338175479;69.84311446833237;91.59956835726737;96.51365485183034;100.0;100.0;100.0;100.0;7690.0;6805.0;3633.0;1012.0;420.0;0.0;0.0;0.0;0.0;0.0;0.0;63.83331949863037;56.48709222212999;30.156885531667637;8.40043164273263;3.4863451481696686;0.0;0.0;0.0;0.0;0.0;0.0;3780.0;31034.0;31762.0;31762.0;31762.0;31762.0;31762.0;31762.0;31762.0;11.9010137900636;97.70795289969145;100.0;100.0;100.0;100.0;100.0;100.0;100.0;27982.0;3531.0;0.0;0.0;0.0;0.0;0.0;0.0;0.0;0.0;0.0;88.0989862099364;11.117058119765758;0.0;0.0;0.0;0.0;0.0;0.0;0.0;0.0;0.0;neos-933966;14;1656;0.052138;1608;0.057466;MIR;26187;-206808.54927809146;206808.54927809146;569714.2145832462;569714.2145832462;0.36300401847858893;-41314942.35276288;41314942.35276288;<;-14396451.982332062;1
31762.0;12047.0;2.636507014194405;0.0;0.0;0.0;0.0;12047.0;180618.0;180618.0;0.04720350823326686;27982.0;0.0;27982.0;3780.0;88.0989862099364;88.0989862099364;3780.0;11.9010137900636;0.0;0.0;0.0;0.0;5075.0;42.1266705403835;0.0;0.0;0.0;0.0;0.0;0.0;0.0;0.0;0.0;0.0;55.0;0.4565451979745995;0.0;0.0;0.0;0.0;0.0;0.0;0.0;0.0;0.0;0.0;3243.0;26.919565036938657;0.0;0.0;0.0;0.0;0.0;0.0;0.0;0.0;137527.0;76.14246642084399;137527.0;76.14246642084399;0.0;0.0;0.0;0.0;0.0;0.0;0.0;0.0;760.0;0.4207775526248768;0.0;0.0;0.0;0.0;0.0;0.0;0.0;0.0;0.0;0.0;34983.0;19.368501478257983;0.0;0.0;0.0;0.0;0.0;0.0;-1.0;1.0;0.9249022799499497;0.38020490862610556;1.0;0.0;3.7548860025025195;2.0;6782.0;3.7548860025025195;-1.0;1000.0;20.69951514388263;139.31092283530572;1000.0;0.0;5.783640828663182;3.0;1837.0;5.783640828663182;0.0;14.0;1.2471154644309788;1.1923547047933125;14.0;0.0;0.0;13.0;0.0;0.0;2.0;120.0;14.99277828505022;19.602610459409274;0.0;11.0;0.0;6.046042095752652;4385.0;5334.0;8414.0;11035.0;11627.0;12047.0;12047.0;12047.0;12047.0;36.39910351124762;44.27658338175479;69.84311446833237;91.59956835726737;96.51365485183034;100.0;100.0;100.0;100.0;7690.0;6805.0;3633.0;1012.0;420.0;0.0;0.0;0.0;0.0;0.0;0.0;63.83331949863037;56.48709222212999;30.156885531667637;8.40043164273263;3.4863451481696686;0.0;0.0;0.0;0.0;0.0;0.0;3780.0;31034.0;31762.0;31762.0;31762.0;31762.0;31762.0;31762.0;31762.0;11.9010137900636;97.70795289969145;100.0;100.0;100.0;100.0;100.0;100.0;100.0;27982.0;3531.0;0.0;0.0;0.0;0.0;0.0;0.0;0.0;0.0;0.0;88.0989862099364;11.117058119765758;0.0;0.0;0.0;0.0;0.0;0.0;0.0;0.0;0.0;neos-933966;16;1648;0.051886;1594;0.056965;RED_SPLIT;26612;-10.055298515389039;10.055298515389039;28.942699038476917;28.942699038476917;0.34742089886023947;-1875.9708497893032;1875.9708497893032;<;-627.5988814877512;1
31762.0;12047.0;2.636507014194405;0.0;0.0;0.0;0.0;12047.0;180618.0;180618.0;0.04720350823326686;27982.0;0.0;27982.0;3780.0;88.0989862099364;88.0989862099364;3780.0;11.9010137900636;0.0;0.0;0.0;0.0;5075.0;42.1266705403835;0.0;0.0;0.0;0.0;0.0;0.0;0.0;0.0;0.0;0.0;55.0;0.4565451979745995;0.0;0.0;0.0;0.0;0.0;0.0;0.0;0.0;0.0;0.0;3243.0;26.919565036938657;0.0;0.0;0.0;0.0;0.0;0.0;0.0;0.0;137527.0;76.14246642084399;137527.0;76.14246642084399;0.0;0.0;0.0;0.0;0.0;0.0;0.0;0.0;760.0;0.4207775526248768;0.0;0.0;0.0;0.0;0.0;0.0;0.0;0.0;0.0;0.0;34983.0;19.368501478257983;0.0;0.0;0.0;0.0;0.0;0.0;-1.0;1.0;0.9249022799499497;0.38020490862610556;1.0;0.0;3.7548860025025195;2.0;6782.0;3.7548860025025195;-1.0;1000.0;20.69951514388263;139.31092283530572;1000.0;0.0;5.783640828663182;3.0;1837.0;5.783640828663182;0.0;14.0;1.2471154644309788;1.1923547047933125;14.0;0.0;0.0;13.0;0.0;0.0;2.0;120.0;14.99277828505022;19.602610459409274;0.0;11.0;0.0;6.046042095752652;4385.0;5334.0;8414.0;11035.0;11627.0;12047.0;12047.0;12047.0;12047.0;36.39910351124762;44.27658338175479;69.84311446833237;91.59956835726737;96.51365485183034;100.0;100.0;100.0;100.0;7690.0;6805.0;3633.0;1012.0;420.0;0.0;0.0;0.0;0.0;0.0;0.0;63.83331949863037;56.48709222212999;30.156885531667637;8.40043164273263;3.4863451481696686;0.0;0.0;0.0;0.0;0.0;0.0;3780.0;31034.0;31762.0;31762.0;31762.0;31762.0;31762.0;31762.0;31762.0;11.9010137900636;97.70795289969145;100.0;100.0;100.0;100.0;100.0;100.0;100.0;27982.0;3531.0;0.0;0.0;0.0;0.0;0.0;0.0;0.0;0.0;0.0;88.0989862099364;11.117058119765758;0.0;0.0;0.0;0.0;0.0;0.0;0.0;0.0;0.0;neos-933966;16;1648;0.051886;1594;0.056965;RED_SPLIT;26515;-23.650957863715227;23.650957863715227;70.22033311567237;70.22033311567237;0.3368106759726636;-4640.5321342255465;4640.5321342255465;<;-1591.9380398155668;1
31762.0;12047.0;2.636507014194405;0.0;0.0;0.0;0.0;12047.0;180618.0;180618.0;0.04720350823326686;27982.0;0.0;27982.0;3780.0;88.0989862099364;88.0989862099364;3780.0;11.9010137900636;0.0;0.0;0.0;0.0;5075.0;42.1266705403835;0.0;0.0;0.0;0.0;0.0;0.0;0.0;0.0;0.0;0.0;55.0;0.4565451979745995;0.0;0.0;0.0;0.0;0.0;0.0;0.0;0.0;0.0;0.0;3243.0;26.919565036938657;0.0;0.0;0.0;0.0;0.0;0.0;0.0;0.0;137527.0;76.14246642084399;137527.0;76.14246642084399;0.0;0.0;0.0;0.0;0.0;0.0;0.0;0.0;760.0;0.4207775526248768;0.0;0.0;0.0;0.0;0.0;0.0;0.0;0.0;0.0;0.0;34983.0;19.368501478257983;0.0;0.0;0.0;0.0;0.0;0.0;-1.0;1.0;0.9249022799499497;0.38020490862610556;1.0;0.0;3.7548860025025195;2.0;6782.0;3.7548860025025195;-1.0;1000.0;20.69951514388263;139.31092283530572;1000.0;0.0;5.783640828663182;3.0;1837.0;5.783640828663182;0.0;14.0;1.2471154644309788;1.1923547047933125;14.0;0.0;0.0;13.0;0.0;0.0;2.0;120.0;14.99277828505022;19.602610459409274;0.0;11.0;0.0;6.046042095752652;4385.0;5334.0;8414.0;11035.0;11627.0;12047.0;12047.0;12047.0;12047.0;36.39910351124762;44.27658338175479;69.84311446833237;91.59956835726737;96.51365485183034;100.0;100.0;100.0;100.0;7690.0;6805.0;3633.0;1012.0;420.0;0.0;0.0;0.0;0.0;0.0;0.0;63.83331949863037;56.48709222212999;30.156885531667637;8.40043164273263;3.4863451481696686;0.0;0.0;0.0;0.0;0.0;0.0;3780.0;31034.0;31762.0;31762.0;31762.0;31762.0;31762.0;31762.0;31762.0;11.9010137900636;97.70795289969145;100.0;100.0;100.0;100.0;100.0;100.0;100.0;27982.0;3531.0;0.0;0.0;0.0;0.0;0.0;0.0;0.0;0.0;0.0;88.0989862099364;11.117058119765758;0.0;0.0;0.0;0.0;0.0;0.0;0.0;0.0;0.0;neos-933966;16;1648;0.051886;1594;0.056965;RED_SPLIT;26447;-16.223940465225525;16.223940465225525;48.84708076607601;48.84708076607601;0.3321373603249787;-3209.41618842157;3209.41618842157;<;-1089.1665260371028;1
31762.0;12047.0;2.636507014194405;0.0;0.0;0.0;0.0;12047.0;180618.0;180618.0;0.04720350823326686;27982.0;0.0;27982.0;3780.0;88.0989862099364;88.0989862099364;3780.0;11.9010137900636;0.0;0.0;0.0;0.0;5075.0;42.1266705403835;0.0;0.0;0.0;0.0;0.0;0.0;0.0;0.0;0.0;0.0;55.0;0.4565451979745995;0.0;0.0;0.0;0.0;0.0;0.0;0.0;0.0;0.0;0.0;3243.0;26.919565036938657;0.0;0.0;0.0;0.0;0.0;0.0;0.0;0.0;137527.0;76.14246642084399;137527.0;76.14246642084399;0.0;0.0;0.0;0.0;0.0;0.0;0.0;0.0;760.0;0.4207775526248768;0.0;0.0;0.0;0.0;0.0;0.0;0.0;0.0;0.0;0.0;34983.0;19.368501478257983;0.0;0.0;0.0;0.0;0.0;0.0;-1.0;1.0;0.9249022799499497;0.38020490862610556;1.0;0.0;3.7548860025025195;2.0;6782.0;3.7548860025025195;-1.0;1000.0;20.69951514388263;139.31092283530572;1000.0;0.0;5.783640828663182;3.0;1837.0;5.783640828663182;0.0;14.0;1.2471154644309788;1.1923547047933125;14.0;0.0;0.0;13.0;0.0;0.0;2.0;120.0;14.99277828505022;19.602610459409274;0.0;11.0;0.0;6.046042095752652;4385.0;5334.0;8414.0;11035.0;11627.0;12047.0;12047.0;12047.0;12047.0;36.39910351124762;44.27658338175479;69.84311446833237;91.59956835726737;96.51365485183034;100.0;100.0;100.0;100.0;7690.0;6805.0;3633.0;1012.0;420.0;0.0;0.0;0.0;0.0;0.0;0.0;63.83331949863037;56.48709222212999;30.156885531667637;8.40043164273263;3.4863451481696686;0.0;0.0;0.0;0.0;0.0;0.0;3780.0;31034.0;31762.0;31762.0;31762.0;31762.0;31762.0;31762.0;31762.0;11.9010137900636;97.70795289969145;100.0;100.0;100.0;100.0;100.0;100.0;100.0;27982.0;3531.0;0.0;0.0;0.0;0.0;0.0;0.0;0.0;0.0;0.0;88.0989862099364;11.117058119765758;0.0;0.0;0.0;0.0;0.0;0.0;0.0;0.0;0.0;neos-933966;16;1648;0.051886;1594;0.056965;RED_SPLIT;26380;-23.927326757477708;23.927326757477708;61.091983446536986;61.091983446536986;0.39166066327535537;-4259.843793352581;4259.843793352581;<;-1502.1214559400064;1
31762.0;12047.0;2.636507014194405;0.0;0.0;0.0;0.0;12047.0;180618.0;180618.0;0.04720350823326686;27982.0;0.0;27982.0;3780.0;88.0989862099364;88.0989862099364;3780.0;11.9010137900636;0.0;0.0;0.0;0.0;5075.0;42.1266705403835;0.0;0.0;0.0;0.0;0.0;0.0;0.0;0.0;0.0;0.0;55.0;0.4565451979745995;0.0;0.0;0.0;0.0;0.0;0.0;0.0;0.0;0.0;0.0;3243.0;26.919565036938657;0.0;0.0;0.0;0.0;0.0;0.0;0.0;0.0;137527.0;76.14246642084399;137527.0;76.14246642084399;0.0;0.0;0.0;0.0;0.0;0.0;0.0;0.0;760.0;0.4207775526248768;0.0;0.0;0.0;0.0;0.0;0.0;0.0;0.0;0.0;0.0;34983.0;19.368501478257983;0.0;0.0;0.0;0.0;0.0;0.0;-1.0;1.0;0.9249022799499497;0.38020490862610556;1.0;0.0;3.7548860025025195;2.0;6782.0;3.7548860025025195;-1.0;1000.0;20.69951514388263;139.31092283530572;1000.0;0.0;5.783640828663182;3.0;1837.0;5.783640828663182;0.0;14.0;1.2471154644309788;1.1923547047933125;14.0;0.0;0.0;13.0;0.0;0.0;2.0;120.0;14.99277828505022;19.602610459409274;0.0;11.0;0.0;6.046042095752652;4385.0;5334.0;8414.0;11035.0;11627.0;12047.0;12047.0;12047.0;12047.0;36.39910351124762;44.27658338175479;69.84311446833237;91.59956835726737;96.51365485183034;100.0;100.0;100.0;100.0;7690.0;6805.0;3633.0;1012.0;420.0;0.0;0.0;0.0;0.0;0.0;0.0;63.83331949863037;56.48709222212999;30.156885531667637;8.40043164273263;3.4863451481696686;0.0;0.0;0.0;0.0;0.0;0.0;3780.0;31034.0;31762.0;31762.0;31762.0;31762.0;31762.0;31762.0;31762.0;11.9010137900636;97.70795289969145;100.0;100.0;100.0;100.0;100.0;100.0;100.0;27982.0;3531.0;0.0;0.0;0.0;0.0;0.0;0.0;0.0;0.0;0.0;88.0989862099364;11.117058119765758;0.0;0.0;0.0;0.0;0.0;0.0;0.0;0.0;0.0;neos-933966;16;1648;0.051886;1594;0.056965;RED_SPLIT;26417;-11.10807141936234;11.10807141936234;29.292614125299913;29.292614125299913;0.37921065603251647;-2092.636169297763;2092.636169297763;<;-712.7794825835606;1
31762.0;12047.0;2.636507014194405;0.0;0.0;0.0;0.0;12047.0;180618.0;180618.0;0.04720350823326686;27982.0;0.0;27982.0;3780.0;88.0989862099364;88.0989862099364;3780.0;11.9010137900636;0.0;0.0;0.0;0.0;5075.0;42.1266705403835;0.0;0.0;0.0;0.0;0.0;0.0;0.0;0.0;0.0;0.0;55.0;0.4565451979745995;0.0;0.0;0.0;0.0;0.0;0.0;0.0;0.0;0.0;0.0;3243.0;26.919565036938657;0.0;0.0;0.0;0.0;0.0;0.0;0.0;0.0;137527.0;76.14246642084399;137527.0;76.14246642084399;0.0;0.0;0.0;0.0;0.0;0.0;0.0;0.0;760.0;0.4207775526248768;0.0;0.0;0.0;0.0;0.0;0.0;0.0;0.0;0.0;0.0;34983.0;19.368501478257983;0.0;0.0;0.0;0.0;0.0;0.0;-1.0;1.0;0.9249022799499497;0.38020490862610556;1.0;0.0;3.7548860025025195;2.0;6782.0;3.7548860025025195;-1.0;1000.0;20.69951514388263;139.31092283530572;1000.0;0.0;5.783640828663182;3.0;1837.0;5.783640828663182;0.0;14.0;1.2471154644309788;1.1923547047933125;14.0;0.0;0.0;13.0;0.0;0.0;2.0;120.0;14.99277828505022;19.602610459409274;0.0;11.0;0.0;6.046042095752652;4385.0;5334.0;8414.0;11035.0;11627.0;12047.0;12047.0;12047.0;12047.0;36.39910351124762;44.27658338175479;69.84311446833237;91.59956835726737;96.51365485183034;100.0;100.0;100.0;100.0;7690.0;6805.0;3633.0;1012.0;420.0;0.0;0.0;0.0;0.0;0.0;0.0;63.83331949863037;56.48709222212999;30.156885531667637;8.40043164273263;3.4863451481696686;0.0;0.0;0.0;0.0;0.0;0.0;3780.0;31034.0;31762.0;31762.0;31762.0;31762.0;31762.0;31762.0;31762.0;11.9010137900636;97.70795289969145;100.0;100.0;100.0;100.0;100.0;100.0;100.0;27982.0;3531.0;0.0;0.0;0.0;0.0;0.0;0.0;0.0;0.0;0.0;88.0989862099364;11.117058119765758;0.0;0.0;0.0;0.0;0.0;0.0;0.0;0.0;0.0;neos-933966;16;1648;0.051886;1594;0.056965;RED_SPLIT;26300;-15.609768709223268;15.609768709223268;37.710909764568314;37.710909764568314;0.4139324351142966;-2741.4869804127493;2741.4869804127493;<;-939.4441936989058;1
31762.0;12047.0;2.636507014194405;0.0;0.0;0.0;0.0;12047.0;180618.0;180618.0;0.04720350823326686;27982.0;0.0;27982.0;3780.0;88.0989862099364;88.0989862099364;3780.0;11.9010137900636;0.0;0.0;0.0;0.0;5075.0;42.1266705403835;0.0;0.0;0.0;0.0;0.0;0.0;0.0;0.0;0.0;0.0;55.0;0.4565451979745995;0.0;0.0;0.0;0.0;0.0;0.0;0.0;0.0;0.0;0.0;3243.0;26.919565036938657;0.0;0.0;0.0;0.0;0.0;0.0;0.0;0.0;137527.0;76.14246642084399;137527.0;76.14246642084399;0.0;0.0;0.0;0.0;0.0;0.0;0.0;0.0;760.0;0.4207775526248768;0.0;0.0;0.0;0.0;0.0;0.0;0.0;0.0;0.0;0.0;34983.0;19.368501478257983;0.0;0.0;0.0;0.0;0.0;0.0;-1.0;1.0;0.9249022799499497;0.38020490862610556;1.0;0.0;3.7548860025025195;2.0;6782.0;3.7548860025025195;-1.0;1000.0;20.69951514388263;139.31092283530572;1000.0;0.0;5.783640828663182;3.0;1837.0;5.783640828663182;0.0;14.0;1.2471154644309788;1.1923547047933125;14.0;0.0;0.0;13.0;0.0;0.0;2.0;120.0;14.99277828505022;19.602610459409274;0.0;11.0;0.0;6.046042095752652;4385.0;5334.0;8414.0;11035.0;11627.0;12047.0;12047.0;12047.0;12047.0;36.39910351124762;44.27658338175479;69.84311446833237;91.59956835726737;96.51365485183034;100.0;100.0;100.0;100.0;7690.0;6805.0;3633.0;1012.0;420.0;0.0;0.0;0.0;0.0;0.0;0.0;63.83331949863037;56.48709222212999;30.156885531667637;8.40043164273263;3.4863451481696686;0.0;0.0;0.0;0.0;0.0;0.0;3780.0;31034.0;31762.0;31762.0;31762.0;31762.0;31762.0;31762.0;31762.0;11.9010137900636;97.70795289969145;100.0;100.0;100.0;100.0;100.0;100.0;100.0;27982.0;3531.0;0.0;0.0;0.0;0.0;0.0;0.0;0.0;0.0;0.0;88.0989862099364;11.117058119765758;0.0;0.0;0.0;0.0;0.0;0.0;0.0;0.0;0.0;neos-933966;16;1648;0.051886;1594;0.056965;RED_SPLIT;26681;-7.932938670168417;7.932938670168417;21.2299128662742;21.2299128662742;0.3736679806524627;-1456.5218036318806;1456.5218036318806;<;-481.28680586436144;1
31762.0;12047.0;2.636507014194405;0.0;0.0;0.0;0.0;12047.0;180618.0;180618.0;0.04720350823326686;27982.0;0.0;27982.0;3780.0;88.0989862099364;88.0989862099364;3780.0;11.9010137900636;0.0;0.0;0.0;0.0;5075.0;42.1266705403835;0.0;0.0;0.0;0.0;0.0;0.0;0.0;0.0;0.0;0.0;55.0;0.4565451979745995;0.0;0.0;0.0;0.0;0.0;0.0;0.0;0.0;0.0;0.0;3243.0;26.919565036938657;0.0;0.0;0.0;0.0;0.0;0.0;0.0;0.0;137527.0;76.14246642084399;137527.0;76.14246642084399;0.0;0.0;0.0;0.0;0.0;0.0;0.0;0.0;760.0;0.4207775526248768;0.0;0.0;0.0;0.0;0.0;0.0;0.0;0.0;0.0;0.0;34983.0;19.368501478257983;0.0;0.0;0.0;0.0;0.0;0.0;-1.0;1.0;0.9249022799499497;0.38020490862610556;1.0;0.0;3.7548860025025195;2.0;6782.0;3.7548860025025195;-1.0;1000.0;20.69951514388263;139.31092283530572;1000.0;0.0;5.783640828663182;3.0;1837.0;5.783640828663182;0.0;14.0;1.2471154644309788;1.1923547047933125;14.0;0.0;0.0;13.0;0.0;0.0;2.0;120.0;14.99277828505022;19.602610459409274;0.0;11.0;0.0;6.046042095752652;4385.0;5334.0;8414.0;11035.0;11627.0;12047.0;12047.0;12047.0;12047.0;36.39910351124762;44.27658338175479;69.84311446833237;91.59956835726737;96.51365485183034;100.0;100.0;100.0;100.0;7690.0;6805.0;3633.0;1012.0;420.0;0.0;0.0;0.0;0.0;0.0;0.0;63.83331949863037;56.48709222212999;30.156885531667637;8.40043164273263;3.4863451481696686;0.0;0.0;0.0;0.0;0.0;0.0;3780.0;31034.0;31762.0;31762.0;31762.0;31762.0;31762.0;31762.0;31762.0;11.9010137900636;97.70795289969145;100.0;100.0;100.0;100.0;100.0;100.0;100.0;27982.0;3531.0;0.0;0.0;0.0;0.0;0.0;0.0;0.0;0.0;0.0;88.0989862099364;11.117058119765758;0.0;0.0;0.0;0.0;0.0;0.0;0.0;0.0;0.0;neos-933966;16;1648;0.051886;1594;0.056965;RED_SPLIT;26337;-15.906398225581334;15.906398225581334;44.09291934764881;44.09291934764881;0.36074722338450743;-2937.0850581265845;2937.0850581265845;<;-1023.6983015827236;1
31762.0;12047.0;2.636507014194405;0.0;0.0;0.0;0.0;12047.0;180618.0;180618.0;0.04720350823326686;27982.0;0.0;27982.0;3780.0;88.0989862099364;88.0989862099364;3780.0;11.9010137900636;0.0;0.0;0.0;0.0;5075.0;42.1266705403835;0.0;0.0;0.0;0.0;0.0;0.0;0.0;0.0;0.0;0.0;55.0;0.4565451979745995;0.0;0.0;0.0;0.0;0.0;0.0;0.0;0.0;0.0;0.0;3243.0;26.919565036938657;0.0;0.0;0.0;0.0;0.0;0.0;0.0;0.0;137527.0;76.14246642084399;137527.0;76.14246642084399;0.0;0.0;0.0;0.0;0.0;0.0;0.0;0.0;760.0;0.4207775526248768;0.0;0.0;0.0;0.0;0.0;0.0;0.0;0.0;0.0;0.0;34983.0;19.368501478257983;0.0;0.0;0.0;0.0;0.0;0.0;-1.0;1.0;0.9249022799499497;0.38020490862610556;1.0;0.0;3.7548860025025195;2.0;6782.0;3.7548860025025195;-1.0;1000.0;20.69951514388263;139.31092283530572;1000.0;0.0;5.783640828663182;3.0;1837.0;5.783640828663182;0.0;14.0;1.2471154644309788;1.1923547047933125;14.0;0.0;0.0;13.0;0.0;0.0;2.0;120.0;14.99277828505022;19.602610459409274;0.0;11.0;0.0;6.046042095752652;4385.0;5334.0;8414.0;11035.0;11627.0;12047.0;12047.0;12047.0;12047.0;36.39910351124762;44.27658338175479;69.84311446833237;91.59956835726737;96.51365485183034;100.0;100.0;100.0;100.0;7690.0;6805.0;3633.0;1012.0;420.0;0.0;0.0;0.0;0.0;0.0;0.0;63.83331949863037;56.48709222212999;30.156885531667637;8.40043164273263;3.4863451481696686;0.0;0.0;0.0;0.0;0.0;0.0;3780.0;31034.0;31762.0;31762.0;31762.0;31762.0;31762.0;31762.0;31762.0;11.9010137900636;97.70795289969145;100.0;100.0;100.0;100.0;100.0;100.0;100.0;27982.0;3531.0;0.0;0.0;0.0;0.0;0.0;0.0;0.0;0.0;0.0;88.0989862099364;11.117058119765758;0.0;0.0;0.0;0.0;0.0;0.0;0.0;0.0;0.0;neos-933966;16;1648;0.051886;1594;0.056965;RED_SPLIT;26489;-17.284755248184535;17.284755248184535;48.316714321633285;48.316714321633285;0.35773863125550887;-3283.583785180781;3283.583785180781;<;-1143.1977747152027;1
31762.0;12047.0;2.636507014194405;0.0;0.0;0.0;0.0;12047.0;180618.0;180618.0;0.04720350823326686;27982.0;0.0;27982.0;3780.0;88.0989862099364;88.0989862099364;3780.0;11.9010137900636;0.0;0.0;0.0;0.0;5075.0;42.1266705403835;0.0;0.0;0.0;0.0;0.0;0.0;0.0;0.0;0.0;0.0;55.0;0.4565451979745995;0.0;0.0;0.0;0.0;0.0;0.0;0.0;0.0;0.0;0.0;3243.0;26.919565036938657;0.0;0.0;0.0;0.0;0.0;0.0;0.0;0.0;137527.0;76.14246642084399;137527.0;76.14246642084399;0.0;0.0;0.0;0.0;0.0;0.0;0.0;0.0;760.0;0.4207775526248768;0.0;0.0;0.0;0.0;0.0;0.0;0.0;0.0;0.0;0.0;34983.0;19.368501478257983;0.0;0.0;0.0;0.0;0.0;0.0;-1.0;1.0;0.9249022799499497;0.38020490862610556;1.0;0.0;3.7548860025025195;2.0;6782.0;3.7548860025025195;-1.0;1000.0;20.69951514388263;139.31092283530572;1000.0;0.0;5.783640828663182;3.0;1837.0;5.783640828663182;0.0;14.0;1.2471154644309788;1.1923547047933125;14.0;0.0;0.0;13.0;0.0;0.0;2.0;120.0;14.99277828505022;19.602610459409274;0.0;11.0;0.0;6.046042095752652;4385.0;5334.0;8414.0;11035.0;11627.0;12047.0;12047.0;12047.0;12047.0;36.39910351124762;44.27658338175479;69.84311446833237;91.59956835726737;96.51365485183034;100.0;100.0;100.0;100.0;7690.0;6805.0;3633.0;1012.0;420.0;0.0;0.0;0.0;0.0;0.0;0.0;63.83331949863037;56.48709222212999;30.156885531667637;8.40043164273263;3.4863451481696686;0.0;0.0;0.0;0.0;0.0;0.0;3780.0;31034.0;31762.0;31762.0;31762.0;31762.0;31762.0;31762.0;31762.0;11.9010137900636;97.70795289969145;100.0;100.0;100.0;100.0;100.0;100.0;100.0;27982.0;3531.0;0.0;0.0;0.0;0.0;0.0;0.0;0.0;0.0;0.0;88.0989862099364;11.117058119765758;0.0;0.0;0.0;0.0;0.0;0.0;0.0;0.0;0.0;neos-933966;16;1648;0.051886;1594;0.056965;RED_SPLIT;26520;-19.42890042172858;19.42890042172858;59.414503115095236;59.414503115095236;0.3270060238338061;-3977.5609171068318;3977.5609171068318;<;-1383.4843690672456;1
31762.0;12047.0;2.636507014194405;0.0;0.0;0.0;0.0;12047.0;180618.0;180618.0;0.04720350823326686;27982.0;0.0;27982.0;3780.0;88.0989862099364;88.0989862099364;3780.0;11.9010137900636;0.0;0.0;0.0;0.0;5075.0;42.1266705403835;0.0;0.0;0.0;0.0;0.0;0.0;0.0;0.0;0.0;0.0;55.0;0.4565451979745995;0.0;0.0;0.0;0.0;0.0;0.0;0.0;0.0;0.0;0.0;3243.0;26.919565036938657;0.0;0.0;0.0;0.0;0.0;0.0;0.0;0.0;137527.0;76.14246642084399;137527.0;76.14246642084399;0.0;0.0;0.0;0.0;0.0;0.0;0.0;0.0;760.0;0.4207775526248768;0.0;0.0;0.0;0.0;0.0;0.0;0.0;0.0;0.0;0.0;34983.0;19.368501478257983;0.0;0.0;0.0;0.0;0.0;0.0;-1.0;1.0;0.9249022799499497;0.38020490862610556;1.0;0.0;3.7548860025025195;2.0;6782.0;3.7548860025025195;-1.0;1000.0;20.69951514388263;139.31092283530572;1000.0;0.0;5.783640828663182;3.0;1837.0;5.783640828663182;0.0;14.0;1.2471154644309788;1.1923547047933125;14.0;0.0;0.0;13.0;0.0;0.0;2.0;120.0;14.99277828505022;19.602610459409274;0.0;11.0;0.0;6.046042095752652;4385.0;5334.0;8414.0;11035.0;11627.0;12047.0;12047.0;12047.0;12047.0;36.39910351124762;44.27658338175479;69.84311446833237;91.59956835726737;96.51365485183034;100.0;100.0;100.0;100.0;7690.0;6805.0;3633.0;1012.0;420.0;0.0;0.0;0.0;0.0;0.0;0.0;63.83331949863037;56.48709222212999;30.156885531667637;8.40043164273263;3.4863451481696686;0.0;0.0;0.0;0.0;0.0;0.0;3780.0;31034.0;31762.0;31762.0;31762.0;31762.0;31762.0;31762.0;31762.0;11.9010137900636;97.70795289969145;100.0;100.0;100.0;100.0;100.0;100.0;100.0;27982.0;3531.0;0.0;0.0;0.0;0.0;0.0;0.0;0.0;0.0;0.0;88.0989862099364;11.117058119765758;0.0;0.0;0.0;0.0;0.0;0.0;0.0;0.0;0.0;neos-933966;16;1648;0.051886;1594;0.056965;RED_SPLIT;26528;-11.54312791625354;11.54312791625354;31.522196800877268;31.522196800877268;0.36619046537810757;-2242.6095022709196;2242.6095022709196;<;-771.0237199649005;1
31762.0;12047.0;2.636507014194405;0.0;0.0;0.0;0.0;12047.0;180618.0;180618.0;0.04720350823326686;27982.0;0.0;27982.0;3780.0;88.0989862099364;88.0989862099364;3780.0;11.9010137900636;0.0;0.0;0.0;0.0;5075.0;42.1266705403835;0.0;0.0;0.0;0.0;0.0;0.0;0.0;0.0;0.0;0.0;55.0;0.4565451979745995;0.0;0.0;0.0;0.0;0.0;0.0;0.0;0.0;0.0;0.0;3243.0;26.919565036938657;0.0;0.0;0.0;0.0;0.0;0.0;0.0;0.0;137527.0;76.14246642084399;137527.0;76.14246642084399;0.0;0.0;0.0;0.0;0.0;0.0;0.0;0.0;760.0;0.4207775526248768;0.0;0.0;0.0;0.0;0.0;0.0;0.0;0.0;0.0;0.0;34983.0;19.368501478257983;0.0;0.0;0.0;0.0;0.0;0.0;-1.0;1.0;0.9249022799499497;0.38020490862610556;1.0;0.0;3.7548860025025195;2.0;6782.0;3.7548860025025195;-1.0;1000.0;20.69951514388263;139.31092283530572;1000.0;0.0;5.783640828663182;3.0;1837.0;5.783640828663182;0.0;14.0;1.2471154644309788;1.1923547047933125;14.0;0.0;0.0;13.0;0.0;0.0;2.0;120.0;14.99277828505022;19.602610459409274;0.0;11.0;0.0;6.046042095752652;4385.0;5334.0;8414.0;11035.0;11627.0;12047.0;12047.0;12047.0;12047.0;36.39910351124762;44.27658338175479;69.84311446833237;91.59956835726737;96.51365485183034;100.0;100.0;100.0;100.0;7690.0;6805.0;3633.0;1012.0;420.0;0.0;0.0;0.0;0.0;0.0;0.0;63.83331949863037;56.48709222212999;30.156885531667637;8.40043164273263;3.4863451481696686;0.0;0.0;0.0;0.0;0.0;0.0;3780.0;31034.0;31762.0;31762.0;31762.0;31762.0;31762.0;31762.0;31762.0;11.9010137900636;97.70795289969145;100.0;100.0;100.0;100.0;100.0;100.0;100.0;27982.0;3531.0;0.0;0.0;0.0;0.0;0.0;0.0;0.0;0.0;0.0;88.0989862099364;11.117058119765758;0.0;0.0;0.0;0.0;0.0;0.0;0.0;0.0;0.0;neos-933966;16;1648;0.051886;1594;0.056965;RED_SPLIT;26328;-22.506443820036726;22.506443820036726;58.76118470896445;58.76118470896445;0.383015487715366;-4245.9739191175295;4245.9739191175295;<;-1467.1128764288674;1
31762.0;12047.0;2.636507014194405;0.0;0.0;0.0;0.0;12047.0;180618.0;180618.0;0.04720350823326686;27982.0;0.0;27982.0;3780.0;88.0989862099364;88.0989862099364;3780.0;11.9010137900636;0.0;0.0;0.0;0.0;5075.0;42.1266705403835;0.0;0.0;0.0;0.0;0.0;0.0;0.0;0.0;0.0;0.0;55.0;0.4565451979745995;0.0;0.0;0.0;0.0;0.0;0.0;0.0;0.0;0.0;0.0;3243.0;26.919565036938657;0.0;0.0;0.0;0.0;0.0;0.0;0.0;0.0;137527.0;76.14246642084399;137527.0;76.14246642084399;0.0;0.0;0.0;0.0;0.0;0.0;0.0;0.0;760.0;0.4207775526248768;0.0;0.0;0.0;0.0;0.0;0.0;0.0;0.0;0.0;0.0;34983.0;19.368501478257983;0.0;0.0;0.0;0.0;0.0;0.0;-1.0;1.0;0.9249022799499497;0.38020490862610556;1.0;0.0;3.7548860025025195;2.0;6782.0;3.7548860025025195;-1.0;1000.0;20.69951514388263;139.31092283530572;1000.0;0.0;5.783640828663182;3.0;1837.0;5.783640828663182;0.0;14.0;1.2471154644309788;1.1923547047933125;14.0;0.0;0.0;13.0;0.0;0.0;2.0;120.0;14.99277828505022;19.602610459409274;0.0;11.0;0.0;6.046042095752652;4385.0;5334.0;8414.0;11035.0;11627.0;12047.0;12047.0;12047.0;12047.0;36.39910351124762;44.27658338175479;69.84311446833237;91.59956835726737;96.51365485183034;100.0;100.0;100.0;100.0;7690.0;6805.0;3633.0;1012.0;420.0;0.0;0.0;0.0;0.0;0.0;0.0;63.83331949863037;56.48709222212999;30.156885531667637;8.40043164273263;3.4863451481696686;0.0;0.0;0.0;0.0;0.0;0.0;3780.0;31034.0;31762.0;31762.0;31762.0;31762.0;31762.0;31762.0;31762.0;11.9010137900636;97.70795289969145;100.0;100.0;100.0;100.0;100.0;100.0;100.0;27982.0;3531.0;0.0;0.0;0.0;0.0;0.0;0.0;0.0;0.0;0.0;88.0989862099364;11.117058119765758;0.0;0.0;0.0;0.0;0.0;0.0;0.0;0.0;0.0;neos-933966;16;1648;0.051886;1594;0.056965;RED_SPLIT;26484;-14.122259997282056;14.122259997282056;38.82075098406355;38.82075098406355;0.36378121595533885;-2664.109672093885;2664.109672093885;<;-907.7770374642782;1
31762.0;12047.0;2.636507014194405;0.0;0.0;0.0;0.0;12047.0;180618.0;180618.0;0.04720350823326686;27982.0;0.0;27982.0;3780.0;88.0989862099364;88.0989862099364;3780.0;11.9010137900636;0.0;0.0;0.0;0.0;5075.0;42.1266705403835;0.0;0.0;0.0;0.0;0.0;0.0;0.0;0.0;0.0;0.0;55.0;0.4565451979745995;0.0;0.0;0.0;0.0;0.0;0.0;0.0;0.0;0.0;0.0;3243.0;26.919565036938657;0.0;0.0;0.0;0.0;0.0;0.0;0.0;0.0;137527.0;76.14246642084399;137527.0;76.14246642084399;0.0;0.0;0.0;0.0;0.0;0.0;0.0;0.0;760.0;0.4207775526248768;0.0;0.0;0.0;0.0;0.0;0.0;0.0;0.0;0.0;0.0;34983.0;19.368501478257983;0.0;0.0;0.0;0.0;0.0;0.0;-1.0;1.0;0.9249022799499497;0.38020490862610556;1.0;0.0;3.7548860025025195;2.0;6782.0;3.7548860025025195;-1.0;1000.0;20.69951514388263;139.31092283530572;1000.0;0.0;5.783640828663182;3.0;1837.0;5.783640828663182;0.0;14.0;1.2471154644309788;1.1923547047933125;14.0;0.0;0.0;13.0;0.0;0.0;2.0;120.0;14.99277828505022;19.602610459409274;0.0;11.0;0.0;6.046042095752652;4385.0;5334.0;8414.0;11035.0;11627.0;12047.0;12047.0;12047.0;12047.0;36.39910351124762;44.27658338175479;69.84311446833237;91.59956835726737;96.51365485183034;100.0;100.0;100.0;100.0;7690.0;6805.0;3633.0;1012.0;420.0;0.0;0.0;0.0;0.0;0.0;0.0;63.83331949863037;56.48709222212999;30.156885531667637;8.40043164273263;3.4863451481696686;0.0;0.0;0.0;0.0;0.0;0.0;3780.0;31034.0;31762.0;31762.0;31762.0;31762.0;31762.0;31762.0;31762.0;11.9010137900636;97.70795289969145;100.0;100.0;100.0;100.0;100.0;100.0;100.0;27982.0;3531.0;0.0;0.0;0.0;0.0;0.0;0.0;0.0;0.0;0.0;88.0989862099364;11.117058119765758;0.0;0.0;0.0;0.0;0.0;0.0;0.0;0.0;0.0;neos-933966;16;1648;0.051886;1594;0.056965;RED_SPLIT;26785;-13.409462101268446;13.409462101268446;38.45112509977156;38.45112509977156;0.3487404352011565;-2649.55592395913;2649.55592395913;<;-875.3156725905683;1
31762.0;12047.0;2.636507014194405;0.0;0.0;0.0;0.0;12047.0;180618.0;180618.0;0.04720350823326686;27982.0;0.0;27982.0;3780.0;88.0989862099364;88.0989862099364;3780.0;11.9010137900636;0.0;0.0;0.0;0.0;5075.0;42.1266705403835;0.0;0.0;0.0;0.0;0.0;0.0;0.0;0.0;0.0;0.0;55.0;0.4565451979745995;0.0;0.0;0.0;0.0;0.0;0.0;0.0;0.0;0.0;0.0;3243.0;26.919565036938657;0.0;0.0;0.0;0.0;0.0;0.0;0.0;0.0;137527.0;76.14246642084399;137527.0;76.14246642084399;0.0;0.0;0.0;0.0;0.0;0.0;0.0;0.0;760.0;0.4207775526248768;0.0;0.0;0.0;0.0;0.0;0.0;0.0;0.0;0.0;0.0;34983.0;19.368501478257983;0.0;0.0;0.0;0.0;0.0;0.0;-1.0;1.0;0.9249022799499497;0.38020490862610556;1.0;0.0;3.7548860025025195;2.0;6782.0;3.7548860025025195;-1.0;1000.0;20.69951514388263;139.31092283530572;1000.0;0.0;5.783640828663182;3.0;1837.0;5.783640828663182;0.0;14.0;1.2471154644309788;1.1923547047933125;14.0;0.0;0.0;13.0;0.0;0.0;2.0;120.0;14.99277828505022;19.602610459409274;0.0;11.0;0.0;6.046042095752652;4385.0;5334.0;8414.0;11035.0;11627.0;12047.0;12047.0;12047.0;12047.0;36.39910351124762;44.27658338175479;69.84311446833237;91.59956835726737;96.51365485183034;100.0;100.0;100.0;100.0;7690.0;6805.0;3633.0;1012.0;420.0;0.0;0.0;0.0;0.0;0.0;0.0;63.83331949863037;56.48709222212999;30.156885531667637;8.40043164273263;3.4863451481696686;0.0;0.0;0.0;0.0;0.0;0.0;3780.0;31034.0;31762.0;31762.0;31762.0;31762.0;31762.0;31762.0;31762.0;11.9010137900636;97.70795289969145;100.0;100.0;100.0;100.0;100.0;100.0;100.0;27982.0;3531.0;0.0;0.0;0.0;0.0;0.0;0.0;0.0;0.0;0.0;88.0989862099364;11.117058119765758;0.0;0.0;0.0;0.0;0.0;0.0;0.0;0.0;0.0;neos-933966;16;1648;0.051886;1594;0.056965;RED_SPLIT;26261;-20.384315433787528;20.384315433787528;55.22526031422174;55.22526031422174;0.3691121656612293;-3613.105896999793;3613.105896999793;<;-1257.9799881667536;1
cols;rows;colsPerRow;equalities;nzEqualities;percEqualities;percNzEqualities;inequalities;nzInequalities;nz;density;bin;genInt;integer;continuous;percInteger;percBin;nUnbounded1;percUnbounded1;nUnbounded2;percUnbounded2;rPartitioning;rPercPartitioning;rPacking;rPercPacking;rPartPacking;rPercRowsPartPacking;rCovering;rPercCovering;rCardinality;rPercCardinality;rKnapsack;rPercKnapsack;rIntegerKnapsack;rPercIntegerKnapsack;rInvKnapsack;rPercInvKnapsack;rSingleton;rPercSingleton;rAggre;rPercAggre;rPrec;rPercPrec;rVarBnd;rPercVarBnd;rBinPacking;rPercBinPacking;rMixedBin;rPercMixedBin;rGenInt;rPercGenInt;rFlowBin;rPercFlowBin;rFlowMx;rPercFlowMx;rNzRowsPartitioning;rNzPercRowsPartitioning;rNzRowsPacking;rNzPercRowsPacking;rNzrowsPartPacking;rNzpercRowsPartPacking;rNzRowsCovering;rNzPercRowsCovering;rNzRowsCardinality;rNzPercRowsCardinality;rNzRowsKnapsack;rNzPercRowsKnapsack;rNzRowsIntegerKnapsack;rNzPercRowsIntegerKnapsack;rNzRowsInvKnapsack;rNzPercRowsInvKnapsack;rNzRowsSingleton;rNzPercRowsSingleton;rNzRowsAggr;rNzPercRowsAggr;rNzRowsPrec;rNzPercRowsPrec;rNzRowsVarBnd;rNzPercRowsVarBnd;rNzRowsBinPacking;rNzPercRowsBinPacking;rNzRowsMixedBin;rNzPercRowsMixedBin;rNzRowsGenInt;rNzPercRowsGenInt;rNzRowsFlowBin;rNzPercRowsFlowBin;rNzRowsFlowMx;rNzPercRowsFlowMx;aMin;aMax;aAvg;aStdDev;aRatioLSA;aAllInt;aPercInt;aDiffVal;anShortInts;apercShortInts;objMin;objMax;objAvg;objStdDev;objRatioLSA;objAllInt;objPercInt;objDiffVal;objnShortInts;objpercShortInts;rhsMin;rhsMax;rhsAvg;rhsStdDev;rhsRatioLSA;rhsAllInt;rhsPercInt;rhsDiffVal;rhsnShortInts;rhspercShortInts;rowNzMin;rowNzMax;rowNzAvg;rowNzStdDev;colNzMin;colNzMax;colNzAvg;colNzStdDev;rowsLess4Nz;rowsLess8Nz;rowsLess16Nz;rowsLess32Nz;rowsLess64Nz;rowsLess128Nz;rowsLess256Nz;rowsLess512Nz;rowsLess1024Nz;percRowsLess4Nz;percRowsLess8Nz;percRowsLess16Nz;percRowsLess32Nz;percRowsLess64Nz;percRowsLess128Nz;percRowsLess256Nz;percRowsLess512Nz;percRowsLess1024Nz;rowsLeast4Nz;rowsLeast8Nz;rowsLeast16Nz;rowsLeast32Nz;rowsLeast64Nz;rowsLeast128Nz;rowsLeast256Nz;rowsLeast512Nz;rowsLeast1024Nz;rowsLeast2048Nz;rowsLeast4096Nz;percRowsLeast4Nz;percRowsLeast8Nz;percRowsLeast16Nz;percRowsLeast32Nz;percRowsLeast64Nz;percRowsLeast128Nz;percRowsLeast256Nz;percRowsLeast512Nz;percRowsLeast1024Nz;percRowsLeast2048Nz;percRowsLeast4096Nz;colsLess4Nz;colsLess8Nz;colsLess16Nz;colsLess32Nz;colsLess64Nz;colsLess128Nz;colsLess256Nz;colsLess512Nz;colsLess1024Nz;percColsLess4Nz;percColsLess8Nz;percColsLess16Nz;percColsLess32Nz;percColsLess64Nz;percColsLess128Nz;percColsLess256Nz;percColsLess512Nz;percColsLess1024Nz;colsLeast4Nz;colsLeast8Nz;colsLeast16Nz;colsLeast32Nz;colsLeast64Nz;colsLeast128Nz;colsLeast256Nz;colsLeast512Nz;colsLeast1024Nz;colsLeast2048Nz;colsLeast4096Nz;percColsLeast4Nz;percColsLeast8Nz;perccolsLeast16Nz;perccolsLeast32Nz;perccolsLeast64Nz;perccolsLeast128Nz;perccolsLeast256Nz;perccolsLeast512Nz;perccolsLeast1024Nz;perccolsLeast2048Nz;perccolsLeast4096Nz;instance;relax_iteration;nonzeros;pct_nonzeros;unsatisfied_var;pct_unsatisfied_var;cut_type;n_variables_coef_nonzero;abs_minor_absolute_coef;minor_absolute_coef;abs_major_absolute_coef;major_absolute_coef;abs_ratio_minor_major_coef;abs_rhs;rhs;sense;diff;label
cols;rows;colsPerRow;equalities;nzEqualities;percEqualities;percNzEqualities;inequalities;nzInequalities;nz;density;bin;genInt;integer;continuous;percInteger;percBin;nUnbounded1;percUnbounded1;nUnbounded2;percUnbounded2;rPartitioning;rPercPartitioning;rPacking;rPercPacking;rPartPacking;rPercRowsPartPacking;rCovering;rPercCovering;rCardinality;rPercCardinality;rKnapsack;rPercKnapsack;rIntegerKnapsack;rPercIntegerKnapsack;rInvKnapsack;rPercInvKnapsack;rSingleton;rPercSingleton;rAggre;rPercAggre;rPrec;rPercPrec;rVarBnd;rPercVarBnd;rBinPacking;rPercBinPacking;rMixedBin;rPercMixedBin;rGenInt;rPercGenInt;rFlowBin;rPercFlowBin;rFlowMx;rPercFlowMx;rNzRowsPartitioning;rNzPercRowsPartitioning;rNzRowsPacking;rNzPercRowsPacking;rNzrowsPartPacking;rNzpercRowsPartPacking;rNzRowsCovering;rNzPercRowsCovering;rNzRowsCardinality;rNzPercRowsCardinality;rNzRowsKnapsack;rNzPercRowsKnapsack;rNzRowsIntegerKnapsack;rNzPercRowsIntegerKnapsack;rNzRowsInvKnapsack;rNzPercRowsInvKnapsack;rNzRowsSingleton;rNzPercRowsSingleton;rNzRowsAggr;rNzPercRowsAggr;rNzRowsPrec;rNzPercRowsPrec;rNzRowsVarBnd;rNzPercRowsVarBnd;rNzRowsBinPacking;rNzPercRowsBinPacking;rNzRowsMixedBin;rNzPercRowsMixedBin;rNzRowsGenInt;rNzPercRowsGenInt;rNzRowsFlowBin;rNzPercRowsFlowBin;rNzRowsFlowMx;rNzPercRowsFlowMx;aMin;aMax;aAvg;aStdDev;aRatioLSA;aAllInt;aPercInt;aDiffVal;anShortInts;apercShortInts;objMin;objMax;objAvg;objStdDev;objRatioLSA;objAllInt;objPercInt;objDiffVal;objnShortInts;objpercShortInts;rhsMin;rhsMax;rhsAvg;rhsStdDev;rhsRatioLSA;rhsAllInt;rhsPercInt;rhsDiffVal;rhsnShortInts;rhspercShortInts;rowNzMin;rowNzMax;rowNzAvg;rowNzStdDev;colNzMin;colNzMax;colNzAvg;colNzStdDev;rowsLess4Nz;rowsLess8Nz;rowsLess16Nz;rowsLess32Nz;rowsLess64Nz;rowsLess128Nz;rowsLess256Nz;rowsLess512Nz;rowsLess1024Nz;percRowsLess4Nz;percRowsLess8Nz;percRowsLess16Nz;percRowsLess32Nz;percRowsLess64Nz;percRowsLess128Nz;percRowsLess256Nz;percRowsLess512Nz;percRowsLess1024Nz;rowsLeast4Nz;rowsLeast8Nz;rowsLeast16Nz;rowsLeast32Nz;rowsLeast64Nz;rowsLeast128Nz;rowsLeast256Nz;rowsLeast512Nz;rowsLeast1024Nz;rowsLeast2048Nz;rowsLeast4096Nz;percRowsLeast4Nz;percRowsLeast8Nz;percRowsLeast16Nz;percRowsLeast32Nz;percRowsLeast64Nz;percRowsLeast128Nz;percRowsLeast256Nz;percRowsLeast512Nz;percRowsLeast1024Nz;percRowsLeast2048Nz;percRowsLeast4096Nz;colsLess4Nz;colsLess8Nz;colsLess16Nz;colsLess32Nz;colsLess64Nz;colsLess128Nz;colsLess256Nz;colsLess512Nz;colsLess1024Nz;percColsLess4Nz;percColsLess8Nz;percColsLess16Nz;percColsLess32Nz;percColsLess64Nz;percColsLess128Nz;percColsLess256Nz;percColsLess512Nz;percColsLess1024Nz;colsLeast4Nz;colsLeast8Nz;colsLeast16Nz;colsLeast32Nz;colsLeast64Nz;colsLeast128Nz;colsLeast256Nz;colsLeast512Nz;colsLeast1024Nz;colsLeast2048Nz;colsLeast4096Nz;percColsLeast4Nz;percColsLeast8Nz;perccolsLeast16Nz;perccolsLeast32Nz;perccolsLeast64Nz;perccolsLeast128Nz;perccolsLeast256Nz;perccolsLeast512Nz;perccolsLeast1024Nz;perccolsLeast2048Nz;perccolsLeast4096Nz;instance;relax_iteration;nonzeros;pct_nonzeros;unsatisfied_var;pct_unsatisfied_var;cut_type;n_variables_coef_nonzero;abs_minor_absolute_coef;minor_absolute_coef;abs_major_absolute_coef;major_absolute_coef;abs_ratio_minor_major_coef;abs_rhs;rhs;sense;diff;label
