objval : -7558.797436
exactobjval : -0.75587973786689299954e4
intviol : 0
consviol : 8.562e-07
objviol : 1.961e-07
date : 2018-10-22
submitter : "-"
description : |
  Solution found during MIPLIB2017 problem selection.
