objval : 572103066654.1699
exactobjval : 0.5721030666541697e12
intviol : 3.9e-13
consviol : 2.3283064365387e-10
objviol : 0.0002008092894942909
date : 2018-10-12
submitter : "-"
description : |
  Solution imported from MIPLIB2010.
