objval : -59.44279500451356
exactobjval : -0.1003e21
intviol : 0
consviol : 1e-12
objviol : 9.849999999999999e-15
date : 2018-10-11
submitter : "-"
description : |
  Solution found during MIPLIB2017 problem selection.
