objval : 6382.099048245999
exactobjval : 0.638209905e4
intviol : 2.74361687991e-06
consviol : 9.429683203168117e-10
objviol : 4.987249474023998e-10
date : 2018-10-11
submitter : "-"
description : |
  Solution found during MIPLIB2017 problem selection.
