objval : 2.1416
exactobjval : 0.21416e1
intviol : 3.599999999999999e-15
consviol : 4.4e-15
objviol : 1.4739e-16
date : 2018-10-16
submitter : "-"
description : |
  Solution found during MIPLIB2017 problem selection.
