objval : 880.9201079999999
exactobjval : 0.80337388832975940051245291571264e3
intviol : 0
consviol : 0
objviol : 0
date : 2018-10-29
submitter : "-"
description : |
  Solution found during MIPLIB2017 problem selection.