objval : 91395.84914999999
exactobjval : 0.91395849151611273e5
intviol : 2.0119331e-08
consviol : 3.457e-07
objviol : 9.029647689104599e-07
date : 2018-10-10
submitter : "-"
description : |
  Solution found during MIPLIB2017 problem selection.
