objval : 6649.999999999997
exactobjval : 0.665e4
intviol : 5.299999999999999e-15
consviol : 5.979419999999999e-11
objviol : 2.139e-13
date : 2018-10-16
submitter : "-"
description : |
  Solution found during MIPLIB2017 problem selection.
