objval : 4025.023580799998
exactobjval : 0.40250235808e4
intviol : 8.699999999999999e-15
consviol : 8e-14
objviol : 0
date : 2018-10-12
submitter : "-"
description : |
  Solution found during MIPLIB2017 problem selection.
