objval : -35.45718061898704
exactobjval : -0.35457180618987037085e2
intviol : 0
consviol : 2.12e-15
objviol : 1.915e-15
date : 2020-04-22
submitter : " Edward Rothberg"
description : |
   Obtained with the Gurobi solution improvement heuristic
