objval : 1077.559999999999
exactobjval : 0.107756e4
intviol : 3e-16
consviol : 5.767999999999999e-14
objviol : 1e-12
date : 2018-10-11
submitter : "-"
description : |
  Solution found during MIPLIB2017 problem selection.
