objval : 1186691
exactobjval : 0.1186691e7
intviol : 0
consviol : 1.14791509631118e-11
objviol : 8.123663591411065e-11
date : 2020-04-22
submitter : " Edward Rothberg"
description : |
   Obtained with the Gurobi solution improvement heuristic
